7.707591916002014279e+07
7.692637045594784617e+07
7.678753083992072940e+07
7.662630204981175065e+07
7.647141354243533313e+07
7.632733267949350178e+07
7.616983829175598919e+07
7.601315955084994435e+07
7.585564595457243919e+07
7.569183500847145915e+07
7.553635508191001415e+07
7.536595450930592418e+07
7.521073154356494546e+07
7.503183959505593777e+07
7.487307223312619328e+07
7.470291082095682621e+07
7.454188269934368134e+07
7.437967856173107028e+07
7.419082900307419896e+07
7.403139389148068428e+07
7.386569780641704798e+07
7.368065037474888563e+07
7.351200252776144445e+07
7.332960973318740726e+07
7.316593153914630413e+07
7.299501936155721545e+07
7.281450458936291933e+07
7.264120687295690179e+07
7.246359996526223421e+07
7.229236034477582574e+07
7.212108281697066128e+07
7.195021458951127529e+07
7.179296913731768727e+07
7.160819083209788799e+07
7.143100760602930188e+07
7.126271474304603040e+07
7.111933779635214806e+07
7.095202158019387722e+07
7.079940311450985074e+07
7.063631060568049550e+07
7.048800883374351263e+07
7.033280148678299785e+07
7.017983829758939147e+07
7.003432066581784189e+07
6.990907074376490712e+07
6.976943069817878306e+07
6.963410492233490944e+07
6.950397693284235895e+07
6.937557663200859725e+07
6.925316164826077223e+07
6.018558679946054400e+16
5.987850091984680800e+16
5.959107364429892800e+16
5.930852790433452800e+16
5.902621454233288800e+16
5.874573635438676000e+16
5.847018895303614400e+16
5.822538384135977600e+16
5.797620221867139200e+16
5.772926979018627200e+16
5.747524305993735200e+16
5.724730868620998400e+16
5.701214185292436800e+16
5.678594835077145600e+16
5.656061676899691200e+16
5.634269499277556800e+16
5.614952818884812800e+16
5.593870912203868000e+16
5.573871444334555200e+16
5.554308113464131200e+16
5.535381976750727200e+16
5.516272130590608000e+16
5.498178495329820800e+16
5.480715002229388800e+16
5.463033281383460800e+16
5.447056450591490400e+16
5.430322921111282400e+16
5.414915146284376800e+16
5.399976808690409600e+16
5.387082985952738400e+16
5.373776890767083200e+16
5.360721122478097600e+16
5.347894337442899200e+16
5.333678483608142400e+16
5.321204706783022400e+16
5.307668993595552800e+16
5.295996417841958400e+16
5.285448013340771200e+16
5.274430423004208800e+16
5.264006412713184000e+16
5.255523768432326400e+16
5.243977262541525600e+16
5.234705405165688000e+16
5.226261938694808800e+16
5.215534370152581600e+16
5.207324926619918400e+16
5.199171162260496000e+16
5.190947941074162400e+16
5.183529217467953600e+16
5.176095544684678400e+16
2.872033871685596484e+13
2.856485283840528125e+13
2.841738466852853125e+13
2.828917005685827344e+13
2.815348734056655078e+13
2.800259941341033203e+13
2.785035663992186719e+13
2.769377538489564844e+13
2.756907958362100391e+13
2.742912004323171484e+13
2.728045539925206641e+13
2.712801071355084375e+13
2.700134645357846875e+13
2.685463320393628125e+13
2.668978708971141406e+13
2.653115930858427734e+13
2.638062756396741406e+13
2.622395480309353906e+13
2.606181371521811719e+13
2.588351400929706641e+13
2.569732435357927344e+13
2.550857266977057812e+13
2.531815536522569922e+13
2.510038486566341016e+13
2.488595610183206250e+13
2.465109766592753516e+13
2.441296574822885547e+13
2.417017512916753125e+13
2.392747633150769531e+13
2.367428041754723047e+13
2.340272604938605859e+13
2.313429950546025000e+13
2.285071034733032031e+13
2.256291020969216406e+13
2.225218435717979297e+13
2.192518907800456250e+13
2.159697897997207031e+13
2.124513782426445703e+13
2.087878952617883594e+13
2.050301277951560156e+13
2.012289066415605078e+13
1.973190384976874219e+13
1.935625284389442188e+13
1.896526980901137500e+13
1.857406274995948828e+13
1.817321253643500781e+13
1.775039761682248438e+13
1.733558843900150000e+13
1.691222173908589844e+13
1.648934898273644336e+13
7.781057677988524170e+11
7.577282170621447754e+11
7.380739728468205566e+11
7.207771304807218018e+11
7.055687094927622070e+11
6.886948746844960938e+11
6.702012062117187500e+11
6.508536530749722900e+11
6.324313181876435547e+11
6.144084351976129150e+11
5.960991676227924805e+11
5.760893182303566895e+11
5.569938617944995117e+11
5.374440429344608154e+11
5.152304065094471436e+11
4.951197502705952148e+11
4.748314113136093750e+11
4.556586465663505859e+11
4.343397877942941284e+11
4.134585271700898438e+11
3.921746640760503540e+11
3.713816539774418945e+11
3.527489303790986328e+11
3.335744938684762573e+11
3.164567432792468262e+11
3.000894612558323975e+11
2.847024060759141235e+11
2.704427955703815613e+11
2.583291855256393433e+11
2.461455831544642029e+11
2.380475866764250488e+11
2.311231893270599976e+11
2.270343222045759888e+11
2.241036651939916992e+11
2.237374750162875366e+11
2.248598164811033936e+11
2.270309885944290771e+11
2.296822639077387085e+11
2.329855899594465637e+11
2.360294072333338928e+11
2.383548025064948730e+11
2.406106102336031799e+11
2.410024931563381958e+11
2.410839324553907166e+11
2.396769421023760986e+11
2.371982987767410583e+11
2.342116462329057617e+11
2.321416277163469238e+11
2.311273931743907776e+11
2.296376059451912231e+11
2.394510115182225418e+10
2.171572953842813110e+10
2.025862897154838562e+10
1.932241441744064331e+10
1.893245122168151855e+10
1.892903483141082382e+10
1.914841489943031311e+10
1.948105860502032471e+10
1.958744750315963745e+10
1.960763944213085938e+10
1.950967163150099945e+10
1.928835745199827957e+10
1.916981802546230316e+10
1.907137965319608307e+10
1.896679389006581879e+10
1.892240659925688171e+10
1.889794406672776794e+10
1.891252433525345612e+10
1.891314466813895035e+10
1.896329733481215668e+10
1.894963926051903915e+10
1.895378969713521957e+10
1.895827139176939392e+10
1.894582608376293945e+10
1.892501552799618912e+10
1.891075035933597565e+10
1.888760096439952469e+10
1.890121559140024567e+10
1.894040490837897873e+10
1.898807908636429214e+10
1.905827252505192566e+10
1.906574612672601318e+10
1.903135186405520630e+10
1.899023864335456085e+10
1.899941544124941254e+10
1.900834200745121002e+10
1.900431319735852814e+10
1.899668572642879105e+10
1.896600787401658249e+10
1.890504550854100800e+10
1.890452179354505157e+10
1.892259411854364777e+10
1.893865807559207535e+10
1.893495691892337036e+10
1.894067279546585083e+10
1.892953217389244461e+10
1.891562129024140930e+10
1.890199219351264572e+10
1.889308907881740570e+10
1.892727169332077026e+10
4.515849831868244171e+09
4.205972341471556187e+09
4.012693071178396225e+09
3.901945781976119995e+09
3.849113290231286526e+09
3.844206905462443829e+09
3.852983996356112480e+09
3.871649716696413994e+09
3.884335392731760025e+09
3.905314408587831497e+09
3.935076439505225182e+09
3.960851528254975796e+09
3.949727648789963722e+09
3.918338772491418839e+09
3.909676722320062637e+09
3.910554637593848228e+09
3.907542081229387283e+09
3.890509489998362541e+09
3.872963347893720150e+09
3.850704037787877560e+09
3.844251752547638893e+09
3.848891411818429947e+09
3.867995451689532757e+09
3.868866695602540016e+09
3.887185581271310329e+09
3.904041451630492210e+09
3.942840723518824577e+09
3.952318185216650009e+09
3.921494286540872097e+09
3.898538064314210892e+09
3.884167442769723892e+09
3.871583692360251427e+09
3.865103280689285278e+09
3.859954356824803352e+09
3.858261597771080017e+09
3.853554919359378338e+09
3.846840271513693810e+09
3.843144065769673347e+09
3.847949572174419403e+09
3.864821593650421143e+09
3.890962431665455341e+09
3.918052324719531059e+09
3.940938521023706436e+09
3.934151568342708588e+09
3.930855320161223412e+09
3.921569003729909897e+09
3.914963240415582657e+09
3.905725994636778831e+09
3.887280206297863960e+09
3.870644920228401184e+09
4.027863892809046745e+09
3.933738281183004379e+09
3.844158381011816502e+09
3.763115221464859009e+09
3.682901176113437653e+09
3.603674361207844257e+09
3.530625230829195023e+09
3.460099753922861099e+09
3.395470961812143326e+09
3.326406813201492786e+09
3.254551271416942120e+09
3.181820640452756405e+09
3.111096927753746033e+09
3.038138777876928329e+09
2.966366037877830505e+09
2.898744914912106037e+09
2.837219429030371666e+09
2.777910810481489182e+09
2.726157477779601574e+09
2.680815671914183617e+09
2.641881487962810516e+09
2.602345958735081673e+09
2.566669161058580875e+09
2.532822499771036625e+09
2.497151621957017422e+09
2.463591075176411629e+09
2.430110344631063461e+09
2.396287844676490307e+09
2.363826492709082603e+09
2.331059118737370491e+09
2.300333085236310005e+09
2.269940802658729076e+09
2.240047331639435291e+09
2.208469114097153664e+09
2.177580914686357498e+09
2.145872725075684786e+09
2.114307550177563190e+09
2.083292540721313000e+09
2.051946865703168154e+09
2.021457558011615276e+09
1.989305947794938803e+09
1.958374514085958004e+09
1.926353466778549194e+09
1.892745578361481905e+09
1.855876732837350368e+09
1.816449572538220406e+09
1.775980019441617727e+09
1.732542757646019936e+09
1.686236982794023037e+09
1.636141041369463444e+09
3.183760819705666304e+08
2.865393402899397612e+08
2.596456347657047510e+08
2.384371604235258698e+08
2.228120232318670750e+08
2.125846840203710794e+08
2.065501685640217364e+08
2.036388672751431763e+08
2.026980250919308662e+08
2.027249177834255695e+08
2.032049342691950798e+08
2.038766446917771101e+08
2.045864189081688821e+08
2.052048349502511024e+08
2.057338232130134404e+08
2.061540007568703294e+08
2.064715124441429973e+08
2.067541952553972602e+08
2.069414434325666428e+08
2.070964339003978074e+08
2.072562550114629865e+08
2.073580547304709852e+08
2.074463146593252122e+08
2.074892561470382214e+08
2.075566133331685066e+08
2.075868068146966994e+08
2.076350089198626876e+08
2.076645142709442377e+08
2.076812906719656587e+08
2.077106260105835795e+08
2.077143155839014053e+08
2.077325297951040268e+08
2.077262315388920903e+08
2.077167277686530054e+08
2.077359257031003237e+08
2.077040205332545042e+08
2.077138871735938787e+08
2.077220774541103542e+08
2.077169828470952511e+08
2.077124054413005710e+08
2.077136864168639481e+08
2.076993792647086382e+08
2.077135336093016565e+08
2.077076970112888217e+08
2.077105175068496764e+08
2.076865752887849808e+08
2.076708417802101374e+08
2.076751912848039269e+08
2.076779665807061791e+08
2.076351300160626173e+08
8.648489772221787274e+07
8.518764458320194483e+07
8.414321824541981518e+07
8.329189930251239240e+07
8.246500915376098454e+07
8.145821869226767123e+07
8.000111381636390090e+07
7.783030586562575400e+07
7.460650430524751544e+07
6.999003370092159510e+07
6.397643855006554723e+07
5.645592804423307627e+07
4.761247727749980986e+07
3.804831058441291004e+07
2.881438702090018243e+07
2.127798609215322882e+07
1.659248589261025935e+07
1.503053871354349889e+07
1.574466847352701053e+07
1.744060512190084904e+07
1.922309797461126000e+07
2.071072220049239695e+07
2.178409354182561859e+07
2.254333557106013596e+07
2.305626007350004837e+07
2.339754809351813421e+07
2.359911531133561581e+07
2.368258705737710372e+07
2.367015868953331560e+07
2.357587845465806499e+07
2.339661057048989832e+07
2.311969794706802443e+07
2.273658270204922557e+07
2.222045904765677825e+07
2.157400049272351712e+07
2.077446629481742531e+07
1.983517752691682056e+07
1.879858072626861930e+07
1.770170122047301754e+07
1.664269509027007036e+07
1.575137579746224731e+07
1.517511874462759122e+07
1.502691625047514960e+07
1.528281683875641599e+07
1.577916766129963286e+07
1.632415971303675696e+07
1.675130688006607071e+07
1.690456737116316333e+07
1.678345801163288578e+07
1.642858392616856098e+07
5.929144398354843259e+06
4.741396650615096092e+06
3.926685161915813573e+06
3.371998221199166961e+06
2.987557790802266914e+06
2.711636410993480589e+06
2.504243437439872883e+06
2.339602671307493001e+06
2.200496633808230981e+06
2.077673150468756678e+06
1.966957385612692917e+06
1.866393328172604088e+06
1.779274191324809566e+06
1.711741208693678956e+06
1.672247264745572582e+06
1.667828276387422811e+06
1.699550954902683850e+06
1.759318975573115749e+06
1.830131921482347418e+06
1.886595776714369655e+06
1.914669600337503944e+06
1.908076531939346809e+06
1.872596798027270241e+06
1.819285483950866852e+06
1.761540778998379130e+06
1.714063692458100384e+06
1.682459295631481567e+06
1.667557382507965434e+06
1.665577641444121255e+06
1.671878837816815823e+06
1.682611404992521275e+06
1.694580491892986465e+06
1.704849386293022428e+06
1.711843269783825614e+06
1.715690755039293552e+06
1.716180783822840778e+06
1.713333045840142993e+06
1.708064451555154752e+06
1.700474067934221588e+06
1.692284706565401517e+06
1.683843847925920738e+06
1.675965809715997893e+06
1.669646504622318316e+06
1.666159940912579419e+06
1.665112138721060939e+06
1.666402670927040745e+06
1.669552860875852173e+06
1.673297446018759161e+06
1.676734803599549225e+06
1.679243310947073158e+06
1.258392128537691198e+06
5.588952186472690664e+05
4.166321127328065340e+05
4.809942231066217064e+05
5.732566010957225226e+05
6.389385635339873843e+05
6.696212893391762627e+05
6.685114611826108303e+05
6.415362197999225464e+05
5.954718838437533705e+05
5.384216729713085806e+05
4.809890423622335657e+05
4.361700057564568706e+05
4.167301471636299975e+05
4.290847672409486840e+05
4.642877514537341194e+05
4.978251117386313272e+05
5.065082742479445878e+05
4.870117449598671519e+05
4.547186373347988119e+05
4.281145199382078135e+05
4.168594327257918776e+05
4.202495304155483609e+05
4.317169829049024265e+05
4.439864405700154603e+05
4.518843363266686792e+05
4.530346139780220110e+05
4.475848559014404891e+05
4.377932615271997638e+05
4.270119389233967522e+05
4.190476868312343722e+05
4.165555389703112887e+05
4.197478467256712611e+05
4.259858340917950263e+05
4.309513349243935663e+05
4.316334419309800724e+05
4.278803787117359461e+05
4.222473698062959593e+05
4.179131108735003509e+05
4.165437299069705186e+05
4.178875309317575302e+05
4.204561569138069754e+05
4.225706283413431956e+05
4.231728075922494172e+05
4.220362048128879396e+05
4.198837541253414238e+05
4.177536873822929338e+05
4.166079772290227702e+05
4.168193285970921861e+05
4.179863734875267255e+05
1.254277468127184402e+05
1.092307493774948816e+05
1.046548064557421312e+05
1.036711750216139626e+05
1.044284965599550051e+05
1.062963265203844931e+05
1.082091406065474730e+05
1.088804886428928439e+05
1.082014999655018764e+05
1.067499301877124526e+05
1.053311383886095718e+05
1.043248233812842664e+05
1.038108357791628223e+05
1.036730375438328338e+05
1.037967340689276461e+05
1.040471892634599353e+05
1.043157201208362530e+05
1.045163231247943040e+05
1.046198581016784883e+05
1.045821426329731476e+05
1.044178042055386759e+05
1.042207170068670239e+05
1.040011036127947154e+05
1.038128209499179211e+05
1.037002705595578154e+05
1.036684272158094245e+05
1.037280502255709143e+05
1.038299303735863068e+05
1.039601328316079598e+05
1.040632554358265479e+05
1.040797965200626059e+05
1.040008146583542548e+05
1.039154400249356404e+05
1.038055319074567233e+05
1.037269219619114883e+05
1.036799539126714662e+05
1.036809062362960249e+05
1.037236994096631533e+05
1.037955183967997000e+05
1.038334914104376803e+05
1.038531464327544381e+05
1.038578019221035647e+05
1.038504356045050081e+05
1.038132235093450290e+05
1.037635935221407854e+05
1.037224200555561838e+05
1.036812492844248191e+05
1.036746107732177770e+05
1.036873619309313654e+05
1.037022666425766365e+05
3.756856233414490998e+04
2.058284234565153020e+04
9.858309243912608508e+03
5.889023080073031451e+03
6.353715450932892054e+03
8.154988172073145506e+03
9.807670466181902157e+03
1.098399921934444501e+04
1.172480539787089947e+04
1.213211607993492362e+04
1.226550609842346421e+04
1.216543725973491382e+04
1.185929744020847284e+04
1.135892400229663690e+04
1.066714236253657509e+04
9.788115263757048524e+03
8.756809685895574148e+03
7.659817873837724619e+03
6.649684397228475063e+03
5.940645917092449963e+03
5.729508726968602787e+03
6.064802806007704930e+03
6.742994251761341729e+03
7.397166356495246873e+03
7.691708351411325566e+03
7.495233944812946902e+03
6.966230442648462486e+03
6.364957691196714222e+03
5.914033563264871191e+03
5.729658766105855648e+03
5.789074802003935474e+03
5.989182886431888619e+03
6.216438349940241096e+03
6.383488451924752553e+03
6.447895429993039215e+03
6.402182525991542207e+03
6.266456174552867196e+03
6.079223627134800154e+03
5.894866101940908266e+03
5.764582560175080289e+03
5.725266318040834449e+03
5.775143433319210089e+03
5.875270688408313617e+03
5.964934668197129213e+03
5.996767509945608253e+03
5.957103909805448893e+03
5.874977690442258790e+03
5.788762084478150427e+03
5.736457071503148654e+03
5.726209151492088495e+03
1.852791561407814925e+03
5.729433172384768795e+02
2.025940494480823588e+02
1.060727030138205862e+02
8.231544638274650083e+01
7.810830993769221209e+01
7.912555987875848018e+01
8.139772961585265421e+01
8.375289965995341390e+01
8.585680838304273266e+01
8.765849113128433601e+01
8.920525945744928720e+01
9.053189904230836760e+01
9.167281043296500798e+01
9.264471028234854089e+01
9.350118308116901744e+01
9.427209112704346694e+01
9.495658777786660210e+01
9.555712648743241289e+01
9.611201019063696549e+01
9.660696788116807454e+01
9.706075304133753434e+01
9.745512230787167596e+01
9.782152514465752802e+01
9.813948353037027061e+01
9.843106987720966572e+01
9.868666514934891154e+01
9.891327533604254540e+01
9.910453312035645013e+01
9.927333701642537278e+01
9.941671285673805869e+01
9.954455639121479749e+01
9.964468027047374221e+01
9.973733659332857826e+01
9.979178547612995942e+01
9.984450130985980820e+01
9.988824709596606510e+01
9.991694130098809978e+01
9.992429954319680974e+01
9.992853997265410726e+01
9.989726281751828196e+01
9.986214686921489658e+01
9.983173603586728007e+01
9.978461113104843605e+01
9.972300282160506413e+01
9.967997004847757125e+01
9.960307507066913502e+01
9.951731928084322476e+01
9.945683281822576305e+01
9.936526999406413552e+01
7.871383019465334474e-01
4.204220787727430686e-01
2.697366823847296979e-01
2.225083179590829907e-01
2.071064942108961082e-01
2.009820855758846503e-01
1.992754373166150672e-01
2.000394525158117887e-01
2.016281322242201579e-01
2.031297977888800177e-01
2.043537694991911791e-01
2.053604857586117105e-01
2.062170634269812064e-01
2.070251364793461168e-01
2.076163694751890221e-01
2.083473424961921894e-01
2.089530118829676097e-01
2.095230467200261126e-01
2.100994271062091023e-01
2.106047921593635075e-01
2.110643209769202944e-01
2.114350127377851440e-01
2.117980429028171740e-01
2.121143778227755905e-01
2.123088456082719566e-01
2.125297539948224901e-01
2.126121321925410479e-01
2.126794660707265194e-01
2.126951068588010529e-01
2.127369878248943635e-01
2.126174238396324190e-01
2.126041636995855133e-01
2.124650510811459392e-01
2.123422857997229185e-01
2.122839770456306785e-01
2.120486199027457053e-01
2.118627353370985955e-01
2.116281823246866645e-01
2.114628740878043978e-01
2.112419971292770482e-01
2.109731244628152147e-01
2.107130879346451047e-01
2.104510372292066056e-01
2.102265845869626393e-01
2.100199017358696518e-01
2.096886741084357242e-01
2.094297945781395109e-01
2.092115625901609099e-01
2.089990484564002160e-01
2.086693612183055657e-01
3.636473529415871694e-03
1.522935018651055093e-03
1.092087714870570991e-03
7.071085619984114785e-04
3.609443904462624852e-04
2.341084901347607015e-04
2.021839095203569630e-04
1.672520725032569286e-04
1.272247864002159698e-04
9.347275948934447780e-05
7.071465877241469872e-05
5.777774153647093915e-05
5.153948670519625547e-05
5.041532531807539999e-05
5.358598998469853028e-05
5.975487971040220484e-05
6.744437221725029441e-05
7.561507545230178253e-05
8.373728077452903507e-05
9.153161198374636857e-05
9.877663747017482283e-05
1.052525265094908193e-04
1.107555699762672262e-04
1.151323240226216762e-04
1.182789942741869983e-04
1.201534771910334459e-04
1.207799235742624411e-04
1.202268478861487399e-04
1.186078227235175524e-04
1.160686364997970833e-04
1.127701144162599335e-04
1.088817584400596065e-04
1.045719060445042873e-04
9.999129143213066452e-05
9.527358819331937568e-05
9.053205976967370055e-05
8.585264879051166171e-05
8.129969985332670781e-05
7.692121720042160667e-05
7.275550863118142048e-05
6.884062465530485617e-05
6.521875592743354836e-05
6.193239950636776885e-05
5.903006632414341818e-05
5.654440973450530278e-05
5.449832805026893503e-05
5.289489232539551175e-05
5.171493368028653466e-05
5.092088094486524682e-05
5.045854679789684783e-05
3.222497741264327537e-04
1.230622969959196738e-04
1.448006278820710389e-04
2.052943353358859478e-04
1.837960203721869426e-04
1.355177819991346469e-04
1.092735750638130924e-04
1.208856227621112403e-04
1.477488819827955089e-04
1.535128768858657483e-04
1.358799139233856105e-04
1.148333816226344297e-04
1.088019062678171429e-04
1.172318218363863280e-04
1.282784969495212547e-04
1.319515805442682548e-04
1.261301354423158510e-04
1.160889397075655496e-04
1.092070500478165311e-04
1.100379617558574526e-04
1.164003893443140694e-04
1.208761621389152762e-04
1.188312707744352506e-04
1.128656228082567335e-04
1.088353772149176649e-04
1.095094476211351292e-04
1.128727810359821452e-04
1.152580251447272427e-04
1.145555068909839022e-04
1.115895395247862347e-04
1.089968583476153268e-04
1.088238142815980259e-04
1.107255905333285169e-04
1.123036051183541454e-04
1.117723257723343743e-04
1.098653445550249120e-04
1.086105816168082686e-04
1.089782531478756806e-04
1.101389668218321694e-04
1.107125496893699020e-04
1.101404803626378226e-04
1.090652145466287676e-04
1.085587908336315994e-04
1.089876876819530270e-04
1.096570398559033107e-04
1.097126691520234059e-04
1.091251027659850760e-04
1.086093381624957978e-04
1.086628689688372594e-04
1.090688917707329484e-04
8.813830725661213664e-05
2.508706706267463437e-04
9.359739858760240928e-05
1.149672740517507740e-04
1.699161668052885665e-04
1.525105389629958033e-04
1.049613847989679176e-04
8.213216785967305308e-05
1.056378309738994234e-04
1.295149421979678735e-04
1.161032559753735299e-04
8.951319577100138789e-05
8.290384227457264050e-05
9.560976445137855397e-05
1.074406927265234159e-04
1.060660925133146060e-04
9.417387995236438662e-05
8.346688088827114340e-05
8.405214627054927612e-05
9.324659526159231806e-05
9.735832759770240898e-05
9.116973363936301238e-05
8.345520146540600986e-05
8.283266058956638791e-05
8.760836407006991405e-05
9.090870898805975312e-05
8.911475894986774227e-05
8.450153377092121704e-05
8.210530278878934928e-05
8.411408309265486910e-05
8.710345262440100881e-05
8.666091658404999256e-05
8.363016648285024864e-05
8.210588969677560362e-05
8.340799377970567203e-05
8.510821134585149026e-05
8.490780140700600223e-05
8.316675059052819048e-05
8.210825790647054709e-05
8.285317184315004878e-05
8.396792196906133524e-05
8.368983513693630850e-05
8.252212430398445759e-05
8.213074314617025361e-05
8.278430560935063677e-05
8.329414878976678163e-05
8.293847341373192000e-05
8.225024021172306471e-05
8.217269234353813021e-05
8.264100019736452842e-05
1.099521574608276005e-04
8.191230268663347294e-05
7.682705093029512547e-05
8.602846334305832188e-05
7.477793575106804133e-05
6.990933382327785598e-05
7.552306224857418984e-05
7.853709147932975065e-05
7.574302487040289326e-05
7.092918742762456606e-05
7.011976157123635560e-05
7.328234691751449835e-05
7.476138018273668993e-05
7.266463384450728383e-05
7.009211723317621619e-05
7.015122358780823402e-05
7.199507041482191335e-05
7.272557169549323823e-05
7.150386569710426245e-05
6.996403583471374620e-05
6.998138258055532285e-05
7.114746923923778602e-05
7.159216047970968220e-05
7.074206594995417828e-05
6.981954091823655681e-05
6.996366588761043998e-05
7.069733553978255441e-05
7.084868787247325243e-05
7.024146851763394400e-05
6.974906511745393575e-05
6.996998840238197474e-05
7.041497125418167519e-05
7.036452763997082455e-05
6.992161714614500271e-05
6.974385781159981473e-05
6.999642619010028603e-05
7.019611942039592528e-05
7.002475825495230849e-05
6.976658468137708071e-05
6.979346679561790725e-05
6.998780530144500041e-05
7.000181511159974063e-05
6.982476004732270070e-05
6.973913954393153578e-05
6.984974836961676636e-05
6.993107574239027023e-05
6.983936390153880553e-05
6.973988698559036763e-05
6.978558504642758727e-05
6.986264661955467008e-05
1.061397953977805770e-03
3.123360072930074244e-04
1.309369329694361987e-04
3.245289571321912465e-04
4.752944695192993282e-04
4.023275246567624918e-04
2.561146748745034979e-04
1.505493836462797681e-04
1.176808514160093759e-04
1.675528338558999217e-04
2.426557855241788660e-04
2.683423333124105225e-04
2.317014311286875019e-04
1.675220691845858215e-04
1.234621182552658682e-04
1.203017023473228778e-04
1.439223365070655346e-04
1.715267121257219951e-04
1.862105846776427481e-04
1.812431066586446841e-04
1.609631671480542378e-04
1.364836735161485746e-04
1.197360301678021961e-04
1.187272172474796935e-04
1.318516138150350905e-04
1.465429313891837082e-04
1.497704358452119967e-04
1.396825362925280137e-04
1.254335843482866537e-04
1.174906033151311045e-04
1.190480438303463510e-04
1.260038727184791549e-04
1.321278542496053562e-04
1.332709577914980258e-04
1.290891594134004050e-04
1.225188973429759210e-04
1.177670254992269967e-04
1.175663946486816191e-04
1.211618891361306081e-04
1.247858519792790968e-04
1.250478888120246958e-04
1.219482947030404730e-04
1.183784032789373004e-04
1.170490337937262913e-04
1.182802715485968130e-04
1.203895337038786060e-04
1.214314113205763098e-04
1.206455448033805851e-04
1.187701513886528509e-04
1.172805449924928277e-04
1.157958068766678280e-04
1.251600057563827034e-04
1.182570788230022190e-04
1.172756229414783128e-04
1.161015090423942337e-04
1.176613675995382086e-04
1.160889872268692271e-04
1.159579983127451890e-04
1.169979820701773008e-04
1.159445231733351119e-04
1.157527967829806578e-04
1.165002109685753722e-04
1.161098719162527627e-04
1.155741533923900866e-04
1.160648849550090993e-04
1.161413339676498248e-04
1.156229786447042951e-04
1.157621295530363156e-04
1.160556357956069441e-04
1.157407956142398546e-04
1.156018001961381988e-04
1.158923839953452132e-04
1.158054295666300899e-04
1.155755143399387399e-04
1.157416948229050786e-04
1.157992947369072779e-04
1.155989412789760551e-04
1.156449559425797800e-04
1.157620345890663055e-04
1.156242743912254693e-04
1.155958897111274109e-04
1.157080122758207382e-04
1.156379395265581735e-04
1.155801750134093244e-04
1.156682171123817884e-04
1.156321224765482515e-04
1.155757978147595459e-04
1.156336979423179626e-04
1.156274372167528290e-04
1.155759648182305211e-04
1.156133990656077812e-04
1.156157839974605357e-04
1.155754064266709542e-04
1.156019705901314661e-04
1.156002187410442439e-04
1.155755093954120860e-04
1.155939822199608316e-04
1.155943161356280023e-04
1.155762172052580039e-04
1.155924341682001445e-04
6.660527057493364524e-04
2.674632648473371059e-04
1.541864859748149187e-04
2.850517121919297035e-04
3.437359017932034404e-04
2.940368003602509628e-04
2.087452316401710011e-04
1.480086910904529138e-04
1.510496209345118396e-04
2.029488052868484846e-04
2.337577929770529093e-04
2.185945533510790027e-04
1.762911596530758853e-04
1.440267900099376826e-04
1.441316917468709181e-04
1.644024783762733973e-04
1.827432923290787719e-04
1.862393370126000814e-04
1.742934680916443909e-04
1.554516491201833042e-04
1.418428312520417971e-04
1.424011877189061009e-04
1.542654690116517283e-04
1.638224577020274471e-04
1.615631130513623369e-04
1.506022746801779144e-04
1.415220333271646953e-04
1.410527883609264440e-04
1.468498010570317184e-04
1.522223663150038637e-04
1.526155258099947082e-04
1.480955332954213570e-04
1.424700520922631843e-04
1.401648583037958158e-04
1.424931273883058968e-04
1.462322074287946728e-04
1.470889841097193593e-04
1.443309369242519631e-04
1.410441470687962147e-04
1.402498249354945398e-04
1.419241663741165559e-04
1.437929293618776924e-04
1.439147433733223215e-04
1.422997483425480320e-04
1.405551392930138080e-04
1.402607927626838024e-04
1.413711732935079874e-04
1.423674136121350076e-04
1.420557909612247204e-04
1.408889855674065324e-04
3.397743684942143528e-04
3.234287664224831031e-04
3.451729435489224603e-04
3.402753585357621321e-04
3.236435368376432186e-04
3.235702410780325576e-04
3.233303381315838585e-04
3.215810148056137490e-04
3.260217460302597186e-04
3.299816279271129997e-04
3.248480806360150948e-04
3.216026457575189520e-04
3.224219111650699710e-04
3.235297422427155039e-04
3.239297277938510454e-04
3.237995251791125407e-04
3.233277239757653405e-04
3.227906300944531669e-04
3.227239669871955234e-04
3.234324274286430601e-04
3.240505118988887181e-04
3.236646251465540806e-04
3.229054782660346987e-04
3.226610206273569387e-04
3.228656061179764267e-04
3.231471027315677472e-04
3.233289383186058706e-04
3.233919821940817304e-04
3.233511548167325011e-04
3.232110457248255162e-04
3.229843758676871363e-04
3.227485988537236433e-04
3.226572419666813487e-04
3.228151858635047136e-04
3.230272732324123179e-04
3.229823990418913596e-04
3.227707423670041339e-04
3.226571127604669904e-04
3.227135506581068659e-04
3.228234292502527155e-04
3.228823723184273123e-04
3.228599671160161159e-04
3.227741221841088151e-04
3.226827263629774949e-04
3.226625253950138805e-04
3.227356801119511784e-04
3.227861554083865541e-04
3.227535350031091477e-04
3.226730913187756669e-04
3.226550482836262630e-04
7.762430826115852985e-05
8.740322709280685639e-05
7.841859594115512769e-05
7.449204289928365781e-05
8.005342145392735430e-05
7.910571113887789638e-05
7.466206142584289832e-05
7.444064845366043625e-05
7.729475808337121930e-05
7.724410014625713965e-05
7.478612073822482294e-05
7.382734295649810360e-05
7.533830383544010015e-05
7.619089889138180730e-05
7.508966898437786192e-05
7.383383586907589567e-05
7.421997845899861335e-05
7.522724628845110317e-05
7.508724355847768827e-05
7.410600042545602826e-05
7.380346726714411064e-05
7.443324795805673986e-05
7.476277366718905653e-05
7.425996083661104820e-05
7.377715516657257905e-05
7.400428074449544584e-05
7.441245283755778075e-05
7.426131417257400980e-05
7.383581275650367341e-05
7.382967841575163660e-05
7.413434742807291583e-05
7.415595474799254957e-05
7.387003060633813838e-05
7.377608784608731735e-05
7.396959601088163552e-05
7.404328521486253328e-05
7.386629484922716047e-05
7.376570732111924677e-05
7.387493173075134053e-05
7.394059920527631252e-05
7.383874062111910031e-05
7.376419596937417193e-05
7.383302309181523978e-05
7.388103690727701846e-05
7.381192856755877034e-05
7.376523225818670522e-05
7.381265070606913680e-05
7.384503154680670668e-05
7.379637745601759621e-05
7.376331563965450101e-05
1.117812107639824446e-04
1.079644782552315312e-04
1.211052225741216632e-04
1.101036181138054324e-04
1.075659997088372150e-04
1.100179219842598402e-04
1.105570126690995396e-04
1.107515330380164602e-04
1.115969323639992052e-04
1.121523546065220903e-04
1.116685636466130822e-04
1.108918279734973870e-04
1.105918147796112241e-04
1.105452670346799920e-04
1.103588565228859179e-04
1.097713579859014644e-04
1.084633218577164989e-04
1.069966700174402284e-04
1.077405268361831538e-04
1.093813795318322334e-04
1.085928055088970307e-04
1.070658192305240682e-04
1.071418146152233633e-04
1.079059449553079357e-04
1.082733126041104151e-04
1.080459856841433828e-04
1.073950785825812762e-04
1.069069112225689265e-04
1.072331435063859548e-04
1.077232231333046783e-04
1.074056328613951579e-04
1.069226452443579074e-04
1.070704468090304920e-04
1.074366580624766277e-04
1.074831830393044036e-04
1.071762638833254338e-04
1.069076952178705749e-04
1.070329049301240679e-04
1.072466211444299001e-04
1.071042781588926035e-04
1.069038525343276279e-04
1.069955151715372399e-04
1.071439128758315139e-04
1.070835980088905123e-04
1.069331622819443938e-04
1.069132753243448499e-04
1.070277312648307971e-04
1.070674502071183539e-04
1.069365284689378345e-04
1.069125945029294789e-04
3.859270138772308463e-04
5.744411459607200437e-04
3.927831743277357965e-04
4.182107475106847214e-04
4.787904234224128427e-04
4.777218443009006933e-04
4.332987411950567575e-04
3.879225143808082013e-04
3.884138455901010281e-04
4.239773283769318439e-04
4.353900102065215720e-04
4.109870129572953663e-04
3.848955793451189775e-04
3.837829000536782274e-04
4.000509372980084609e-04
4.110567196015506861e-04
4.069398864787987752e-04
3.926696241533336219e-04
3.816599960390418397e-04
3.841087911083501910e-04
3.943953564804014798e-04
3.982291884649350627e-04
3.913230321833301726e-04
3.826673625099463781e-04
3.815206527277982367e-04
3.868635507025903943e-04
3.909599152958756268e-04
3.892593070973449304e-04
3.839878739047367377e-04
3.809078571454600141e-04
3.828687573443419374e-04
3.863559721010044121e-04
3.864483904516340888e-04
3.832414011545595342e-04
3.809450808428567611e-04
3.819004667581281463e-04
3.840570619066520450e-04
3.843600459610302693e-04
3.825502956237233649e-04
3.809746123531123512e-04
3.814065305837151341e-04
3.828002298045841967e-04
3.829779678381356467e-04
3.817570920515320708e-04
3.808999755500113511e-04
3.813589256458276098e-04
3.821751359031502846e-04
3.820919160344553051e-04
3.812835722943631054e-04
3.808891281778866854e-04
1.014620598075251419e-04
1.186185408755595859e-04
1.198532397950809875e-04
1.188609306174161602e-04
1.159816057356177787e-04
1.016231119278529173e-04
1.340598339671036389e-04
1.064377408145902523e-04
1.042537675560075420e-04
1.130496021354033409e-04
1.166709941094100042e-04
1.178916981869842606e-04
1.183272407342236192e-04
1.184935376099151820e-04
1.185236268677276520e-04
1.184507125238952246e-04
1.182458003440044393e-04
1.177881486608961113e-04
1.167304764234831590e-04
1.141238785906629691e-04
1.082900444189810208e-04
1.015030636536227581e-04
1.061818480196323586e-04
1.120018282081124703e-04
1.055119874726015856e-04
1.012166057819161811e-04
1.044140526679522004e-04
1.073704837702620465e-04
1.073220548151191051e-04
1.045593978324419973e-04
1.014459364101737420e-04
1.025333594616364844e-04
1.054631565870521928e-04
1.038541321418974935e-04
1.013015016401558853e-04
1.020844295960077815e-04
1.037143129314712124e-04
1.036979197064767004e-04
1.021822358277295014e-04
1.012014295429912187e-04
1.022834072043790447e-04
1.030254245576306123e-04
1.018463559338097970e-04
1.012145124380985702e-04
1.019373945432566504e-04
1.024224219613279830e-04
1.019045411566027297e-04
1.012314666133071498e-04
1.015020627265441515e-04
1.020214179684432671e-04
2.031217963984236169e-04
2.694355409292319603e-04
2.152490393201779580e-04
2.548838812560377809e-04
2.204412435936238545e-04
2.046754123407753222e-04
2.225550243994807399e-04
2.296925925346683943e-04
2.226044753856913682e-04
2.080477303763990046e-04
2.042545278105450664e-04
2.165516303752785545e-04
2.174475300531032230e-04
2.064202290329577661e-04
2.036367150613303920e-04
2.096481205013662596e-04
2.130293861594673274e-04
2.099625625686757054e-04
2.043745981345021110e-04
2.037341089451101604e-04
2.082410095295939522e-04
2.088763258439006189e-04
2.047289053540350364e-04
2.031758594851968455e-04
2.055557855362670082e-04
2.071207873876778000e-04
2.056325194035215481e-04
2.033414964855707852e-04
2.036388232645424388e-04
2.054983708352718088e-04
2.051798421533763538e-04
2.034069408700390482e-04
2.033134410394955567e-04
2.045146454144565668e-04
2.046934254798056442e-04
2.036135617759924547e-04
2.030891035219506077e-04
2.038643805623276074e-04
2.042098109078713784e-04
2.034468754256898418e-04
2.030865465868848297e-04
2.036266358460915907e-04
2.038651500957652308e-04
2.033777515757285743e-04
2.030696512939790381e-04
2.034202782819149818e-04
2.036020106023215311e-04
2.032352656261628176e-04
2.030828666943995621e-04
2.033487656542391797e-04
3.221269171858250091e-04
4.726346528274115292e-04
3.296676694123468567e-04
3.329024518767281391e-04
3.228391738527403671e-04
3.006562479125948067e-04
3.078134079392469327e-04
3.257720143008954804e-04
3.425366300285321132e-04
3.454125488619527598e-04
3.342758461322140246e-04
3.193386327715081623e-04
3.073728782069475767e-04
3.005883614247679514e-04
3.023024369804798027e-04
3.103631373162626592e-04
3.170304998179512878e-04
3.192974113013651613e-04
3.172884269078325866e-04
3.115959192333775277e-04
3.045025224713612659e-04
3.003540002142200986e-04
3.010302037405663926e-04
3.042749622630084184e-04
3.074085885853024671e-04
3.089312988102894736e-04
3.083561397835504845e-04
3.061004324972337325e-04
3.031187029821573019e-04
3.007288963790006459e-04
3.001734179942717236e-04
3.015955611979637390e-04
3.035470034897012437e-04
3.043086158901428008e-04
3.033623394011706882e-04
3.015534164637558197e-04
3.002759403766480997e-04
3.002322752948716374e-04
3.010393113226781563e-04
3.018927444738373975e-04
3.021936753519551032e-04
3.017969730476478363e-04
3.009863720057172950e-04
3.002775361796328635e-04
3.001257275959170459e-04
3.005454773345178762e-04
3.010500229330855784e-04
3.011661906099970883e-04
3.008157615264803425e-04
3.003321538692013399e-04
9.884436377860061733e-04
2.410635372819151855e-04
4.997788968032977993e-05
2.344713826426917682e-04
3.932859156225958089e-04
3.336351122605259482e-04
1.903567021935804408e-04
8.091152493579719415e-05
3.861094299650117545e-05
7.863103628214437586e-05
1.545005419394246664e-04
1.891468233576766968e-04
1.609282575363535860e-04
9.867847268217681258e-05
4.946258267764743247e-05
3.983815855829840190e-05
6.014388238360396540e-05
8.794418487064937129e-05
1.055311440197624683e-04
1.045311227783679499e-04
8.715210298263420183e-05
6.308491117585650798e-05
4.396236012563831846e-05
3.895993285318319962e-05
4.926659649975484901e-05
6.470529611483710275e-05
7.137438833364883196e-05
6.425054791203552900e-05
5.021194490022785624e-05
4.015130944752336693e-05
3.941252651670860410e-05
4.543396102070316474e-05
5.217038506586138232e-05
5.481099175197950919e-05
5.199504974219654684e-05
4.581718270640498298e-05
4.026968574932588481e-05
3.868025800835342681e-05
4.140235037072338177e-05
4.537878151938373169e-05
4.679405077359803980e-05
4.452968723073891634e-05
4.083003311165710691e-05
3.870547305057859053e-05
3.925196680660754422e-05
4.126352702543132679e-05
4.274401463227111908e-05
4.252341461999571850e-05
4.089036854840980440e-05
3.917497749461107333e-05
