3.909295214235169441e+07
3.783912864856836200e+07
3.635537827722980082e+07
3.468749015941897035e+07
3.277240916780098528e+07
3.072671224641628936e+07
2.853199701381271705e+07
2.626306107243251801e+07
2.396047251962368935e+07
2.168632555209252983e+07
1.951843320058756322e+07
1.747240523795756698e+07
1.560515840902071632e+07
1.393232633826626837e+07
1.246846524211345986e+07
1.121312359906345606e+07
1.016842318908260018e+07
9.329188928914338350e+06
8.661750353830916807e+06
8.142729124992600642e+06
7.738512107268769294e+06
7.420996078149838373e+06
7.177022372453186661e+06
6.976308550323108211e+06
6.814853656681639142e+06
6.674947585673172958e+06
6.555621149452466518e+06
6.451983468151893467e+06
6.358489366789516062e+06
6.269934873751722276e+06
6.189043252322695218e+06
6.111500854480933398e+06
6.040272528133686632e+06
5.969429077566288412e+06
5.903182897292636335e+06
5.836128503439858556e+06
5.771271020864798687e+06
5.707583269886345603e+06
5.643282425201883540e+06
5.579442074167219922e+06
5.517872981079659425e+06
5.453925198276903480e+06
5.388050223168225028e+06
5.319821320270024240e+06
5.251247965608891100e+06
5.179244225520221516e+06
5.105572755881717429e+06
5.025801638198231347e+06
4.943289079498853534e+06
4.855495302291078493e+06
2.123633261997429281e+07
2.045615499671227485e+07
2.019945922561274469e+07
2.012097661053430289e+07
2.009314029780691490e+07
2.002061208320394531e+07
1.997803718799492717e+07
1.999329570888293907e+07
1.994466619537197798e+07
1.986898482251201570e+07
1.974771130050601065e+07
1.964477254616196454e+07
1.957562928786656633e+07
1.949390838350642845e+07
1.942476703721757233e+07
1.927376848912930116e+07
1.910310127644994482e+07
1.883637425263722241e+07
1.867600983631803840e+07
1.836868372187840939e+07
1.801436560387663543e+07
1.742137668962757289e+07
1.686132719334623218e+07
1.614783080882124603e+07
1.514663525744094327e+07
1.402185481817467511e+07
1.256382074849243462e+07
1.107718900255347416e+07
9.356056809405028820e+06
7.554535627126490697e+06
5.707103969396324828e+06
4.019479116029324941e+06
2.660652771424687933e+06
1.730416091176461661e+06
1.179610760606744792e+06
8.849453681096016662e+05
7.358891288039875217e+05
6.578493455827009166e+05
6.115096892086956650e+05
5.792266789445927134e+05
5.533474545160753187e+05
5.314195771138597047e+05
5.123045789470868767e+05
4.948466347698535537e+05
4.798828226173123112e+05
4.677523048924450995e+05
4.571752458288375637e+05
4.490243439998095855e+05
4.415880389115542639e+05
4.352790084505915293e+05
1.051416337982211917e+04
4.134208442183471561e+03
2.213836935236501631e+03
1.997718339236992506e+03
2.131357088644169380e+03
2.329971443095022096e+03
2.489422396782861142e+03
2.590257308708483379e+03
2.669193668660274852e+03
2.728098938718330828e+03
2.789214491671850737e+03
2.845147525068413415e+03
2.878293699446247501e+03
2.892338453652444059e+03
2.892487167306697756e+03
2.867134897680201902e+03
2.819859947649570586e+03
2.788506911445600963e+03
2.734928080614105966e+03
2.690939279185548912e+03
2.628034641287516479e+03
2.560489613568081040e+03
2.514280795684289842e+03
2.451924331500214521e+03
2.370152372334267056e+03
2.292511900932457138e+03
2.217668722361092932e+03
2.175728032150169838e+03
2.089912669566411751e+03
2.016950528749340265e+03
1.961603492962783776e+03
1.915239675607753270e+03
1.894186792203647428e+03
1.841477323266843996e+03
1.792314144759546934e+03
1.822159624749073828e+03
1.898288144163622064e+03
1.953354959102338853e+03
2.096729179974387080e+03
2.322368504307471085e+03
2.437561345665748377e+03
2.357166044512778171e+03
2.239744986329917083e+03
2.066874654005551747e+03
1.870266786139816759e+03
1.739692169958240811e+03
1.715047726301058447e+03
1.714148248876877460e+03
1.723570700910920095e+03
1.738883889193443338e+03
3.300617220241134646e+02
1.348421314224411844e+02
8.739196577205900951e+01
7.198910001747353249e+01
6.641989884688578627e+01
6.590564358227396724e+01
6.738586199083411543e+01
6.890778203594175011e+01
7.047385926973517201e+01
7.117143138662190438e+01
7.190605436650636761e+01
7.233835865784413954e+01
7.276095071981579565e+01
7.333899155273545034e+01
7.438713760369179795e+01
7.486134268804835301e+01
7.553451406473928387e+01
7.642424947609772801e+01
7.670917763966383518e+01
7.643139657766604955e+01
7.623545015814066517e+01
7.568488938717473502e+01
7.504047015826391487e+01
7.455830675830760867e+01
7.436280495999955065e+01
7.364300442777538080e+01
7.297811644002833020e+01
7.198934158023064356e+01
7.157825509003689035e+01
7.109709897342172269e+01
7.061462325882426683e+01
6.974703713339029321e+01
6.859136389949323132e+01
6.785359748987978890e+01
6.757364827376983385e+01
6.655577568861171756e+01
6.593151182914122899e+01
6.538561218568909794e+01
6.578861091857037025e+01
6.531444478390503150e+01
6.532398423388599440e+01
6.531726370385055702e+01
6.447497963311877811e+01
6.520650847311313214e+01
6.591290926509485359e+01
6.559932327377978822e+01
6.520469316265673854e+01
6.388875123918417387e+01
6.280819833443202072e+01
6.144322224010145561e+01
1.129875843121168844e+00
8.242738833390802489e-01
6.479056534598732764e-01
5.423959581502433291e-01
4.992636110794521631e-01
4.873645246449487267e-01
4.847651110817663422e-01
4.814023745330628934e-01
4.751202165560346469e-01
4.702683203362512110e-01
4.669374115830779992e-01
4.598732428767290381e-01
4.528238560031726534e-01
4.442040242028357788e-01
4.353245596732806533e-01
4.272204372412739537e-01
4.200791658015472496e-01
4.129552676426251900e-01
4.058875871578376815e-01
3.985849425202048768e-01
3.914425805714724094e-01
3.835058043171894471e-01
3.768786888727279072e-01
3.712668985972186197e-01
3.653154095719268746e-01
3.560271411469519975e-01
3.452918527107632363e-01
3.352759824630427987e-01
3.230774389825847859e-01
3.115974545234365678e-01
3.003142752803138471e-01
2.867497526715639955e-01
2.698558106679301294e-01
2.513903377985614584e-01
2.311718328102415343e-01
2.129247559804952061e-01
1.961930698407822748e-01
1.816441762166274843e-01
1.702013957302788982e-01
1.611466756944188727e-01
1.537566108501427775e-01
1.481404364811945706e-01
1.445656912983981912e-01
1.427406769945978593e-01
1.426247810806649252e-01
1.440895291389749644e-01
1.472582842737195641e-01
1.519154891286155773e-01
1.564296645870142943e-01
1.597066529040477856e-01
2.242097822495776549e-05
3.977157725167240212e-05
2.289477714230455751e-05
2.394539894690483415e-05
2.892230039123069396e-05
2.917105795675855576e-05
2.571343477673331549e-05
2.234093037884895034e-05
2.088299015228773758e-05
2.209699812854292475e-05
2.458572269739195052e-05
2.464145940973945460e-05
2.227425021262836096e-05
2.043851546724007916e-05
2.017547344458471364e-05
2.106316046500960137e-05
2.192033077401521699e-05
2.209338337569939471e-05
2.142787992878455696e-05
2.048830908288202103e-05
1.949273163882302501e-05
1.920563475536853001e-05
1.967765375214245954e-05
2.026360562025139928e-05
2.006317312044974266e-05
1.942133320804434308e-05
1.881937819282677727e-05
1.854699524798902771e-05
1.855664578668552684e-05
1.877518013871660511e-05
1.884609095704679432e-05
1.861076001125471855e-05
1.829947404001544791e-05
1.802001675277365792e-05
1.782452681276731321e-05
1.775233674547352535e-05
1.778467538417073031e-05
1.806336397815290143e-05
1.813942073486791523e-05
1.780265972680114287e-05
1.739588984953156282e-05
1.717121633658811106e-05
1.714554501926228157e-05
1.736058471691248519e-05
1.727584615492202180e-05
1.699820234492866001e-05
1.683489066743652063e-05
1.668682705996900236e-05
1.660460372876511998e-05
1.659356497445770191e-05
1.952057483635117024e-05
2.066436226673749974e-05
2.134224262652931748e-05
1.903009764311509584e-05
1.740952207706312541e-05
1.905157067437067515e-05
1.943719968395185224e-05
1.763462635978135074e-05
1.709001145975701962e-05
1.797321251145502302e-05
1.857767519747664635e-05
1.830442724081096645e-05
1.739698306097429330e-05
1.663397029630145070e-05
1.653491268247158890e-05
1.684605370763820486e-05
1.670377604459518547e-05
1.637919045857789811e-05
1.612627788935669216e-05
1.601333766643786490e-05
1.594668760869935199e-05
1.589158445815955028e-05
1.583159299384370714e-05
1.585786212791439470e-05
1.584785880567445579e-05
1.561304754655891866e-05
1.545677985118263962e-05
1.544543592277938216e-05
1.545097712530058308e-05
1.535496092793081613e-05
1.524169570321624443e-05
1.515458565312322728e-05
1.502485797329422435e-05
1.499415327932386387e-05
1.510806863627282632e-05
1.522304547551756221e-05
1.502176433782011807e-05
1.478384094280931403e-05
1.464089793548137529e-05
1.462129389726970151e-05
1.465148245664080427e-05
1.464091160978089148e-05
1.463111240113301548e-05
1.445006256023375957e-05
1.431467503863137562e-05
1.429603941759637742e-05
1.428649683045171004e-05
1.426303668047950591e-05
1.425426332802592514e-05
1.420318498158221939e-05
6.712621496565249093e-05
1.026622457084054455e-04
7.120843115193410114e-05
8.027101381920428958e-05
7.751813086902655187e-05
6.598413057434144322e-05
6.899753531333169742e-05
7.438450079009256591e-05
7.356220795883096689e-05
6.735389141834433567e-05
6.398794698553643770e-05
6.826382353069924839e-05
7.206119557766471335e-05
6.877541040163737498e-05
6.398296207717078983e-05
6.317653249475996236e-05
6.597769386589519638e-05
6.719872531620205375e-05
6.587270384206105891e-05
6.307702983321874656e-05
6.153114958988358885e-05
6.256628838126027483e-05
6.360793758581184795e-05
6.265431774964346455e-05
6.093464458379090748e-05
6.052115084196154661e-05
6.155049058368977947e-05
6.207240684528156967e-05
6.125111647872327324e-05
5.981106299179759665e-05
5.952490678159221818e-05
6.037629583933930592e-05
6.091068022596795792e-05
5.993441062469036359e-05
5.866371508520637110e-05
5.852425268316918563e-05
5.950709641745420520e-05
5.972685605576359957e-05
5.869915502675845411e-05
5.750779627702834695e-05
5.759101631123289349e-05
5.781337526141740960e-05
5.724182295792046803e-05
5.668527431413915632e-05
5.689389032840997464e-05
5.723207944396508870e-05
5.670724575563988241e-05
5.609509492190826904e-05
5.571897287929402298e-05
5.555398047302144535e-05
1.823756500312333296e-05
2.198278127981992641e-05
2.246983328024503140e-05
1.950093614923237214e-05
1.800136913540223698e-05
2.051577382174330186e-05
2.240671938489424670e-05
2.108388563017224036e-05
1.845812511167749641e-05
1.802742555685149547e-05
1.984103093054328485e-05
2.075774533874475482e-05
2.046984228690379470e-05
1.956564048726665056e-05
1.807895738671108610e-05
1.721606777967423348e-05
1.801029647584393470e-05
2.052818424557490302e-05
2.191028333596965145e-05
2.198229777810913066e-05
2.176039631979339792e-05
2.147171773263503513e-05
2.042517284134788804e-05
1.895480272522494973e-05
1.723411100718892614e-05
1.671840384305451542e-05
1.681981628865619906e-05
1.737141162460630793e-05
1.787564487351035942e-05
1.805944555345374519e-05
1.804864298979290697e-05
1.795233922231599519e-05
1.757364418135115767e-05
1.717799084474874656e-05
1.683401497054330047e-05
1.692289163342000874e-05
1.665695947833251009e-05
1.635015124725102206e-05
1.595693374933676673e-05
1.607596910423942705e-05
1.631472076987042387e-05
1.676089036448910233e-05
1.628706855100325456e-05
1.582201029638652439e-05
1.610450621665938405e-05
1.741070896523314691e-05
1.844831276288432735e-05
1.899252901619330569e-05
1.910939685135186941e-05
1.871782255513860290e-05
1.441528131441008386e-05
1.703503324445756323e-05
1.438950575389242380e-05
1.432769616485819611e-05
1.435881141439836443e-05
1.446312894938349453e-05
1.452098037923472347e-05
1.425987826148532221e-05
1.409167796430850741e-05
1.407592787141839973e-05
1.403612325632855205e-05
1.374686427434965546e-05
1.300696864886889648e-05
1.229345197234777814e-05
1.607851256773916906e-05
2.994504178755713728e-05
2.290798839210724043e-05
1.861198358682102165e-05
1.398161182652081135e-05
1.222330020732790418e-05
1.217997700881871990e-05
1.265960397375902009e-05
1.316653587012439944e-05
1.350607001777482268e-05
1.359297707061530608e-05
1.355624865211580443e-05
1.344363826250966100e-05
1.336286363196318858e-05
1.338748249004248627e-05
1.361968096986662240e-05
1.411584756901562913e-05
1.488589581203838469e-05
1.563120799467514321e-05
1.610053548032688040e-05
1.615675676385514584e-05
1.581138993832830538e-05
1.523193495158946638e-05
1.449190192486981210e-05
1.385888232881703765e-05
1.338677491720231621e-05
1.306400272520316448e-05
1.287203511991049581e-05
1.281403927943575220e-05
1.279478822737527842e-05
1.280571301409074269e-05
1.282263826068839314e-05
1.283547614180422552e-05
1.287423866647385965e-05
1.290784142568965944e-05
1.291520764567029711e-05
3.976501495733395837e-05
3.120092827639527153e-05
2.771844433356333219e-05
2.795299751570310792e-05
2.762873994488726056e-05
2.654321486921516657e-05
2.631650414714522068e-05
2.656633932800401876e-05
2.729345834163838337e-05
2.798032745428779582e-05
2.731002556605734586e-05
2.787842482754606280e-05
2.795720692317290186e-05
2.780257090335354182e-05
2.788092633298478292e-05
2.771896189031153331e-05
2.718840078765303616e-05
2.726542617088652135e-05
2.614881087992239984e-05
2.683355961983321296e-05
3.020689750956280910e-05
3.065678263710339873e-05
3.026884171118764913e-05
3.190017793112195373e-05
3.534331624346022838e-05
3.963728458127315185e-05
4.350307957560365453e-05
4.625759894626666217e-05
4.792422446306157218e-05
4.898511353893171446e-05
4.963951750191624183e-05
5.008955162999744609e-05
5.036690447565744826e-05
5.047659185999280805e-05
5.058711039528625758e-05
5.044571388121239303e-05
5.027728383573710634e-05
5.002876918105721561e-05
4.960636242460394465e-05
4.909832624020586710e-05
4.866045504171741243e-05
4.811640219082325960e-05
4.732388894021159591e-05
4.650561015815590966e-05
4.539542215951528694e-05
4.384816020925886144e-05
4.179348377952614159e-05
3.894932032623924379e-05
3.583728345038272232e-05
3.275917784800724532e-05
8.067447332336516241e-06
6.780976822153454367e-06
8.145756436547555926e-06
8.144274600992998191e-06
7.985611766032469258e-06
7.519020179293178392e-06
6.429110126440949771e-06
7.027898197095090675e-06
7.981408411839195833e-06
7.649724281260591476e-06
6.673026916952603019e-06
6.315795322220238227e-06
6.922443538460234673e-06
6.676074493505224691e-06
6.297030267144759429e-06
6.193059698072855176e-06
6.309531905437023593e-06
6.656429152222376850e-06
6.995678933650613967e-06
6.925714850138336474e-06
6.591469349103188097e-06
6.154364134355749200e-06
6.116244698395224861e-06
6.583245411875159107e-06
6.695134579356650672e-06
7.017777774684042649e-06
7.535045733174885672e-06
7.592080266520967513e-06
7.344011471926418686e-06
7.385653126919612527e-06
6.762579692498100985e-06
6.075944607606429274e-06
6.166659167042765397e-06
8.133303615279086982e-06
1.037994289360081316e-05
1.120475860418675471e-05
1.117775637596966445e-05
1.088271162963256987e-05
9.732172272125266826e-06
8.097401627699444914e-06
6.381566587175389231e-06
5.764513599763597157e-06
5.978635160475643184e-06
6.494309048496729361e-06
7.501871644250502545e-06
7.666874647505728921e-06
7.296019874564897278e-06
7.062801205124061936e-06
7.067315681134424659e-06
6.993467331995235987e-06
1.146754457215570436e-05
1.694587625959334255e-05
2.495564166537916353e-05
1.911194730616208251e-05
1.406857936494738980e-05
1.171779078946695423e-05
1.024477774174392043e-05
8.383927142749510538e-06
6.274731249166688881e-06
4.424570689357517187e-06
3.290761996226212115e-06
3.010059072730699289e-06
3.541524671171392585e-06
4.498530951230784653e-06
5.461727509965786432e-06
6.267607859397325958e-06
6.888777354526819578e-06
7.374455479353709357e-06
7.697185530438144306e-06
7.876674405320170533e-06
7.937401366103979749e-06
7.807945631124618306e-06
7.548024645185561965e-06
7.145525287417762113e-06
6.700422768025867377e-06
6.189363967391703432e-06
5.601042601082381668e-06
4.955135037419860827e-06
4.321250035203796703e-06
3.732434009052814260e-06
3.266728416223799817e-06
2.995474816049049635e-06
2.916055215631706777e-06
3.011223563566348776e-06
3.217458710673396320e-06
3.563996865481470522e-06
3.848227430858201537e-06
4.020442756759371138e-06
3.963143890478275439e-06
3.902874463797327940e-06
3.719585908509591170e-06
3.574110577875590606e-06
3.322524183840603235e-06
3.181025305998686903e-06
3.023340022281801131e-06
2.932414955714244664e-06
2.897580323708052936e-06
2.878932948657884731e-06
2.883743477181824595e-06
2.871357358311145962e-06
4.792289197637053158e-05
3.513035168599903886e-05
3.320233049111999694e-05
3.235938200005049467e-05
2.865131362426319081e-05
3.002451654627046095e-05
3.447353367217068445e-05
3.494191661310744698e-05
3.270477019827630844e-05
2.983158983337796710e-05
2.856789570927696124e-05
3.164497612581767812e-05
3.502484554889632361e-05
3.075624160879083711e-05
2.799500971199470279e-05
2.980934794664901046e-05
3.088672617908024920e-05
3.067746258825592001e-05
3.039624539847752432e-05
2.982495756731560598e-05
2.791611998135106192e-05
2.828929213257878796e-05
2.960765292045379344e-05
2.898446571425737265e-05
2.773947800514670850e-05
2.800406109977148747e-05
3.039918468836809234e-05
3.160443509622390596e-05
3.129201493924687249e-05
3.100189463272513688e-05
3.025541971493318910e-05
2.965116042010488805e-05
2.798939220506921238e-05
2.710589359875980616e-05
2.839429926850387160e-05
2.784013155520630151e-05
2.734484847244197838e-05
2.695061123982466593e-05
2.739709483636088022e-05
2.786343434945956100e-05
2.697923505322684216e-05
2.673641289651786888e-05
2.698952211792960868e-05
2.703838615373664277e-05
2.659924152773758589e-05
2.677635085441130883e-05
2.742610501024639685e-05
2.796386729780576412e-05
2.701783046214487871e-05
2.642494584290566213e-05
3.891552206144668772e-06
1.585907727999363463e-06
1.126662631270333338e-06
2.151843137868128701e-06
2.579970765799779953e-06
2.563781064558324143e-06
2.382679428030457599e-06
2.283785269538804310e-06
1.613804054063183999e-06
1.074761957610872778e-06
9.542925864648482019e-07
5.632139188612072889e-06
4.161517895086184012e-06
4.787356911312179260e-06
5.212668092473269452e-06
4.762167316815004445e-06
3.736978963102735348e-06
4.076344736358415122e-06
4.729857212182907899e-06
5.129460642878306179e-06
4.723179431380026810e-06
4.412174280560951549e-06
3.925287343919322831e-06
3.673365468373539354e-06
4.450327668123361427e-06
4.986371627205871266e-06
5.170280443140884202e-06
4.752303379382444573e-06
4.064522640769680810e-06
3.628108168865191242e-06
3.827377982436376071e-06
4.184380215045900746e-06
4.717198188685923164e-06
4.992253946723699080e-06
4.965645972858063697e-06
4.422235256785429699e-06
4.045841187934476275e-06
3.666998400250614940e-06
3.603330069427701662e-06
3.850153736350802820e-06
3.958901107085461607e-06
3.981322484075349652e-06
3.917686464895601619e-06
3.801757303012222243e-06
3.620683343844779148e-06
3.568798850220857798e-06
3.518987200874494015e-06
3.635037346415296103e-06
4.032322443746604181e-06
4.483899307149012250e-06
4.587550252146659820e-06
4.338367054076740302e-06
3.698713603605043421e-06
3.489223197430475864e-06
3.470683549804828693e-06
3.596701327133064279e-06
3.622867626409876443e-06
3.499608667268567165e-06
3.642870337635898722e-06
4.163875654725265235e-06
4.532658979078415967e-06
2.983771674617102291e-05
3.643027674667028695e-05
3.278316357347292359e-05
2.863762979890254064e-05
2.086906621045526311e-05
1.587101688622039947e-05
1.306362217091106897e-05
1.267192948273406561e-05
2.089525124632461695e-05
3.017928804167697009e-05
2.975103302967737533e-05
2.785337171252764635e-05
3.013904837973795716e-05
3.039611376058288166e-05
3.102638721012291711e-05
3.160557777363517560e-05
3.568694098280663144e-05
4.061589959913149183e-05
4.797540258819333301e-05
5.573071779133039849e-05
6.221664591537446535e-05
7.131962995225390751e-05
6.941190855563081179e-05
6.778101644415467954e-05
5.417804351756386953e-05
4.119927433064766536e-05
3.476583251428722049e-05
3.146699484430451761e-05
3.133285630026216070e-05
3.115623188127740147e-05
2.954384899902448298e-05
2.785275343921473528e-05
2.202768635306304887e-05
1.739829303693581352e-05
1.464900682213485381e-05
1.413886869729956899e-05
1.433491104677107972e-05
1.487933102237109199e-05
1.580864272571792524e-05
1.710731932903151705e-05
1.796162399659740082e-05
1.737016136355034427e-05
1.628020005381274217e-05
1.388232823837113023e-05
1.281401310144428787e-05
1.254745983214530397e-05
1.239865705173105437e-05
1.231379346177594025e-05
1.230764237315533566e-05
1.232841000431584235e-05
7.546293379970449757e-06
1.517988370886007970e-05
1.655341246636954003e-05
2.881176517390781242e-05
3.683708123115019700e-05
7.261136784296173808e-05
1.260558688516642519e-04
1.674571661735754758e-04
2.015513505029467708e-04
1.926020478659919827e-04
1.636519121723757826e-04
1.347715445080587601e-04
1.093203362511495813e-04
8.676341417406725786e-05
6.865066910392055976e-05
5.437889951248371797e-05
4.123780742429870443e-05
3.132694151648636135e-05
2.443702280324946540e-05
2.020570722946351020e-05
1.781279826419644515e-05
1.653724619684972578e-05
1.607085292918307895e-05
1.617495144802144115e-05
1.628508390467535991e-05
1.661323849050141396e-05
1.686590204204841911e-05
1.708209084341004127e-05
1.739752950368238907e-05
1.761715774482574415e-05
1.769671414980716637e-05
1.775346255763801312e-05
1.767205377968839798e-05
1.774720443056961808e-05
1.768002416737574913e-05
1.758096026711617043e-05
1.759808853004665269e-05
1.771266708590478087e-05
1.773016226025526522e-05
1.770172711745628423e-05
1.764044786210278141e-05
1.751058760686711170e-05
1.750422534177315174e-05
1.761791805496516945e-05
1.755256437672074270e-05
1.761078171600855691e-05
1.755204608730677568e-05
1.759232609478576716e-05
1.757019356803902143e-05
1.758167386715112584e-05
5.063766288662205502e-05
3.622303442731461846e-05
1.378870185288487939e-05
7.302416888590291351e-06
4.818350559961197967e-06
3.121012976137349690e-06
2.350546472609441689e-06
2.532888584521212423e-06
3.416826168813924229e-06
4.404828628937706802e-06
5.231062593408065667e-06
6.169660395761596117e-06
7.272545338383492651e-06
7.898188005934774167e-06
7.556318760497357680e-06
6.626018748283853017e-06
5.860121999463326902e-06
5.224469498094096693e-06
4.626285849101949613e-06
4.025963452691632109e-06
3.377903719425001670e-06
2.849853277074592522e-06
2.472949073978367627e-06
2.276576015184867765e-06
2.235831584038810261e-06
2.248486211317008651e-06
2.317663842799503152e-06
2.380847820100423771e-06
2.458243599385906835e-06
2.539616485766403650e-06
2.541075530139260341e-06
2.468592255179924124e-06
2.415637733881180848e-06
2.325266968324439058e-06
2.249805560766612133e-06
2.219520655304354772e-06
2.210358637106273657e-06
2.264601313954309975e-06
2.284459166951523145e-06
2.298443364219667890e-06
2.298467349534826059e-06
2.275027382557606702e-06
2.248749104839552794e-06
2.217508730477900285e-06
2.209044711947222998e-06
2.218246551362924167e-06
2.218027894318516099e-06
2.211304096645818091e-06
2.216369705069341692e-06
2.235309251322339029e-06
5.136984413813764252e-06
9.714121869691654399e-06
5.245999161382002613e-06
5.040203694977823828e-06
6.093722588174814027e-06
6.892186017589945155e-06
8.084717256204085588e-06
7.660270751281581328e-06
7.683676889063601305e-06
9.249660194724053033e-06
1.013103497633799823e-05
9.262061212251139470e-06
7.774205532033499506e-06
7.016147782353080123e-06
6.894189870301927316e-06
7.351133286761677918e-06
8.132306014671664146e-06
1.044530088863954928e-05
1.109525390786438026e-05
1.002685216437687311e-05
7.663658303718233158e-06
6.320428784138399142e-06
5.196269776078827603e-06
5.012254033410076467e-06
5.434082604609224412e-06
7.875613156729821697e-06
1.021108526910448171e-05
7.431406269870379176e-06
5.634452167281199511e-06
5.170443324944285574e-06
4.983840439167526477e-06
4.950917135163482767e-06
5.058253631156161916e-06
5.329410007123952837e-06
5.755691440265799872e-06
6.466800222366318697e-06
7.406769415317783553e-06
7.907323473647631651e-06
8.180032063970796722e-06
8.237817522604750145e-06
9.349217596680753687e-06
9.719071745403602027e-06
8.879742066479391638e-06
7.438542949695573146e-06
6.468008753147998298e-06
5.878019923428750972e-06
5.598673676428697859e-06
5.237389463506108572e-06
4.992787770666202609e-06
4.944867859031146523e-06
1.684063159458340433e-05
1.248241881306796642e-05
8.637786742381041257e-06
8.773447174119716204e-06
1.135911209475565529e-05
1.086127337861978193e-05
8.540123879090070618e-06
9.770009522768461404e-06
1.089940684391196198e-05
1.130358420465625609e-05
1.121549426883979037e-05
1.054923190665573570e-05
9.982329066798900616e-06
9.294751534338842916e-06
8.689934091930378988e-06
8.541087121333313848e-06
9.721893535198201464e-06
1.073802774816792069e-05
8.994399095000135967e-06
8.593950816928324921e-06
9.605339804563687019e-06
1.088906668129216645e-05
1.174358382388865357e-05
1.206076917220550309e-05
1.185953862865553538e-05
1.120438138974043043e-05
1.005186804381781928e-05
8.885476466026908396e-06
8.469002431165328725e-06
1.090443053817259712e-05
1.658106432027219457e-05
1.670563330826443596e-05
1.247119832884397854e-05
8.763115111431312858e-06
8.920051248998838741e-06
9.992666302773174218e-06
1.118427786799745253e-05
1.186400226767643385e-05
1.199942785755823408e-05
1.231567091685335228e-05
1.257746538027909953e-05
1.312835553375565494e-05
1.389506125176214278e-05
1.453752223108328622e-05
1.504849115313573744e-05
1.534277477446858716e-05
1.545823811644971802e-05
1.545109500493445972e-05
1.524546362542853393e-05
1.470686440963697103e-05
1.043926438433415420e-05
9.201928548794519180e-06
8.247065689156988811e-06
8.264555206831902362e-06
8.940972023820917521e-06
9.464969320369788855e-06
1.068924149200296317e-05
1.344806958833435466e-05
1.609352048083601211e-05
1.885645190782509557e-05
1.639577456194463078e-05
1.406676856658958940e-05
1.285300435650985681e-05
1.120253705203918464e-05
9.907786714759074623e-06
9.403521408310988562e-06
9.266289591599333143e-06
9.147355362173988552e-06
8.781519120247479752e-06
8.348640384101217846e-06
8.007465781459498702e-06
9.407413411906351904e-06
1.441472012017400636e-05
2.531001772144192858e-05
4.104153619322173575e-05
4.514982570432241819e-05
4.497746013521568254e-05
4.091650549004156108e-05
3.246075870120355148e-05
2.128559704368593441e-05
1.274634581987502455e-05
9.046683897608443734e-06
8.022426134610585166e-06
8.080566084092614983e-06
8.514271793887069243e-06
8.794603850340367306e-06
8.989598017326574594e-06
9.071475772614070174e-06
9.162476957616729029e-06
9.200246618261734809e-06
9.286422148217316486e-06
9.420622997417019254e-06
9.632149457611654996e-06
9.842981561397977540e-06
1.014320307001083191e-05
1.044032984178609819e-05
1.071559739969179631e-05
1.099943812230054348e-05
1.120684813778055147e-05
1.125443021102867099e-05
2.329463764303032123e-06
1.898071306446422337e-05
2.503014117575445250e-06
2.116321157118809873e-06
2.102106572636534117e-06
2.458607624137738331e-06
3.264191260428154905e-06
3.408619257953315826e-06
3.288787084116210287e-06
3.992618080753268991e-06
4.257131130150889947e-06
3.806120907280440750e-06
2.997234282133590146e-06
2.373958147695792632e-06
2.054459951186854273e-06
2.140399212879691125e-06
2.324043496752429876e-06
2.435831032815344127e-06
3.021916452542518453e-06
5.815920312607614501e-06
7.181088055379613196e-06
4.648258341075560002e-06
2.773102381877275654e-06
2.418951374222024329e-06
2.352067529247111434e-06
2.301616957701917686e-06
2.243582470046172762e-06
2.199951628636929792e-06
2.107048250091066857e-06
2.031608423635696019e-06
2.043753473038975710e-06
2.033814788233189629e-06
2.041275981998237068e-06
2.042403287796406513e-06
2.041575166131787297e-06
2.049918745387610934e-06
2.037343610062494908e-06
2.047689745634480897e-06
2.025043664987773067e-06
2.042757949121997289e-06
2.110622773137500642e-06
2.116356704236083582e-06
2.141720395279704831e-06
2.101863183189179840e-06
2.082869892032943700e-06
2.047257482410667409e-06
2.071367812921420972e-06
2.188268087862892622e-06
2.304011815870957038e-06
2.378312929261557372e-06
4.855266759559530624e-06
3.936726204377924623e-06
4.201934888653387540e-06
3.923520275570087652e-06
3.920109653829871352e-06
4.549516735844228056e-06
4.137493499480446419e-06
3.943798260950575398e-06
3.903186352554803829e-06
4.016527116290944066e-06
4.116809799009422171e-06
4.138851681037549649e-06
4.044285728214148856e-06
3.965930719154933925e-06
3.905269038050374988e-06
3.883466305993533459e-06
4.002440018099320652e-06
3.939571439388792984e-06
3.940171534575193244e-06
3.899323013198350158e-06
3.844944954397737491e-06
3.861903250699731339e-06
3.923548965968129286e-06
4.110258240091467258e-06
4.332736365147209801e-06
4.550774193703561232e-06
4.670094559561748689e-06
4.748789359736467413e-06
4.740381886476156295e-06
4.757369099305856189e-06
4.750293507358450285e-06
4.738543225867910640e-06
4.751049495736177925e-06
4.748265859532984319e-06
4.738703320766522698e-06
4.749293967923828584e-06
4.743776728852197811e-06
4.766903492029096016e-06
4.878773716164343593e-06
4.958766082020310429e-06
5.084926263776177254e-06
5.089382040566606594e-06
5.077641493263708409e-06
5.032817646559601814e-06
5.072429738330616450e-06
5.001034761732056961e-06
4.931983003917232315e-06
4.822810253969096790e-06
4.793010400152110314e-06
4.796593697443998005e-06
1.824540605960515581e-05
2.144478423426004107e-05
2.443693363953833891e-05
1.906655055457549420e-05
1.998008427203176802e-05
2.077377256856648597e-05
2.084829213125995555e-05
2.066375218229356110e-05
1.951661823426230103e-05
1.914951006007198071e-05
2.172871771313846214e-05
2.039351692623852814e-05
1.895199088516967410e-05
1.980407790371394527e-05
2.080408452053531822e-05
2.096319453094924330e-05
2.099155587699135162e-05
2.059920546747592292e-05
1.955192254043524531e-05
1.856228125158817713e-05
1.937351152055448932e-05
1.940808463760435696e-05
1.856177040656955036e-05
1.868277175682325135e-05
1.910444209702626662e-05
1.931381446097684413e-05
1.883466645443810400e-05
1.845309255774647191e-05
1.851043119400048209e-05
1.877941282846197144e-05
1.862858502493718068e-05
1.862732785640167126e-05
1.875687794647185090e-05
1.892501570126551281e-05
1.859471159075918540e-05
1.823878814215074238e-05
1.837948113794608205e-05
1.863204747578872577e-05
1.826132063263478879e-05
1.848923388031784151e-05
1.833561602892631561e-05
1.816739246040174273e-05
1.811663634509152649e-05
1.815416319246368539e-05
1.831097022372956280e-05
1.832550059284855735e-05
1.813007209456586296e-05
1.840796741889210098e-05
1.792411820778824687e-05
1.816848716840201690e-05
2.663520141635359858e-05
2.411918616316602283e-05
2.275525312796332757e-05
2.244170412952800037e-05
1.861838792515031578e-05
1.523637832375731751e-05
9.435118250180872466e-06
6.150671789203503354e-06
4.913597774919701205e-06
5.124259039299041140e-06
4.631670503732468664e-06
5.833064294057086177e-06
7.026961892530629778e-06
8.492034838734412004e-06
1.048385287748015139e-05
1.286807636606313414e-05
1.493690633982289706e-05
1.648148547846839707e-05
1.737309967172264523e-05
1.790944948763673801e-05
1.846710158049863558e-05
1.917319655850024420e-05
1.958927675042474673e-05
2.006536909301499989e-05
2.058586364832187503e-05
2.094731223066463358e-05
2.119076909726012685e-05
2.140747063579349021e-05
2.145371532143860730e-05
2.156023615537068345e-05
2.153999884391038567e-05
2.134577630236362240e-05
2.115893983578297582e-05
2.109816198493359805e-05
2.080059848233766011e-05
2.052416297818080522e-05
2.028991256607129176e-05
1.996971603986345760e-05
1.956647408916849530e-05
1.936263391628247502e-05
1.890775857958998580e-05
1.869240732000039751e-05
1.835527047820115603e-05
1.800247084389213598e-05
1.794723622095416014e-05
1.751400833202736477e-05
1.724431949205594249e-05
1.683046581525338422e-05
1.640076630129180560e-05
1.597532869334897585e-05
5.570660652280596470e-06
1.214191465477466389e-05
3.199438112880410699e-05
6.673558532570202789e-05
6.787096529147484405e-05
4.591213048974946190e-05
4.144734380420252607e-05
3.300885766439971207e-05
2.305485397018130551e-05
1.677522983342472692e-05
1.227565051570303164e-05
9.565155148482525717e-06
7.511408331096028582e-06
6.096297966826935405e-06
5.251705298828315634e-06
4.731157776870190670e-06
4.595745184016239635e-06
4.573260152657488347e-06
4.651267018861277760e-06
4.780639005426893120e-06
4.796147051257896352e-06
4.798395354857334100e-06
4.695254671339936520e-06
4.607144606399032701e-06
4.510159824840694161e-06
4.571191243186365097e-06
4.760416306302778545e-06
5.117356799879247312e-06
5.545594750440249306e-06
6.102714307117261915e-06
6.417539426191012329e-06
6.573935896629395082e-06
6.609970504849289413e-06
6.450867967714507751e-06
6.029427088170890840e-06
5.628813209276781737e-06
5.253499840140510088e-06
4.909914427796488925e-06
4.720867108976655767e-06
4.644430890073031165e-06
4.558676394311798542e-06
4.559595692000477279e-06
4.531702162630975345e-06
4.510981956020470953e-06
4.542007020218556035e-06
4.546510745744391951e-06
4.552406919194276356e-06
4.577324775681204197e-06
4.598397106501445384e-06
4.658570016673679432e-06
7.953146123269363096e-06
6.768706702389677560e-06
7.637107884680631968e-06
7.126707239878434568e-06
6.777878613140410288e-06
7.561794904076778778e-06
8.184590113382052076e-06
8.850904054894412503e-06
1.073882365784543560e-05
1.252844651424492481e-05
1.205557284837138499e-05
1.016029956970737285e-05
8.743268964033098944e-06
8.254540875434783343e-06
8.059729880289696348e-06
7.808649071566958007e-06
7.328900670099920595e-06
6.914373526374087998e-06
6.740420965764354493e-06
6.850358989401869572e-06
7.275446468063453192e-06
7.159562682148911750e-06
7.121900857806754399e-06
6.915917485275555846e-06
6.854492188756248181e-06
6.808206935147904394e-06
6.896049291668203006e-06
6.739328565084901678e-06
6.739160275573797689e-06
6.562369305117267462e-06
6.691521840269713751e-06
6.639954134681541149e-06
6.798917276734976227e-06
6.936557860852810376e-06
7.083365600786843169e-06
7.335637117476316674e-06
7.461784782495748406e-06
7.694984737838499116e-06
7.806238468131476561e-06
7.856466614570218655e-06
8.008671582376697271e-06
8.061031945407881656e-06
8.089182397773837419e-06
8.299385991804638320e-06
8.503915328607064837e-06
8.480029816353365914e-06
8.395431649097045461e-06
8.291063225560684163e-06
8.176033556833607805e-06
8.082779588844410534e-06
1.707081908830733859e-06
9.497660032080133126e-07
4.950317090139665369e-06
2.869964810840737887e-06
2.923986488590877887e-06
2.879085935159462852e-06
2.886687839933696136e-06
2.838298427569771862e-06
2.840552900297689510e-06
2.863257942489540869e-06
2.862963074620911615e-06
2.930929920782243267e-06
2.867158779826604125e-06
2.932798192821820915e-06
2.847346105374364947e-06
2.899192837272679259e-06
2.905073890269247933e-06
2.862082284231256713e-06
2.868325857075359902e-06
2.869619147318766999e-06
2.889557900820807961e-06
3.060731253067206086e-06
3.331490419269338127e-06
3.734401573810245324e-06
5.305223381922628570e-06
8.320633484549325775e-06
5.859143264108613946e-06
3.685468838366294686e-06
2.886319782492824710e-06
2.886030240923167219e-06
2.318012780942706022e-06
5.947781863466963336e-06
1.293700429501160519e-05
1.046443865988340102e-05
3.977747608698663221e-06
2.290902821574825273e-06
2.700459229428919735e-06
2.927167904199925761e-06
2.880425549934642643e-06
2.864859616705112076e-06
2.949123761053794604e-06
3.264958276831945095e-06
3.659491566944726734e-06
4.067521024981928501e-06
4.824940284484611454e-06
5.582339222517621074e-06
5.801865772631503105e-06
5.131937837877301540e-06
5.144034254334404543e-06
5.658427923165021998e-06
5.745971732487588663e-06
6.757729407321788831e-06
