9.682613023067672551e+07
1.194872136253546178e+08
9.495287330237321556e+07
9.902470263672132790e+07
9.645120811084701121e+07
9.326632316010922194e+07
9.481511941113582253e+07
9.947477114391595125e+07
9.726244717963829637e+07
9.453281807268691063e+07
9.758563463649752736e+07
1.015298872800495178e+08
9.994230191800187528e+07
9.625588793170443177e+07
9.450430625015065074e+07
9.586570530834352970e+07
9.766190543100984395e+07
9.831609746479944885e+07
9.804495562236538529e+07
9.683302537498372793e+07
9.509035197496646643e+07
9.457030608295091987e+07
9.564512803585170209e+07
9.662019259187248349e+07
9.646182428894263506e+07
9.541928147382566333e+07
9.455610239049163461e+07
9.479635891026911139e+07
9.555578488107904792e+07
9.579161622218057513e+07
9.530481429272256792e+07
9.463596578711596131e+07
9.457692157373654842e+07
9.504142989781898260e+07
9.529482393734082580e+07
9.504326176164847612e+07
9.461038203864847124e+07
9.453693555812570453e+07
9.483055916045688093e+07
9.499175371738895774e+07
9.480468789371266961e+07
9.453962853316912055e+07
9.455058040698519349e+07
9.474679275328680873e+07
9.479814879589492083e+07
9.463961892822179198e+07
9.450588237630601227e+07
9.457147222983616590e+07
9.468764720356784761e+07
9.465899078781896830e+07
1.043542522132047117e+08
8.157765786898048222e+07
8.881449176324394345e+07
8.311353660437378287e+07
8.088457583073385060e+07
8.255448634141300619e+07
8.304555313982668519e+07
8.219455015671038628e+07
8.100580905449742079e+07
8.097599537739667296e+07
8.214450281015124917e+07
8.212006417818945646e+07
8.109970616490931809e+07
8.084282511856855452e+07
8.139091242665722966e+07
8.234148771209536493e+07
8.183370088413952291e+07
8.095655306918409467e+07
8.084328148458817601e+07
8.095875037579494715e+07
8.148706880085450411e+07
8.167444551006385684e+07
8.127170379539823532e+07
8.086637143593749404e+07
8.096177282938414812e+07
8.219213247223559022e+07
8.254573465022659302e+07
8.146941288541892171e+07
8.090518612289898098e+07
8.103904606199833751e+07
8.201781733732655644e+07
8.198163007955886424e+07
8.109854028994396329e+07
8.084328147741106153e+07
8.128091941826879978e+07
8.190553193929962814e+07
8.156310484107002616e+07
8.096124299970340729e+07
8.084328148458817601e+07
8.101387373875635862e+07
8.122336885027495027e+07
8.127753770314019918e+07
8.096209570575317740e+07
8.084410730486564338e+07
8.086502161854059994e+07
8.100686366809001565e+07
8.107985284946858883e+07
8.096585966541428864e+07
8.100098089498251677e+07
8.084328148458817601e+07
9.400443315133011341e+07
1.090685193728113621e+08
9.865572789657774568e+07
9.486505381223142147e+07
9.403481658168449998e+07
9.402185886168792844e+07
9.584973682809449732e+07
9.402377132600006461e+07
9.403474939148107171e+07
9.393755616589300334e+07
9.609696075498907268e+07
9.615006617797945440e+07
9.585220743506664038e+07
9.591763384404489398e+07
9.600230869175642729e+07
9.564328935895474255e+07
9.595430169752216339e+07
9.565005343959555030e+07
9.585484692594972253e+07
9.575242288595451415e+07
9.570697387692257762e+07
9.580659672333317995e+07
9.558626638417480886e+07
9.578957789947783947e+07
9.557765519289690256e+07
9.574568180771146715e+07
9.560693346469438076e+07
9.570354705698917806e+07
9.562566554117849469e+07
9.566558832310932875e+07
9.563943390557608008e+07
9.563509986116616428e+07
9.563714625219681859e+07
9.561841979822784662e+07
9.563083539157523215e+07
9.560709640830051899e+07
9.562055562171781063e+07
9.560319812989215553e+07
9.561022482475522161e+07
9.560140423289938271e+07
9.559957560293205082e+07
9.560235055545671284e+07
9.559049220205107331e+07
9.560361720950216055e+07
9.558254041876883805e+07
9.560406684207144380e+07
9.557766902096153796e+07
9.560254798009392619e+07
9.557600426470786333e+07
9.559750377409180999e+07
8.646832441472887993e+07
9.286858407006116211e+07
9.308996062607702613e+07
9.718763279149252176e+07
9.745259142009341717e+07
9.316622622142441571e+07
9.308308577738820016e+07
9.339524820683257282e+07
9.343069635613551736e+07
9.290521953705440462e+07
9.300460371103617549e+07
8.761613008737906814e+07
8.452279806422448158e+07
9.116901449987193942e+07
9.296316518267506361e+07
9.298088631101305783e+07
9.284692594538219273e+07
9.288297595229507983e+07
9.301078530575868487e+07
9.308758809638655186e+07
9.308712507378783822e+07
9.301563206002849340e+07
9.290183705886265635e+07
9.283599095299252868e+07
9.288530409184592962e+07
9.295484021455183625e+07
9.298029293517595530e+07
9.296927630809932947e+07
9.292000750126065314e+07
9.285253953982481360e+07
9.284139829109321535e+07
9.288761478019288182e+07
9.292054616512051225e+07
9.290663580016328394e+07
9.286189544393000007e+07
9.283591213148349524e+07
9.285620206617805362e+07
9.288415285756461322e+07
9.288274250462722778e+07
9.285540703776231408e+07
9.283608180333189666e+07
9.284724093297761679e+07
9.286558900328838825e+07
9.286414646666692197e+07
9.284602694841375947e+07
9.283590589622634649e+07
9.284519033672897518e+07
9.285559994274556637e+07
9.285100571871837974e+07
9.283893733861172199e+07
9.483835118924631178e+07
9.647831362253677845e+07
9.870779754407066107e+07
1.141277681794298589e+08
1.002367976429372132e+08
9.879073887994275987e+07
9.544226388841196895e+07
9.626429043099933863e+07
9.208129297685465217e+07
9.364493785219553113e+07
9.208115439769238234e+07
9.519352101445072889e+07
9.187664866537389159e+07
9.208116113258853555e+07
9.208095366916260123e+07
9.208115533243371546e+07
9.208115533243371546e+07
9.208103528166314960e+07
9.208140989781533182e+07
9.207688447068133950e+07
9.194170071686039865e+07
9.358905745961761475e+07
9.208115486661426723e+07
9.521983243955646455e+07
9.245275471313542128e+07
9.207775543146413565e+07
9.658111110394224524e+07
9.486890124876837432e+07
9.493152222950677574e+07
9.643113974081772566e+07
9.753912575192703307e+07
9.784744883861623704e+07
9.755302807726672292e+07
9.658270146828800440e+07
9.523206290649637580e+07
9.466991346490965784e+07
9.497258735800290108e+07
9.587772706995400786e+07
9.630489083491064608e+07
9.576995242251424491e+07
9.497446206796655059e+07
9.471880359200090170e+07
9.477006682971192896e+07
9.525083291100382805e+07
9.551651141589562595e+07
9.532446476274211705e+07
9.487960037765502930e+07
9.466002225302407146e+07
9.479099216533342004e+07
9.492469733105038106e+07
9.008078691150881350e+07
9.918809716173008084e+07
9.152426433241984248e+07
8.840056875614804029e+07
8.884549478569127619e+07
9.667041306976038218e+07
1.052958844362210035e+08
1.010504641974163651e+08
9.489964226817673445e+07
9.024545815115574002e+07
9.004164907752633095e+07
8.796984560824555159e+07
9.020352392365506291e+07
8.924221519135308266e+07
9.169784964856514335e+07
9.257127677662307024e+07
9.215420480579024553e+07
9.046731291807818413e+07
8.886197800044962764e+07
9.015129407855872810e+07
8.974829055814670026e+07
8.774904309747210145e+07
8.745476240785385668e+07
8.765590553338471055e+07
8.745476466186833382e+07
8.745041656274482608e+07
8.798021653149230778e+07
8.775766655029600859e+07
8.769605772163933516e+07
8.757925230812814832e+07
8.743326402934409678e+07
8.783413357552923262e+07
8.935195285134655237e+07
8.976809957382696867e+07
8.965769627666828036e+07
8.889230975941519439e+07
8.742268779088805616e+07
8.784298492757709324e+07
8.756342466594840586e+07
8.750078421479955316e+07
8.790320034547185898e+07
8.745476466186967492e+07
8.779608331333801150e+07
8.745476466184949875e+07
8.744115303210225701e+07
8.796022710122363269e+07
8.923841260069307685e+07
8.960558784177164733e+07
8.937816320888048410e+07
8.791275963473245502e+07
8.343867799714088440e+07
8.343867764641323686e+07
9.220309794372636080e+07
8.327709798792502284e+07
8.545351944343814254e+07
8.343867794695271552e+07
8.662134438347221911e+07
8.407946142560878396e+07
8.341566651907795668e+07
8.806632414998249710e+07
8.940856689711259305e+07
8.991276881247980893e+07
8.911979441505476832e+07
8.789168795255172253e+07
8.326904085136899352e+07
8.343867632956369221e+07
8.432725696978083253e+07
8.326671241429409385e+07
8.342726073184114695e+07
8.343867799714086950e+07
8.343867799714088440e+07
8.343733989528727531e+07
8.339359915411411226e+07
8.333053262401652336e+07
8.330531917842930555e+07
8.336766336972101033e+07
8.341020893988820910e+07
8.340941638524383307e+07
8.336603893166494370e+07
8.328598454402031004e+07
8.332559122485652566e+07
8.337435020786637068e+07
8.341938491140066087e+07
8.342664480354435742e+07
8.342736992555363476e+07
8.342347448920023441e+07
8.340557346948800981e+07
8.330206493515920639e+07
8.366547475097972155e+07
8.343319931432962418e+07
8.343867799714088440e+07
8.335024085752022266e+07
8.495233304778489470e+07
8.342932828686247766e+07
8.343848662329900265e+07
8.350132117688180506e+07
8.335862925761561096e+07
8.342793697741520405e+07
8.343867799714088440e+07
8.343852091389887035e+07
8.837423108489856124e+07
9.304457675550082326e+07
9.023887825428441167e+07
8.937549970486718416e+07
9.120072925768876076e+07
8.866928387566937506e+07
9.031209364244639874e+07
9.134019507903891802e+07
9.132349005612210929e+07
9.039137464182510972e+07
8.738586060659366846e+07
9.028407659635660052e+07
8.817915200318151712e+07
8.903448566382691264e+07
8.970722675683988631e+07
8.758287756477972865e+07
8.920183215422780812e+07
8.888376150557753444e+07
8.757804758564740419e+07
8.893349956912654638e+07
8.777922149328592420e+07
8.814601742470219731e+07
8.842247133487971127e+07
8.738598008782753348e+07
8.835409807815968990e+07
8.762100185548421741e+07
8.784412582101631165e+07
8.798800789749741554e+07
8.740362740880492330e+07
8.800139293096804619e+07
8.741364790150015056e+07
8.777821700685864687e+07
8.761214187611451745e+07
8.750715600591282547e+07
8.771620702306666970e+07
8.736459329684552550e+07
8.769099741205142438e+07
8.737056431960859895e+07
8.759751190013906360e+07
8.743327561680927873e+07
8.749297268341274559e+07
8.748223261075954139e+07
8.741442753444734216e+07
8.749934858723011613e+07
8.737153510553929210e+07
8.749204039169993997e+07
8.735608872208166122e+07
8.747280289326021075e+07
8.735471068205451965e+07
8.745076679017224908e+07
9.389912471315535903e+07
8.770797536492955685e+07
8.443441917470294237e+07
9.344328544178569317e+07
9.560195249332578480e+07
9.465021963709026575e+07
9.158000240969014168e+07
8.451796419258096814e+07
8.602823357130163908e+07
8.845461687488335371e+07
8.436169588911129534e+07
8.449960795004504919e+07
8.445561134124375880e+07
8.639191564688894153e+07
8.467652317693884671e+07
8.452372820615252852e+07
8.451678770598983765e+07
8.440592784350046515e+07
8.525305641374397278e+07
8.453880982239994407e+07
8.452005810703870654e+07
8.449960669364747405e+07
8.449608561769181490e+07
8.449719660002201796e+07
8.445406068305402994e+07
8.474969850793600082e+07
8.434426584917590022e+07
8.451230955330581963e+07
8.450952938469892740e+07
8.449960795004528761e+07
8.449960053843156993e+07
8.451517034265042841e+07
8.453659191614708304e+07
8.445230454449403286e+07
8.436946580620422959e+07
8.451452411460366845e+07
8.432242679477593303e+07
8.445183109061828256e+07
8.445875654326668382e+07
8.432478223485638201e+07
8.445074515978634357e+07
8.435890684997865558e+07
8.439375584315566719e+07
8.441661442897082865e+07
8.432261700153183937e+07
8.441270202522626519e+07
8.432468941764952242e+07
8.438885332367908955e+07
8.435116829007837176e+07
8.436303496060419083e+07
8.324601262922205031e+07
8.911040205679586530e+07
9.076723796451859176e+07
8.569283791771207750e+07
8.473771047537279129e+07
8.200182664935988188e+07
8.203825698846098781e+07
8.177980962980981171e+07
8.195025025846712291e+07
8.181667102858155966e+07
8.305170131891006231e+07
8.200214096297967434e+07
8.331619427394205332e+07
8.179825987544816732e+07
8.199489083732256293e+07
8.200213350980481505e+07
8.200214096294495463e+07
8.200214096297967434e+07
8.200214096297967434e+07
8.200214096297967434e+07
8.200214095825189352e+07
8.200213792689678073e+07
8.200202228147087991e+07
8.199879306440895796e+07
8.195684421482622623e+07
8.194005704518453777e+07
8.200180598389461637e+07
8.200214096297967434e+07
8.200140859615182877e+07
8.178743018134903908e+07
8.213033566886079311e+07
8.200214096297967434e+07
8.204216330057278275e+07
8.178494820624047518e+07
8.181020682762199640e+07
8.208968187651857734e+07
8.200214096297967434e+07
8.186147165157680213e+07
8.465246432013952732e+07
8.546108546958675981e+07
8.576337440827316046e+07
8.574203070094999671e+07
8.532923223736649752e+07
8.460378255775974691e+07
8.190873763587099314e+07
8.200214096297967434e+07
8.199883985692892969e+07
8.217500739809501171e+07
8.200214096297954023e+07
8.197333179811075330e+07
8.874486705044844747e+07
9.119083074703001976e+07
9.644480015278008580e+07
9.276864760897979140e+07
9.248012706893575191e+07
9.268613443626350164e+07
8.796963093237234652e+07
8.925116101541216671e+07
8.783503749723589420e+07
8.797984623515278101e+07
8.804879559954914451e+07
8.800255768411222100e+07
8.798929405283077061e+07
8.819654885389047861e+07
8.796872526967984438e+07
8.798910218936803937e+07
8.798929405292645097e+07
8.798929405292645097e+07
8.798900790343959630e+07
8.797618086863330007e+07
8.812559403963620961e+07
8.798929405292645097e+07
8.825354399129809439e+07
8.823038796775981784e+07
8.808805761102369428e+07
8.793436015770988166e+07
8.790984379887956381e+07
8.795984127015177906e+07
8.807576418805503845e+07
8.812428823865211010e+07
8.778844951799234748e+07
8.804442783267924190e+07
8.827018655202756822e+07
8.798929405292645097e+07
8.826348611256569624e+07
8.837754850135944784e+07
8.799852542206653953e+07
8.779752562503741682e+07
8.782448781046545506e+07
8.805286087064047158e+07
8.812957613228598237e+07
8.806915194647392631e+07
8.781479700362607837e+07
8.780374126319292188e+07
8.798323139877800643e+07
8.827984490590637922e+07
8.820068236078128219e+07
8.820736059934654832e+07
8.804425030217683315e+07
8.785577048430323601e+07
7.658136321842864156e+07
9.567105483766904473e+07
8.730235983153817058e+07
7.601376923544311523e+07
7.727132667726245522e+07
8.348509535050061345e+07
8.454550681674599648e+07
7.929143575336027145e+07
7.629097469520437717e+07
7.641276193639326096e+07
7.703199416880190372e+07
7.830072198262782395e+07
7.928500525738607347e+07
7.896816838332757354e+07
7.802992042075772583e+07
7.678591215268552303e+07
7.695250820936568081e+07
7.682051396729388833e+07
7.586765122343090177e+07
7.729793490127152205e+07
7.793862036208531260e+07
7.814629170715706050e+07
7.804616301147443056e+07
7.767368410337683558e+07
7.650910902032086253e+07
7.695817256318190694e+07
7.638693134036442637e+07
7.570869558875750005e+07
7.757458153013512492e+07
7.827030711778102815e+07
7.861722345421347022e+07
7.829416693070377409e+07
7.770854295753431320e+07
7.613497693998503685e+07
7.639709566373465955e+07
7.648338573751889169e+07
7.817564525152157247e+07
8.224858207193928957e+07
8.298874062328240275e+07
7.925983891181746125e+07
7.694715166742065549e+07
7.640106315948955715e+07
7.585502721791946888e+07
7.794774840144662559e+07
7.911795248835334182e+07
7.941856767280006409e+07
7.834582311649960279e+07
7.732211464566987753e+07
7.628724820105494559e+07
7.695348965484602749e+07
8.771086521123260260e+07
1.055836482450363636e+08
8.949262191621267796e+07
9.182863515293094516e+07
9.671525405173665285e+07
9.246832954073572159e+07
8.773298224185872078e+07
8.826120623498246074e+07
9.458318909916914999e+07
9.675905320788443089e+07
9.326065962589286268e+07
8.821851210439729691e+07
8.772469378763061762e+07
8.831993423366935551e+07
9.106128236268436909e+07
9.167517728991267085e+07
8.902929460322943330e+07
8.780431594898644090e+07
8.770456969979217649e+07
8.829069395659710467e+07
8.834470919060793519e+07
8.872513401320144534e+07
8.824423349441674352e+07
8.827133168157210946e+07
8.786992724575924873e+07
8.774197502255070210e+07
8.772467074034978449e+07
8.789670765498408675e+07
8.825858361164343357e+07
8.830497245539829135e+07
8.825121202986079454e+07
8.836066176137854159e+07
8.824649807996788621e+07
8.831875882982051373e+07
8.832745853234583139e+07
8.832558199974894524e+07
8.828474866133888066e+07
8.773084511561563611e+07
8.771470690716154873e+07
8.772401671681997180e+07
8.786558801949237287e+07
8.832202269922219217e+07
8.893589475653992593e+07
8.836509315267486870e+07
8.821323056849548221e+07
8.772469378763061762e+07
8.783522523057955503e+07
8.831583470138992369e+07
8.830733660448956490e+07
8.822275895344842970e+07
7.826864488522988558e+07
8.581088090626858175e+07
8.654775125246039033e+07
8.434494891791492701e+07
8.403640497758802772e+07
8.513281429005260766e+07
8.541041089720208943e+07
8.524842890305122733e+07
8.457019603268745542e+07
8.346519825022625923e+07
8.431524028611582518e+07
8.440798519569492340e+07
8.335841982721257210e+07
8.393995880285367370e+07
8.428983916154015064e+07
8.405488975523680449e+07
8.346851541983017325e+07
8.359992144422540069e+07
8.403896544358997047e+07
8.341489997178411484e+07
8.352663853000420332e+07
8.381475765679819882e+07
8.369993320046865940e+07
8.338221621437078714e+07
8.353648914660355449e+07
8.367577850236797333e+07
8.336771819455303252e+07
8.347775837510108948e+07
8.360217856748037040e+07
8.346235550986298919e+07
8.336348842584133148e+07
8.353489461388690770e+07
8.343608486890842021e+07
8.336833461106009781e+07
8.347745013152286410e+07
8.344852661117306352e+07
8.335614386701101065e+07
8.343355032744136453e+07
8.342432049988368154e+07
8.335633353398364782e+07
8.341627342124994099e+07
8.341132225455383956e+07
8.335609014547944069e+07
8.339914402961874008e+07
8.339250938728334010e+07
8.335654564695334435e+07
8.339244760913665593e+07
8.338138603241792321e+07
8.335620005131879449e+07
8.338583895853282511e+07
1.024727055212337673e+08
9.513672184443293512e+07
9.401342743975381553e+07
1.129467511485375762e+08
1.086474282919020057e+08
9.754673538396090269e+07
9.746014473847950995e+07
9.964598420530182123e+07
9.519794001051348448e+07
9.682692676225294173e+07
9.804923271690532565e+07
9.467323050274649262e+07
9.510414219835478067e+07
9.504584067277970910e+07
9.483341097374634445e+07
9.819327050467355549e+07
9.775918458575643599e+07
9.529549473133546114e+07
9.512485737366017699e+07
9.466513095824807882e+07
9.611768620169356465e+07
9.523786428539687395e+07
9.527269145874869823e+07
9.576301832154090703e+07
9.473826918847976625e+07
9.481954470453456044e+07
9.548437902282194793e+07
9.528310731679359078e+07
9.501625231378743052e+07
9.501608883789150417e+07
9.528647533652202785e+07
9.501868798178192973e+07
9.676805717926749587e+07
9.466169123162046075e+07
9.529619819343006611e+07
9.501055545737341046e+07
9.501715176185622811e+07
9.499470882330420613e+07
9.528601640074980259e+07
9.523847284855431318e+07
9.476974597217887640e+07
9.465286151605996490e+07
9.471869354107633233e+07
9.506892440877757967e+07
9.528394627715803683e+07
9.501713129197825491e+07
9.493877922471582890e+07
9.890151868510571122e+07
9.977902940292501450e+07
9.970062243820491433e+07
9.670192717668423057e+07
9.865856105043002963e+07
1.013553215264337659e+08
1.002296234057575166e+08
9.610594759885916114e+07
9.655361678616511822e+07
9.899517824130818248e+07
9.643225329948210716e+07
9.956840817890051007e+07
9.931506208365733922e+07
9.995754753921794891e+07
1.012947863002951294e+08
9.935666517906296253e+07
9.912242443841978908e+07
1.001435897812344730e+08
1.002327054511170834e+08
1.001412307593700290e+08
9.845358217139191926e+07
9.619787038035640121e+07
9.711487530354961753e+07
1.002217934274779409e+08
9.854199911614623666e+07
1.000255161269048452e+08
1.008423574847693592e+08
9.926852375443291664e+07
9.881104830299040675e+07
9.994334413397297263e+07
1.000505638683412671e+08
9.942552386393272877e+07
9.850771340521246195e+07
9.950800446341876686e+07
9.938960067107346654e+07
9.849082239064384997e+07
9.913581584998030961e+07
9.927689303429564834e+07
9.853601971688143909e+07
9.887143898456202447e+07
9.910707086632162333e+07
9.853777927717980742e+07
9.877276566706991196e+07
9.894364839555880427e+07
9.850021908151113987e+07
9.873388889255452156e+07
9.880443081095573306e+07
9.848435736881467700e+07
9.871293089761161804e+07
9.868009487121431530e+07
9.848723252423620224e+07
9.869240528096294403e+07
9.857969010659018159e+07
9.984816631335830688e+07
9.448515849118438363e+07
1.013870748765458465e+08
9.952566190344092250e+07
1.128684617358356714e+08
9.774702130653277040e+07
1.013128298477617502e+08
9.995288424686023593e+07
9.464037966803720593e+07
9.247377231195992231e+07
9.503185412459146976e+07
9.805842255998411775e+07
1.003597147439284474e+08
1.010632052941571027e+08
1.012172023513741195e+08
1.011503680177934170e+08
1.007710483566460609e+08
9.958305401568049192e+07
9.670822013289427757e+07
9.456734665693001449e+07
9.289368734380975366e+07
9.458885389538946748e+07
9.689473055754247308e+07
9.786827319514389336e+07
9.702720856148283184e+07
9.449830207704403996e+07
9.416350539533236623e+07
9.235192219981075823e+07
9.534408364619749784e+07
9.872687806194773316e+07
9.988535338650950789e+07
9.991420399927720428e+07
9.894338771290031075e+07
9.641015585000771284e+07
9.489935624905727804e+07
9.247803650434187055e+07
9.453059414141976833e+07
9.867279164534221590e+07
1.007650911944852471e+08
1.013623778078786433e+08
1.014071210286598802e+08
1.010735996657041609e+08
9.990539389849548042e+07
9.779587464955449104e+07
9.982582535720825195e+07
9.984776554246479273e+07
9.768730778057646751e+07
9.902118257097989321e+07
9.968317280215530097e+07
9.915568236025178432e+07
1.192565565115565807e+08
1.025519768765415400e+08
1.064684294328551441e+08
1.282714980613802969e+08
1.284449691075215042e+08
1.102929050408730507e+08
1.065596546109231412e+08
1.034033089131190181e+08
1.012215137800042033e+08
1.069168264835242778e+08
1.056705716816390008e+08
1.081677572641611844e+08
1.127411068681324720e+08
1.092545790386299491e+08
1.054228109827972203e+08
1.063621399306208938e+08
1.071546730890430212e+08
1.053601014029928148e+08
1.016178207412417531e+08
1.012734306983873248e+08
1.032328158446693718e+08
1.056714282932444811e+08
1.062648143197093457e+08
1.055224768542699814e+08
1.032232698375392258e+08
1.012625970624813139e+08
1.012717648555580974e+08
1.017750096160408705e+08
1.028188673937817067e+08
1.025823666911062598e+08
1.013552730519048274e+08
1.012752699492664933e+08
1.012763669643854797e+08
1.013693295574107766e+08
1.019049073513599485e+08
1.014645133114990592e+08
1.012850025146145225e+08
1.012759973960939497e+08
1.012717312983845472e+08
1.012248005348142385e+08
1.016422710062876046e+08
1.016031549627121687e+08
1.012267365416333675e+08
1.012761304190457910e+08
1.012759973960939348e+08
1.012759973960664570e+08
1.012727004920165390e+08
1.012784530304300487e+08
1.012004738316077888e+08
1.013718355401265919e+08
9.222768244628155231e+07
1.011701687019771338e+08
9.566113246765384078e+07
9.221096769066724181e+07
9.434421098984456062e+07
1.020014658239973783e+08
1.012852266138098836e+08
9.429002189494374394e+07
9.493386253956203163e+07
9.564639216676904261e+07
9.667276317852330208e+07
9.898291187747767568e+07
9.493234646749459207e+07
9.541894231579060853e+07
9.334017865627735853e+07
9.488743970113578439e+07
9.504793055211278796e+07
9.492727386161667109e+07
9.707146202604845166e+07
9.520640239561012387e+07
9.456895296991221607e+07
9.551649534573855996e+07
9.559447608263829350e+07
9.329080019483269751e+07
9.221277772976395488e+07
9.524479615669149160e+07
9.558632228894770145e+07
9.894424953847548366e+07
9.761574505283905566e+07
9.426910003753149509e+07
9.541854665272764862e+07
9.495142499732825160e+07
9.234644044513419271e+07
9.533675356668604910e+07
9.534732906884619594e+07
9.426350801076276600e+07
9.579897090527386963e+07
9.597734568975144625e+07
9.429457096887657046e+07
9.486621177592751384e+07
9.543893358114755154e+07
9.557546917839129269e+07
9.553619853601601720e+07
9.525272999435156584e+07
9.453604467105938494e+07
9.447497407387539744e+07
9.525116303527480364e+07
9.446839230460989475e+07
9.442944284487536550e+07
9.487543243281044066e+07
8.097751021703855693e+07
8.107437612952661514e+07
9.387328455562365055e+07
9.019402546385590732e+07
8.086376872037653625e+07
8.013306390440395474e+07
8.061595869999016821e+07
8.165380722131945193e+07
8.378093330371588469e+07
8.085924469497866929e+07
8.112352414225558937e+07
8.018222891018447280e+07
7.895733686057737470e+07
8.112681943135467172e+07
8.101817076592630148e+07
8.352544540429854393e+07
8.140096505593585968e+07
8.120729803512284160e+07
8.067338114213082194e+07
7.937804808085006475e+07
7.953771849095687270e+07
8.052688213696150482e+07
8.082907373516988754e+07
8.103782711866006255e+07
8.095364015796832740e+07
8.063977128481364250e+07
8.043951027500459552e+07
7.904609848641487956e+07
7.895804056003701687e+07
8.005185230166530609e+07
7.998780521604895592e+07
7.889790137117761374e+07
7.892242621040958166e+07
8.046198120841920376e+07
8.069320125250753760e+07
8.095124438816812634e+07
8.090506601719871163e+07
8.062709081622454524e+07
8.044195664069162309e+07
7.910667496492545307e+07
7.900999997940447927e+07
8.054625289296364784e+07
8.124113284094941616e+07
8.086164891090345383e+07
8.200037715781524777e+07
8.143879629542808235e+07
8.097285531829032302e+07
8.124431708600133657e+07
8.081484400924400985e+07
8.038002833230166137e+07
8.486220472868177295e+07
9.322886060012039542e+07
8.916515379267412424e+07
8.657938632157130539e+07
9.593073397182434797e+07
1.119732049954913855e+08
1.062512361629114598e+08
9.657380398585164547e+07
9.454741161580547690e+07
8.657563092901191115e+07
8.476823735071131587e+07
8.946121957957291603e+07
8.662701866745361686e+07
9.057954187188813090e+07
9.128709831809297204e+07
8.902393940093177557e+07
8.657918620471572876e+07
8.937759273983959854e+07
8.968832529021662474e+07
8.968586534490814805e+07
8.936843670002722740e+07
8.676994733005970716e+07
8.805900752421137691e+07
8.916906591569271684e+07
8.736989671989533305e+07
8.707980798030704260e+07
8.831522725580379367e+07
8.661091712125027180e+07
8.726852222567266226e+07
8.784675030895946920e+07
8.656412686300158501e+07
8.721370271160522103e+07
8.728548705224901438e+07
8.641823578340664506e+07
8.724452173648497462e+07
8.680376303490932286e+07
8.650259454632629454e+07
8.707419929066234827e+07
8.637874225235414505e+07
8.678782873020911217e+07
8.672949679487630725e+07
8.638671772131398320e+07
8.680936209448595345e+07
8.639426718816979229e+07
8.660451161884109676e+07
8.659275633239319921e+07
8.638273243058958650e+07
8.663906758634549379e+07
8.637130888154101372e+07
8.653592592780655622e+07
9.938337488449814916e+07
1.097230676072244644e+08
1.147980550271421373e+08
1.088794764481322169e+08
9.768223136567015946e+07
9.470100017830699682e+07
9.538946113859781623e+07
9.961788662094785273e+07
9.972774137863475084e+07
9.912796288353797793e+07
9.748157393485644460e+07
9.900974818086478114e+07
9.868041020113702118e+07
9.747316997400903702e+07
9.849074679256749153e+07
9.861989083311015368e+07
9.769200866969354451e+07
9.777488891460618377e+07
9.839669797533789277e+07
9.756251734686982632e+07
9.772730270715193450e+07
9.813186268452709913e+07
9.770949796878983080e+07
9.750472652847275138e+07
9.796861748152318597e+07
9.760621912204508483e+07
9.752592863051247597e+07
9.782167140207272768e+07
9.761282224240149558e+07
9.747139172873286903e+07
9.773502532283489406e+07
9.753248123004344106e+07
9.749665451395000517e+07
9.765992500408233702e+07
9.750927115080554783e+07
9.748554601228076220e+07
9.760966538050390780e+07
9.746208394705154002e+07
9.750847080696649849e+07
9.755749639162543416e+07
9.744968808879181743e+07
9.751125691011267900e+07
9.751117220748180151e+07
9.744660034927013516e+07
9.751299401149958372e+07
9.747512267259654403e+07
9.745547470024651289e+07
9.750083840097805858e+07
9.744894594238154590e+07
9.747205004109922051e+07
9.281471879289637506e+07
9.178507715515813231e+07
9.642695146346092224e+07
1.025932785391078442e+08
1.055539821699173599e+08
9.974541911037930846e+07
9.298289412501519918e+07
9.670105450020575523e+07
9.070822007466423512e+07
9.368607826632656157e+07
9.368870997308084369e+07
9.069883585096827149e+07
9.060777323948866129e+07
9.337687590587154031e+07
9.206942684237584472e+07
9.070823161643201113e+07
9.061830090397211909e+07
9.304507590472257137e+07
9.242844489161518216e+07
9.067465713551260531e+07
9.070833110589939356e+07
9.081806589358894527e+07
9.097230282579879463e+07
9.070700833616209030e+07
9.070838357503402233e+07
9.061240767885811627e+07
9.168917885835009813e+07
9.103596542673575878e+07
9.070840606065820158e+07
9.060496087922376394e+07
9.234144952979817986e+07
9.193276210886901617e+07
9.068956152671287954e+07
9.070835586748792231e+07
9.068934674127984047e+07
9.114674867735180259e+07
9.069575997878210247e+07
9.070840608233435452e+07
9.069244710055434704e+07
9.084911181429898739e+07
9.060598770010304451e+07
9.067306930054807663e+07
9.068486129614835978e+07
9.067594579810741544e+07
9.061850624243944883e+07
9.078752540450814366e+07
9.068290160324779153e+07
9.070822057803294063e+07
9.070840608233435452e+07
9.070833320695205033e+07
8.781700058454246819e+07
9.466903609641402960e+07
9.480479950607329607e+07
9.257275904069182277e+07
8.837902477775943279e+07
9.214605445537383854e+07
9.524954622998413444e+07
1.013740631511877775e+08
9.548547236280740798e+07
9.495400559351459146e+07
9.284044508385530114e+07
9.164453910252556205e+07
8.773981352846193314e+07
9.173899771427935362e+07
9.236091314500844479e+07
9.328922542036040127e+07
9.388403123091344535e+07
9.387214617987325788e+07
9.331638444650745392e+07
9.250093572310647368e+07
9.211809920317861438e+07
9.067213114115965366e+07
8.773981367114759982e+07
9.001252699377417564e+07
9.143148286506146193e+07
9.059076806946039200e+07
8.784290858730512857e+07
8.773981367114713788e+07
8.773700703824381530e+07
8.899264102519106865e+07
8.774048145587387681e+07
8.773954637979331613e+07
8.773245563686163723e+07
8.786917342068837583e+07
8.860877636454057693e+07
8.786608586809898913e+07
8.782720144713878632e+07
8.773981365116176009e+07
8.780608963338910043e+07
8.965726120429848135e+07
8.927295360950201750e+07
8.774928759673616290e+07
8.782100642149455845e+07
8.941420629717636108e+07
8.832467102694094181e+07
8.772038844546984136e+07
8.984041296091555059e+07
9.063546490785339475e+07
8.867951808344352245e+07
8.777088007948899269e+07
8.940115295665088296e+07
9.211778442988474667e+07
8.954561469888043404e+07
8.601652183900044858e+07
8.596042412424694002e+07
9.687720415044537187e+07
9.476968635447835922e+07
8.558578644901086390e+07
8.941666459183582664e+07
8.607070379187403619e+07
8.676859856369416416e+07
9.327824941092708707e+07
9.650977810009329021e+07
9.050947861564971507e+07
8.621974617871262133e+07
8.933298990131458640e+07
8.614205121913394332e+07
8.953769440271976590e+07
8.562096558517397940e+07
9.009428657091584802e+07
9.095195807569876313e+07
8.602347280086299777e+07
8.712974902109314501e+07
8.920444530796220899e+07
8.941227202120906115e+07
8.881887229674568772e+07
8.624113684552234411e+07
8.628269289518482983e+07
8.842113591645935178e+07
8.640086924342855811e+07
8.584387968351006508e+07
8.740991523123742640e+07
8.711235826748336852e+07
8.565663177876350284e+07
8.631247029434368014e+07
8.694151381668943167e+07
8.568000946392464638e+07
8.595592358498540521e+07
8.659920233321139216e+07
8.598148334973721206e+07
8.559673499697107077e+07
8.628172825374084711e+07
8.595138963553546369e+07
8.558032668315410614e+07
8.602695484006971121e+07
8.597479791255874932e+07
8.557034667981645465e+07
8.581908596244360507e+07
8.590234120016781986e+07
8.556630899330741167e+07
8.678038240829840302e+07
1.106369926790261865e+08
9.541277664595264196e+07
8.474570126915785670e+07
8.750747307360166311e+07
9.993156150242073834e+07
1.002194820606835485e+08
9.250533608585524559e+07
8.714049486278504133e+07
8.450860371417459846e+07
8.448220939556890726e+07
8.729408174891674519e+07
8.720528782846881449e+07
8.671110366877385974e+07
8.773100869806936383e+07
8.729926721185681224e+07
8.667221152598252892e+07
8.718842222762063146e+07
8.738615733999730647e+07
8.737706178519280255e+07
8.715670729774701595e+07
8.667906908381561935e+07
8.700620085081586242e+07
8.715396463585504889e+07
8.667129734897118807e+07
8.687861572957956791e+07
8.705507845495916903e+07
8.684690493515527248e+07
8.666809801997818053e+07
8.694855080014297366e+07
8.679508385452777147e+07
8.667752897434644401e+07
8.686252971237903833e+07
8.679883888738235831e+07
8.665481504403054714e+07
8.680548943967270851e+07
8.674679904870077968e+07
8.666374311069828272e+07
8.677392198627921939e+07
8.672144633845338225e+07
8.666065971009984612e+07
8.675124935476085544e+07
8.668238989198046923e+07
8.667606279715850949e+07
8.672686695136603713e+07
8.666617647611717880e+07
8.668134559908051789e+07
8.670368430841016769e+07
8.665440881459847093e+07
8.669012348919165134e+07
1.022892631429785341e+08
1.023399840561142862e+08
1.011300887180395126e+08
9.471538381477019191e+07
9.780707603864677250e+07
9.693312294518047571e+07
9.471538381477239728e+07
9.734990586336845160e+07
9.702427809819337726e+07
9.471536995349669456e+07
9.452376690997861326e+07
9.878796560630413890e+07
9.968470392470751703e+07
9.739145661675384641e+07
9.471538381477239728e+07
9.491910373955854774e+07
9.699985925514502823e+07
9.455392784023563564e+07
9.471538381477239728e+07
9.468261555933752656e+07
9.620214786503803730e+07
9.489111144743376970e+07
9.471538381475922465e+07
9.468885344418607652e+07
9.631348288631345332e+07
9.521666743710476160e+07
9.471538381471303105e+07
9.464569018710955977e+07
9.730339269970448315e+07
9.739090611483770609e+07
9.446424816281723976e+07
9.471538381477239728e+07
9.471481551115888357e+07
9.452122786592677236e+07
9.531866811968012154e+07
9.466373082640056312e+07
9.471538381470607221e+07
9.471538381477239728e+07
9.471333465887455642e+07
9.451381533553950489e+07
9.542425645734518766e+07
9.451236535798193514e+07
9.470601436068883538e+07
9.471532277478674054e+07
9.471538381477239728e+07
9.471538381477239728e+07
9.471538381477239728e+07
9.471538381476500630e+07
9.471536583001549542e+07
9.471436224416072667e+07
8.076856640183675289e+07
8.505058560970312357e+07
8.589275231978493929e+07
8.560320483375194669e+07
8.530243876468518376e+07
8.530937805523981154e+07
8.528630383296683431e+07
8.546292434694200754e+07
8.510530268970242143e+07
8.539689840077979863e+07
8.510574392588822544e+07
8.520910840953083336e+07
8.527874930050264299e+07
8.505319364416000247e+07
8.526973255294437706e+07
8.507574859963533282e+07
8.515188986525692046e+07
8.518173867931580544e+07
8.504844479363209009e+07
8.519005004889583588e+07
8.505659986770790815e+07
8.512480878648152947e+07
8.511669527154521644e+07
8.505612912383025885e+07
8.513389747120898962e+07
8.504842327245528996e+07
8.511001692723447084e+07
8.506912332274895906e+07
8.507643087226283550e+07
8.508121677902156115e+07
8.505932742801578343e+07
8.508773471626552939e+07
8.504838781660535932e+07
8.508492231897117198e+07
8.504942939579764009e+07
8.507320597080244124e+07
8.505643736459834874e+07
8.506305995971372724e+07
8.505840227369812131e+07
8.505724208028468490e+07
8.506106675613430142e+07
8.505169041851088405e+07
8.506092554128104448e+07
8.505053069384002686e+07
8.505951638926063478e+07
8.504889426461850107e+07
8.505843917333620787e+07
8.504888409064184129e+07
8.505647071444821358e+07
8.504850698813967407e+07
1.115051614798464924e+08
9.399165383864492178e+07
9.322637520403376222e+07
9.353037887705329061e+07
1.072663268055686057e+08
1.019654650809335709e+08
9.410664460707879066e+07
9.267952426019138098e+07
9.379090155393296480e+07
9.727600665766289830e+07
9.714144036776933074e+07
9.340841497020912170e+07
9.432666644838163257e+07
9.267873301633368433e+07
9.427846115258577466e+07
9.368059415259453654e+07
9.380222180082127452e+07
9.516441651657402515e+07
9.384807844880142808e+07
9.350166679576657712e+07
9.424003953191104531e+07
9.439359592345812917e+07
9.397855296758753061e+07
9.267569528845027089e+07
9.271151681250861287e+07
9.299270765381212533e+07
9.324210853730519116e+07
9.285430549525648355e+07
9.266820474384048581e+07
9.398632167666190863e+07
9.425181612936678529e+07
9.337757717595005035e+07
9.267873301633368433e+07
9.315187330844469368e+07
9.407392599959996343e+07
9.309763249178156257e+07
9.267811577835786343e+07
9.274225233628109097e+07
9.291378962438018620e+07
9.267943272511255741e+07
9.267873301633368433e+07
9.267986228958214819e+07
9.270120821573169529e+07
9.267833378748518229e+07
9.267873301633368433e+07
9.267956065326908231e+07
9.272161593319413066e+07
9.267814629906627536e+07
9.267870446625851095e+07
9.262791702815300226e+07
9.235825106661650538e+07
1.028222549297037572e+08
9.384293620479905605e+07
9.307517880627359450e+07
1.038700156399000734e+08
1.008899295730365962e+08
9.300152134275642037e+07
9.360319261217862368e+07
9.328842305605733395e+07
9.315639308338484168e+07
9.306615396060462296e+07
9.496216358672299981e+07
9.411377131523598731e+07
9.299646358459918201e+07
9.317177201218295097e+07
9.381590457214689255e+07
9.363543395013752580e+07
9.197638074629575014e+07
9.201326222853490710e+07
9.279177500506159663e+07
9.248163894672702253e+07
9.196261366859537363e+07
9.202153691642314196e+07
9.198102729711142182e+07
9.245354131277528405e+07
9.278469973288409412e+07
9.197801893478524685e+07
9.202153691642314196e+07
9.198209335878598690e+07
9.216980442754593492e+07
9.202153620552214980e+07
9.201511514187107980e+07
9.238804144857230783e+07
9.298345329843406379e+07
9.196274521470983326e+07
9.202112895487442613e+07
9.240104745767456293e+07
9.332388834236943722e+07
9.222569105937539041e+07
9.197959557551082969e+07
9.326182428660354018e+07
9.243097129838407040e+07
9.201435558119049668e+07
9.202153691586963832e+07
9.196927348107725382e+07
9.224266305990573764e+07
9.202144211007261276e+07
9.202153685574647784e+07
9.196280732864460349e+07
9.237212899876472354e+07
