1.281856308884264436e+05
1.057767467220856488e+05
8.819558986870042281e+04
7.282626241002840106e+04
5.912867695904257562e+04
4.743712524601683253e+04
3.817169109755477984e+04
3.147638992764482100e+04
2.713406551573791512e+04
2.458270186191040921e+04
2.315556261011253082e+04
2.231699655211673598e+04
2.176412875792345221e+04
2.135294214248500066e+04
2.102863176938457764e+04
2.076734952822999185e+04
2.055342832273436943e+04
2.037924646817382018e+04
2.023335734557780233e+04
2.010842112729873770e+04
1.999835432439697615e+04
1.989588969473482211e+04
1.979995969832365518e+04
1.970590224877282890e+04
1.961166186028413358e+04
1.951813584228237596e+04
1.942381275424267369e+04
1.932921792578517488e+04
1.923310880319550415e+04
1.913598058977048640e+04
1.903849138293202850e+04
1.894033710932078247e+04
1.884112890222032365e+04
1.874220165143187478e+04
1.864079358823836810e+04
1.853972787069886544e+04
1.843842253687846824e+04
1.833618549581616389e+04
1.823293290409886686e+04
1.812989753606338127e+04
1.802680151019327968e+04
1.792277102516653395e+04
1.782039228914073101e+04
1.771790293461875262e+04
1.761573589333596829e+04
1.751602187424869044e+04
1.741684836288986844e+04
1.732065413924767199e+04
1.722692332525371603e+04
1.713617286197796057e+04
5.875414772902473048e-01
4.917951231469547269e-01
4.546385334552324742e-01
4.269312224266936795e-01
3.925032688186766983e-01
3.455730497728443651e-01
2.926927357450757050e-01
2.431557503473618653e-01
1.955856973772616136e-01
1.444431295259755166e-01
9.673599485917082352e-02
7.191938835323916090e-02
5.975651415589338517e-02
4.283166078380418185e-02
2.303376246019231410e-02
1.269471709746801576e-02
1.250762789154599361e-02
1.147206144179623369e-02
9.065689344112597831e-03
6.653787450639467999e-03
5.565001173047693338e-03
6.701489624436734668e-03
8.501983658545118894e-03
8.782162072143301357e-03
7.565016852687190749e-03
5.950238136653442957e-03
4.825513479800256841e-03
4.650319907285515794e-03
5.567721786355169650e-03
7.358222870449388116e-03
9.377744039557775815e-03
1.097696689748981456e-02
1.182682120871638397e-02
1.185886893787814651e-02
1.113578648337956722e-02
9.815022687297059178e-03
8.172571809914441071e-03
6.587603450163992923e-03
5.403022624379768754e-03
4.759057661081622301e-03
4.589608022416119537e-03
4.742812676238497387e-03
5.068449911703088069e-03
5.446648259836593328e-03
5.795236279479684671e-03
6.068235279799538522e-03
6.245862985918239005e-03
6.324674356882933543e-03
6.308832588696371493e-03
6.206991822857305975e-03
6.141044348843552152e-03
1.942052352986643271e-03
1.119251433530295574e-03
7.885239269318849390e-04
5.021325655350840095e-04
3.114678995162785792e-04
1.792049056057080458e-04
1.012128316949422921e-04
8.696121043683041954e-05
1.166191860894170989e-04
1.645295668695765171e-04
2.203659974476419056e-04
2.809476452118068123e-04
3.429406372697686050e-04
3.996243764220797122e-04
4.411965260593635326e-04
4.591614261416287969e-04
4.509727730457570782e-04
4.210845416896394963e-04
3.780474676052269535e-04
3.304534739719235331e-04
2.840851536658877958e-04
2.417992646797747136e-04
2.044085421494375924e-04
1.718526335069443930e-04
1.440493058626658046e-04
1.210603276865786736e-04
1.032746037758443584e-04
9.132599124344036728e-05
8.566475530856148906e-05
8.607966769861089256e-05
9.142434510189410748e-05
9.984985524761792329e-05
1.093254872855973174e-04
1.181024287359124696e-04
1.249342471016002697e-04
1.291140181152246498e-04
1.303877540832483830e-04
1.288499776049471888e-04
1.248753456997211411e-04
1.190445044001108384e-04
1.120944455665017186e-04
1.048372383688678429e-04
9.804771314482970692e-05
9.239364988633639057e-05
8.830550836879876052e-05
8.593267282597359549e-05
8.514768240260812472e-05
8.562865973654795856e-05
8.694949380096703238e-05
2.859128441428704956e-04
2.444722304001351412e-04
1.874374041333017624e-04
2.235917177604855219e-04
2.388671569115991401e-04
2.172837908788860083e-04
1.938913414973446347e-04
1.879738474011014623e-04
2.014329117355020699e-04
2.122544493322730944e-04
2.084532193522834528e-04
1.959323502018974904e-04
1.877303724145739988e-04
1.895126274722378759e-04
1.959269417769588211e-04
2.001899664056240136e-04
1.989491608869805998e-04
1.937623534957596746e-04
1.887576281884021572e-04
1.874753021702206112e-04
1.904321883349904885e-04
1.938712651737383287e-04
1.937624998335176396e-04
1.905263278111258445e-04
1.877281811174980768e-04
1.876515490713458406e-04
1.894452343893312401e-04
1.909837230704545695e-04
1.908781171584703821e-04
1.893442475855044885e-04
1.877478172450019946e-04
1.874106708939963866e-04
1.883986522272830544e-04
1.893982770065383314e-04
1.891989964240692996e-04
1.881198813434027651e-04
1.873808710822083567e-04
1.875704075782764352e-04
1.882256021518074552e-04
1.885488466652910700e-04
1.882272090723263584e-04
1.876251274407380232e-04
1.873421878104992587e-04
1.875945462946483188e-04
1.879792530900146683e-04
1.879922804941755194e-04
1.876376310838843075e-04
1.873602001046476364e-04
1.874247213073699527e-04
1.876606776591274912e-04
9.094642829240986645e-04
3.510881976077359981e-04
1.261365914063933670e-04
2.173124972479901747e-04
3.687650991296532814e-04
3.883608197101283085e-04
2.928544643119316746e-04
1.953299379591790755e-04
1.369041058397651230e-04
1.299447398447873235e-04
1.724118334073555781e-04
2.210797841758800489e-04
2.368331438930392353e-04
2.143722848498456153e-04
1.715222610532230265e-04
1.360395923037264001e-04
1.259940385106615246e-04
1.375138445274301892e-04
1.566995472202695574e-04
1.714317645125735200e-04
1.746798193746824555e-04
1.659214829634930635e-04
1.501728461866861080e-04
1.347465622350570006e-04
1.263235251122303538e-04
1.283328393184535957e-04
1.378767595830556261e-04
1.466761087689820377e-04
1.478242387911013803e-04
1.410288784885504511e-04
1.317999672446547755e-04
1.263116237653197143e-04
1.267398558408545733e-04
1.309447907992648829e-04
1.352158391729082988e-04
1.367483345782487725e-04
1.348551344111493069e-04
1.308586451027727139e-04
1.271581005603241105e-04
1.258253805220890266e-04
1.272602775324686299e-04
1.298491703286485071e-04
1.312498256754341959e-04
1.303479544740399293e-04
1.280608280435594371e-04
1.262009790249673830e-04
1.259058268285037977e-04
1.269258896750810920e-04
1.281507051842744704e-04
1.285855352244744034e-04
8.835574164521654340e-05
1.806995453585992213e-04
9.453792793946221463e-05
1.056325477034431807e-04
1.316602237669094308e-04
1.353808402371927517e-04
1.216879149074822150e-04
9.986504304122381735e-05
8.777936050875867013e-05
1.014074821127876260e-04
1.138059755767854787e-04
1.052736110002609315e-04
9.083620181686279126e-05
8.866440250656612608e-05
9.592871884490708208e-05
1.016340841009392217e-04
1.010986328740931924e-04
9.537998762268291787e-05
8.913772800494220209e-05
8.837011083644737001e-05
9.331435214992347396e-05
9.614560032617915715e-05
9.297858764783110204e-05
8.858777033494418690e-05
8.814201104234513622e-05
9.070536024116990876e-05
9.255245979877967555e-05
9.171941164081830883e-05
8.927906151073497889e-05
8.777926347430453570e-05
8.880275315967277924e-05
9.052055947927786870e-05
9.027933257661588547e-05
8.855683253689066109e-05
8.777477894418101107e-05
8.859209562036608494e-05
8.953891897287398960e-05
8.938639186729196680e-05
8.838905177712831737e-05
8.776994387712876546e-05
8.825444294190251584e-05
8.896569510953334118e-05
8.874893541955701038e-05
8.798961846248290085e-05
8.780367235542403475e-05
8.823057590901274018e-05
8.849343110998807551e-05
8.822127892699419406e-05
8.783320230408721676e-05
8.783651942166264073e-05
2.089757741401539692e-04
1.823955536037306653e-04
1.602682165062296426e-04
1.817699723015185685e-04
1.893315615153592956e-04
1.783015095937901656e-04
1.646943077827128961e-04
1.581420212042091832e-04
1.649915402033118447e-04
1.726794001734751043e-04
1.723794561552904176e-04
1.656565867854206014e-04
1.589803381272237833e-04
1.590158490163824613e-04
1.629255991537493088e-04
1.658905819295299804e-04
1.658765726279803746e-04
1.632394950508347714e-04
1.598094259280731532e-04
1.581428571542821816e-04
1.597082157177602199e-04
1.621658914127103871e-04
1.623251561683374867e-04
1.601847119486196158e-04
1.583179117258892796e-04
1.584839989076927886e-04
1.597941788124694108e-04
1.606282742821381337e-04
1.602925021540343130e-04
1.591336586205026413e-04
1.582181757805171582e-04
1.583981638142378063e-04
1.592721896928821321e-04
1.595913576552320337e-04
1.589661856813127689e-04
1.582494330292993846e-04
1.582275694672716931e-04
1.587048760363456417e-04
1.590144082071449179e-04
1.588230252399635688e-04
1.583616895772464164e-04
1.581430013594731286e-04
1.583645072130095794e-04
1.586475488959600299e-04
1.585727301740650903e-04
1.582677606847780738e-04
1.581434445660700669e-04
1.582911218679216984e-04
1.584600502938055488e-04
1.584159989767550169e-04
6.379677942524395601e-04
2.173300976231535469e-04
7.650486064665338909e-05
1.762879372384366689e-04
2.661187409035201514e-04
2.552201224714160509e-04
1.851463348810754718e-04
1.166895736127598237e-04
7.553849801052627130e-05
8.361957054523478229e-05
1.299773752394055531e-04
1.588574315670615881e-04
1.463371101093553816e-04
1.084664584882965378e-04
7.766279908341666705e-05
7.325461734668826930e-05
8.725927414258193905e-05
1.038320458262897891e-04
1.128277843129096039e-04
1.106279263130533581e-04
9.931645139575051291e-05
8.457950356506944891e-05
7.375324016723155789e-05
7.294469636798437914e-05
8.163045399513430868e-05
9.072464847938765454e-05
9.133297440525738086e-05
8.356812085936663305e-05
7.489729549256955222e-05
7.188940680282054430e-05
7.479320473084364728e-05
7.956416732680718080e-05
8.223792277222330329e-05
8.118887595924313835e-05
7.735763327167634773e-05
7.336282600651659663e-05
7.188499685352553892e-05
7.362227306785144648e-05
7.643512034922461391e-05
7.732060426546195247e-05
7.552107338296884769e-05
7.295774072853719572e-05
7.187396201521042071e-05
7.269279894929199341e-05
7.415934830837158515e-05
7.482953117193922189e-05
7.419290577657392720e-05
7.286265599508446027e-05
7.194553649200258671e-05
7.210312159552448590e-05
9.766495540488841437e-05
6.419417766109609632e-05
5.984914898979039680e-05
7.290423873979184357e-05
7.406424039173623540e-05
6.517034389451105425e-05
5.921109537313214784e-05
5.815280787476917912e-05
6.133833027340706732e-05
6.466331011075051542e-05
6.561511779290883737e-05
6.410740694636485868e-05
6.117390534407087595e-05
5.857241168740218043e-05
5.796870179531666173e-05
5.917962398634338673e-05
6.078822180188590070e-05
6.156744787547043657e-05
6.105634405951263031e-05
5.971511486842935037e-05
5.841017272509585478e-05
5.790512948093535475e-05
5.838789425456234280e-05
5.926201192390473073e-05
5.972257961087181893e-05
5.944578613397442977e-05
5.868288049242519121e-05
5.803977454026613004e-05
5.793837691277680042e-05
5.830351170843876536e-05
5.872848720429858332e-05
5.884718642492598015e-05
5.859720119633622464e-05
5.818334135543726563e-05
5.792181312236315937e-05
5.797404329439096479e-05
5.822165416155828651e-05
5.839214948304505493e-05
5.833219952924118901e-05
5.811172389336978050e-05
5.793305448142776744e-05
5.792315980027688696e-05
5.803807272656115804e-05
5.814515898384532808e-05
5.813770211883512043e-05
5.803419544616042269e-05
5.792944838864184291e-05
5.790951066711999741e-05
5.797118112244442612e-05
5.803663689407951302e-05
6.830621915400379674e-04
1.198338311520847005e-04
7.526241751775066382e-05
2.411475123190026919e-04
2.998794205286935393e-04
2.166066536196512341e-04
1.104742672333503299e-04
4.258122540578307305e-05
4.660495640369865871e-05
1.102233881500859979e-04
1.521688908401110400e-04
1.343382005342626847e-04
8.108246470878316696e-05
4.009217517241773100e-05
3.718100159338002516e-05
5.905316030178571935e-05
8.220708321403449338e-05
9.167963877648308468e-05
8.359090780847080202e-05
6.381674556838484876e-05
4.342977413480382076e-05
3.402279290958775380e-05
4.087947544981963046e-05
5.575374402679424899e-05
6.307511141575634266e-05
5.627130395837944579e-05
4.278981249483821412e-05
3.450290182374984182e-05
3.595254769313975979e-05
4.281927879799114057e-05
4.831128995441267193e-05
4.840706969137011242e-05
4.346921945810913566e-05
3.717543846245407047e-05
3.401729943962496098e-05
3.587505820569887133e-05
4.010368899511319266e-05
4.201502015606831228e-05
3.975291148105899986e-05
3.588681188759626424e-05
3.399752668676534742e-05
3.506470099788470729e-05
3.728678660315240745e-05
3.834818533309689796e-05
3.738157724759053426e-05
3.535581625157821278e-05
3.405010714377053452e-05
3.442264335231822717e-05
3.574137721923192711e-05
3.639498857462534234e-05
1.547893031599962231e-04
2.754661893396341760e-04
1.613757416448714712e-04
1.683668000088275559e-04
2.135515954934784778e-04
1.791108247871133472e-04
1.457860052682037502e-04
1.577507349880557272e-04
1.795121917927383463e-04
1.779510746583695788e-04
1.586246465890950958e-04
1.453068786901917013e-04
1.519406187407443623e-04
1.651400487541872459e-04
1.633594043055353864e-04
1.507739084510823055e-04
1.450302400355982897e-04
1.505184072762412808e-04
1.571944591781438989e-04
1.563224731555209741e-04
1.495139017241278105e-04
1.450617450812874247e-04
1.475693957095335095e-04
1.521910257405618158e-04
1.516604074980194535e-04
1.471064112394201593e-04
1.450168418349341549e-04
1.471622700406398582e-04
1.495954372279023007e-04
1.488374246795568998e-04
1.461297442818731626e-04
1.450324024496694455e-04
1.465722310360679950e-04
1.479054165092749738e-04
1.469039234886398743e-04
1.452360150062561965e-04
1.452815494653614823e-04
1.465030750118019218e-04
1.468270509436016952e-04
1.458119968693935683e-04
1.450115647512145820e-04
1.454840583595523032e-04
1.462150257384928209e-04
1.459156888286392440e-04
1.451472231213515656e-04
1.451037912088662429e-04
1.456569968338215716e-04
1.457704798004250666e-04
1.453142141781065227e-04
1.450024525028511125e-04
1.672518614165665652e-04
3.595154935522644631e-04
1.798852147019043026e-04
2.078895344624702673e-04
2.713117408404039886e-04
2.398945745959672597e-04
1.823655172882395663e-04
1.669952610616240018e-04
2.011584270214747676e-04
2.211310722617701701e-04
2.015730423542205297e-04
1.720411777560037657e-04
1.662863719367266703e-04
1.822413727580217478e-04
1.953179343379318669e-04
1.914700592502820435e-04
1.763051808695118320e-04
1.653946613879734911e-04
1.687690696269201519e-04
1.793958303053503527e-04
1.822641879294692566e-04
1.743744007661217127e-04
1.659993680274487473e-04
1.660109771298331734e-04
1.718610092684454268e-04
1.753294055525075933e-04
1.725366578019348735e-04
1.670158102555503027e-04
1.648978673169606592e-04
1.677829398439023025e-04
1.709453854587671834e-04
1.699350747344774686e-04
1.663729799610033481e-04
1.648647503219399140e-04
1.665405426092375857e-04
1.684609662607010328e-04
1.680209553625295726e-04
1.659344649161281250e-04
1.648488772789032130e-04
1.658304128427785210e-04
1.670933955518073399e-04
1.667083512414809453e-04
1.653290970218948064e-04
1.648814654053158170e-04
1.656560352625492292e-04
1.662590275608857382e-04
1.658038540979600659e-04
1.650037515907907626e-04
1.649386273635523826e-04
1.655061135705098189e-04
1.616531232512083578e-04
2.425888649810131010e-04
1.684255079569938916e-04
1.766641155482723811e-04
1.987790642804981899e-04
1.996040257907892991e-04
1.855087173456401099e-04
1.638742362151971116e-04
1.632230712251124430e-04
1.802179111973935656e-04
1.809826834972023545e-04
1.671291256252259796e-04
1.594082224726098220e-04
1.655250558693094484e-04
1.725683764107676862e-04
1.719234507273831921e-04
1.650489627122239276e-04
1.595808422360379248e-04
1.619480603545258223e-04
1.671060442911275238e-04
1.667650075328478061e-04
1.618980600928341925e-04
1.594112571901227507e-04
1.617047577061301884e-04
1.643337999996975502e-04
1.636830728587287324e-04
1.607838182675721986e-04
1.594199046764935756e-04
1.610232826816674007e-04
1.625640676684016140e-04
1.615684744126876643e-04
1.597206333406395585e-04
1.596553715065099376e-04
1.609436834889498794e-04
1.613647060591007481e-04
1.603359085367753016e-04
1.594280640954600921e-04
1.598550342213277370e-04
1.606352824843226726e-04
1.603808059821311394e-04
1.595774513641568730e-04
1.594939344273909590e-04
1.600444750153502433e-04
1.601847384626139850e-04
1.597072826629225084e-04
1.594058205482261500e-04
1.596911262211025799e-04
1.599516355461805706e-04
1.597090050228771728e-04
1.594128371428658495e-04
9.609015749059757249e-05
1.097349234898996670e-04
1.029157658116310959e-04
9.257667907188036791e-05
1.006427086123455622e-04
1.003336129296491364e-04
9.351839462848823424e-05
9.382197612876961960e-05
9.759531658718080408e-05
9.756535664200640550e-05
9.434843839926072644e-05
9.256643235071456387e-05
9.458789234825572018e-05
9.599763107849624611e-05
9.429547276770819191e-05
9.259579525031156992e-05
9.330751157305361909e-05
9.458540223485995208e-05
9.434406762180391173e-05
9.305320552292378506e-05
9.258691783656926397e-05
9.343018892805651321e-05
9.389202118759035296e-05
9.316535389307651195e-05
9.255553814189343030e-05
9.293332348530889222e-05
9.344061035522461351e-05
9.321206502894933553e-05
9.265220872333945431e-05
9.263671351444766533e-05
9.306264977817688654e-05
9.308682318689948760e-05
9.267785459930803467e-05
9.257809891393908538e-05
9.285868358553843265e-05
9.294980324693762649e-05
9.270220383750951503e-05
9.255194880298712079e-05
9.271386303495615416e-05
9.281998041785205359e-05
9.266182450789594433e-05
9.255171135641855574e-05
9.265730782623968144e-05
9.272743225384680603e-05
9.262383879329255199e-05
9.255183097244213059e-05
9.262466339628079310e-05
9.267399848902445195e-05
9.259789420145862803e-05
9.255231561477588213e-05
1.485431468470519377e-04
1.845157526638593296e-04
1.473858987404865048e-04
1.527358685847784634e-04
1.625167525206971508e-04
1.649174381322642945e-04
1.611043607548495716e-04
1.534003936500658743e-04
1.464602050809661561e-04
1.484015672721659723e-04
1.558209599723618113e-04
1.542699072179427877e-04
1.476777813108878974e-04
1.459571454923460883e-04
1.487157490038068140e-04
1.513015985281495755e-04
1.515778079064023843e-04
1.496822725086512183e-04
1.469805255758109867e-04
1.457952245918352511e-04
1.474436153417424628e-04
1.492334157394601096e-04
1.482533218984187192e-04
1.462287461133098985e-04
1.458952149410704742e-04
1.469480493935000219e-04
1.477721638875152200e-04
1.475318258673477697e-04
1.465111198031659979e-04
1.457947146049344783e-04
1.461680435682338058e-04
1.469237467347187941e-04
1.468131840244030076e-04
1.460700367719017017e-04
1.457903981919872211e-04
1.461661922859993073e-04
1.465256851524995927e-04
1.463896005014994075e-04
1.459650807298218508e-04
1.457860964429845830e-04
1.460540110032186351e-04
1.462864397375271820e-04
1.460975298970931444e-04
1.458108178468177905e-04
1.458363145167912369e-04
1.460389378845358493e-04
1.460757329165099394e-04
1.459068662387433691e-04
1.457821676862331795e-04
1.458486565976038871e-04
9.684352181942278972e-05
5.177487662188258992e-05
6.010932507491203330e-05
7.308862317010198970e-05
6.970784206858557082e-05
5.835600458117231655e-05
5.044323365155019311e-05
5.186086321047622422e-05
5.752581434369533010e-05
6.091127415871516639e-05
5.936157683419072701e-05
5.487683684898727720e-05
5.095872193586328596e-05
5.011431849035515723e-05
5.241859589414484477e-05
5.499785579917898840e-05
5.525417221406376601e-05
5.321066428905652911e-05
5.080564413431659681e-05
4.998268185774044632e-05
5.090494091045049768e-05
5.228964029569025486e-05
5.286447920286638073e-05
5.222741521597690315e-05
5.097489085483792703e-05
5.006704662492345221e-05
5.014602498236890658e-05
5.093923888113069127e-05
5.152955006031415870e-05
5.131780035848467733e-05
5.056773497547673881e-05
5.001972202673071830e-05
5.008637623056359111e-05
5.052911804469118590e-05
5.083396362459268337e-05
5.071934222347008916e-05
5.031432969968147593e-05
5.000290625542470804e-05
5.003686655885298114e-05
5.030698954735677105e-05
5.047339615815413553e-05
5.034840522705617458e-05
5.009129366375541419e-05
4.997252944127773372e-05
5.006427006644132436e-05
5.021397958723327162e-05
5.024672321272441423e-05
5.012955333832297048e-05
4.999835335539093878e-05
4.998405799058871840e-05
3.314583835004497364e-04
1.263928741433947324e-04
1.423179327042937493e-04
2.080662349047676988e-04
1.901367495794879813e-04
1.403399106770643703e-04
1.103099641182516549e-04
1.182156069727823846e-04
1.462048648963657198e-04
1.559183776548290741e-04
1.406397836520793376e-04
1.181159416615895684e-04
1.085610752892405601e-04
1.150170591939126026e-04
1.266594759424967257e-04
1.325598972006120384e-04
1.287160150053403868e-04
1.188953101744305390e-04
1.104342429203221838e-04
1.090207124244029689e-04
1.144962595283754438e-04
1.202800053050849646e-04
1.202003918930991431e-04
1.148379219050320218e-04
1.096654383611004582e-04
1.088052072084839993e-04
1.116220118735014458e-04
1.146092590612030992e-04
1.150315099250887301e-04
1.126963671352474621e-04
1.097320280988205648e-04
1.085633020663592547e-04
1.098177181819744847e-04
1.117414220394857154e-04
1.120958826564130234e-04
1.106106626622779148e-04
1.089519928810250582e-04
1.086305142803715930e-04
1.095764200476644122e-04
1.105429831710052883e-04
1.104963940859900445e-04
1.095629088995005764e-04
1.086926030485687320e-04
1.086591472088625494e-04
1.092863052887204343e-04
1.097239496703917433e-04
1.094619844716421882e-04
1.088452169283499633e-04
1.085579239731651884e-04
1.088085972232958882e-04
8.778233926729381797e-05
2.528562349339618038e-04
9.376403839844549379e-05
1.152188073108444978e-04
1.705708008281725898e-04
1.532215936492509483e-04
1.052992457914017947e-04
8.212553388283505324e-05
1.056301690174737804e-04
1.299176774833863226e-04
1.166991854392649384e-04
8.986756672119326056e-05
8.280159510305942349e-05
9.532057617514165754e-05
1.074168100637984456e-04
1.064054941962101812e-04
9.458216187854370165e-05
8.363047222778111360e-05
8.390678045586713488e-05
9.305478556775924684e-05
9.749115807628375781e-05
9.150225613436125793e-05
8.361526337647066215e-05
8.273914648326619926e-05
8.748594707491550099e-05
9.100556780832546396e-05
8.944558656126625493e-05
8.477986985792105407e-05
8.211708037062241585e-05
8.397732241462791314e-05
8.711378573309912655e-05
8.690241103415015942e-05
8.385256007199858117e-05
8.210717345813852352e-05
8.330401316390449674e-05
8.513290148855089297e-05
8.510669263753654012e-05
8.336595806845734460e-05
8.212905544436241152e-05
8.275527094741007327e-05
8.397702604138683306e-05
8.387028298348558409e-05
8.266999862782666247e-05
8.210999220828591979e-05
8.272193557500709719e-05
8.336844806253620283e-05
8.309009137065082441e-05
8.233647159518838919e-05
8.214147722077573934e-05
8.263327000509409516e-05
1.098585198129440086e-04
8.178790161319521724e-05
7.693796760290951106e-05
8.598391742022014838e-05
7.472610794789950948e-05
6.991733680371426003e-05
7.557524969813831273e-05
7.861429474258400745e-05
7.578975398929440970e-05
7.095051873678629014e-05
7.010951092135096503e-05
7.327806438133243087e-05
7.478581125556453947e-05
7.270536193136042718e-05
7.011372790557985756e-05
7.013326774976708794e-05
7.197307193027115732e-05
7.273356174791371183e-05
7.152824760626850685e-05
6.997416231145560817e-05
6.996555675102498757e-05
7.111128849055652101e-05
7.156949522748718405e-05
7.075071361921904064e-05
6.982886811913135950e-05
6.995141721343680773e-05
7.068277968861004696e-05
7.086400374269571955e-05
7.027019088040985652e-05
6.975632623246999422e-05
6.994967721654662507e-05
7.040024660943587870e-05
7.037243090603100047e-05
6.993870858768163365e-05
6.974077264469082831e-05
6.998750484021922240e-05
7.021455873838249495e-05
7.006613153668730704e-05
6.978382699620376919e-05
6.978491853030195711e-05
6.999446468709161586e-05
7.002745230208203085e-05
6.984171966493209639e-05
6.973802120367958847e-05
6.984407935647044148e-05
6.994089362339108958e-05
6.986007165037204901e-05
6.974685395724295129e-05
6.977287144215096610e-05
6.986278773014881335e-05
1.064322572358757536e-03
3.139719223527747977e-04
1.305930402465808090e-04
3.238482969249070319e-04
4.766829790011534477e-04
4.046124895916844628e-04
2.577192208295127742e-04
1.513384957173478061e-04
1.175745093981424245e-04
1.667920194961986262e-04
2.422244935800628115e-04
2.688425963461611311e-04
2.329519772809365548e-04
1.687442402430022997e-04
1.239329329240598007e-04
1.200237080012451954e-04
1.433566379447801463e-04
1.711035618762835964e-04
1.861732651876182648e-04
1.815448297141180039e-04
1.614415364143115847e-04
1.369291517434345661e-04
1.199335903826269194e-04
1.185826467489317236e-04
1.315242837566383540e-04
1.463631856331111720e-04
1.499240315168819690e-04
1.400605078571768420e-04
1.257546901353312637e-04
1.175683868450738608e-04
1.189197273116677378e-04
1.258351761201842770e-04
1.320665932570685985e-04
1.333732392659810499e-04
1.293043853251593471e-04
1.227428491067235295e-04
1.178636227025322582e-04
1.174916506213162531e-04
1.210016380722386841e-04
1.246871205846006888e-04
1.250881175883397059e-04
1.220801939441124213e-04
1.184823366219372830e-04
1.170457569161990181e-04
1.181955360453071575e-04
1.202894890544120251e-04
1.213830557185851817e-04
1.206665599517861510e-04
1.188204813245069482e-04
1.173093687124927593e-04
1.158119177056899567e-04
1.251773307601725853e-04
1.181750711570639237e-04
1.176367412495669181e-04
1.159282853170258702e-04
1.178537854532152838e-04
1.164287818942913010e-04
1.157705697673777531e-04
1.171092106917008817e-04
1.162558832323110368e-04
1.156171767323076091e-04
1.164408309362287221e-04
1.163336724987285785e-04
1.156078962836866930e-04
1.159125470993111644e-04
1.162616985046074030e-04
1.157432252684540569e-04
1.156458277211984479e-04
1.160237896640020178e-04
1.158976581285818969e-04
1.155795621731966788e-04
1.157724844101697072e-04
1.158985329132069788e-04
1.156339998352405292e-04
1.156317576051591270e-04
1.158218378596280468e-04
1.156980714695229158e-04
1.155781940564114534e-04
1.157268363618286529e-04
1.157151482239849514e-04
1.155778332118628354e-04
1.156557436659041153e-04
1.157011919603808954e-04
1.155956007690369964e-04
1.156054188673919859e-04
1.156719719264437298e-04
1.156016568394690254e-04
1.155898878074272185e-04
1.156522097189979965e-04
1.156071327832730984e-04
1.155788499713304712e-04
1.156281734255163232e-04
1.156056125542153474e-04
1.155788342055789875e-04
1.156192136340430514e-04
1.156058355510381234e-04
1.155745035706902076e-04
1.155992602695802500e-04
1.155889284579001672e-04
1.155766280277603636e-04
6.636016502073251470e-04
2.657354988041767986e-04
1.547323025251339131e-04
2.859031298795395811e-04
3.437488505649548970e-04
2.933242595006218634e-04
2.078996847454759201e-04
1.476026815073501334e-04
1.515901775330703340e-04
2.037960888455239673e-04
2.340479452905341938e-04
2.182597957533026598e-04
1.757134898423449933e-04
1.437831966737342668e-04
1.443674295712542549e-04
1.648216240720869761e-04
1.830358711296587088e-04
1.862758894486693268e-04
1.741001534989772585e-04
1.551680799860257398e-04
1.417225166165366011e-04
1.425436898180534482e-04
1.545204975678196601e-04
1.639336591151272003e-04
1.614451983832235551e-04
1.504089902997252939e-04
1.414289907539389882e-04
1.411249290451633230e-04
1.469667946317312944e-04
1.522721449883484570e-04
1.525551006576502029e-04
1.479689291014792954e-04
1.423628150342906985e-04
1.401705402431134909e-04
1.425902733534564629e-04
1.463079073579430468e-04
1.470567320119530157e-04
1.442361258934022629e-04
1.409811485510732276e-04
1.402751406836996425e-04
1.420145924325620320e-04
1.438574014230224014e-04
1.439060046642463256e-04
1.422372090961312248e-04
1.405167516162064830e-04
1.402815198929391587e-04
1.414121790556617845e-04
1.423633631177287622e-04
1.420055639612097156e-04
1.408425159088885987e-04
3.399491944639745260e-04
3.234399074337583613e-04
3.448350909484056408e-04
3.401855124831521708e-04
3.236648269238470883e-04
3.235513071552715333e-04
3.233828866403228898e-04
3.215778685469217494e-04
3.255612154373207969e-04
3.297400575942741009e-04
3.250301226965181711e-04
3.216358750041634919e-04
3.223373171435583366e-04
3.234595432588296396e-04
3.239083458418239589e-04
3.238532518128088632e-04
3.234555764601825933e-04
3.229098675456196742e-04
3.226584226772453903e-04
3.231536675719042916e-04
3.238977655171720784e-04
3.238125889065090438e-04
3.230789247794339921e-04
3.226644918796345296e-04
3.227688748043227012e-04
3.230351507464035866e-04
3.232360246317698429e-04
3.233187021530641633e-04
3.232895439491936178e-04
3.231562907076506678e-04
3.229395043211057701e-04
3.227198947059110954e-04
3.226696867317301672e-04
3.228466106184308239e-04
3.230284106005955683e-04
3.229488137074627775e-04
3.227510525152871225e-04
3.226564172940762963e-04
3.227101375805666549e-04
3.228060725014583136e-04
3.228472789214879238e-04
3.228229553821555017e-04
3.227409378206389260e-04
3.226701312936868047e-04
3.226646693683572504e-04
3.227220119815602797e-04
3.227537772197083561e-04
3.227214174299815200e-04
3.226709083697823326e-04
3.226598432190637888e-04
7.754307409238855528e-05
8.754046779354775947e-05
7.840336887014906725e-05
7.452321283945355867e-05
8.010408052244391433e-05
7.911526806766647083e-05
7.464125427964222927e-05
7.447006228746065430e-05
7.733651730915282315e-05
7.726912376600305634e-05
7.478193830846463247e-05
7.383124802627937010e-05
7.535200046225422397e-05
7.619723293470946016e-05
7.507829147647768079e-05
7.382951233257815037e-05
7.421621005487796026e-05
7.518074472049945597e-05
7.502724105075269398e-05
7.407929765059669534e-05
7.380836854029190731e-05
7.442852332420509648e-05
7.472232249499520691e-05
7.422955222769373222e-05
7.377261401014844136e-05
7.401160997931905566e-05
7.439851745121401304e-05
7.424644308300596145e-05
7.383565725482128773e-05
7.382693718805024956e-05
7.412267228604097077e-05
7.413912643544226468e-05
7.386630701800773785e-05
7.377425086832965198e-05
7.394869345185913097e-05
7.401879374201317870e-05
7.385689871520358075e-05
7.376465834474703819e-05
7.387330521006580059e-05
7.392807234120027827e-05
7.382813041259574647e-05
7.376454096311735342e-05
7.383890439411547183e-05
7.388307865348256855e-05
7.380786294837633765e-05
7.376475770448991077e-05
7.382028550452028853e-05
7.384880882781820000e-05
7.379057928065181789e-05
7.376639503370638730e-05
1.117886307635756018e-04
1.079704906551996139e-04
1.212143221391119981e-04
1.098406094615906567e-04
1.076266896430435211e-04
1.100475684573786611e-04
1.105591581339895960e-04
1.107410576262881025e-04
1.115566969300983355e-04
1.121392634541343948e-04
1.117366510163757926e-04
1.109701932202434514e-04
1.106090787905717073e-04
1.105557634234129204e-04
1.104118009443547143e-04
1.099302250565414906e-04
1.088157721442008805e-04
1.072352931433154070e-04
1.072868417123711780e-04
1.091425244639790203e-04
1.088753811921173309e-04
1.072259178583445226e-04
1.070274413374106991e-04
1.077657099979240692e-04
1.082275840283402756e-04
1.081625331424509350e-04
1.076267667992976851e-04
1.069978131954185609e-04
1.070170854584135751e-04
1.075325268184222058e-04
1.075260652101122532e-04
1.070331669685062445e-04
1.069350523204377554e-04
1.072094441085602666e-04
1.073322337330876483e-04
1.071847050571633644e-04
1.069365796119915886e-04
1.069465988640117546e-04
1.071280995446926199e-04
1.071270321272272763e-04
1.069363923922247452e-04
1.069150674469261794e-04
1.070116856396282257e-04
1.070351650381664904e-04
1.069529584293863535e-04
1.068985187392019489e-04
1.069410800759822811e-04
1.069912039514956179e-04
1.069417910266579449e-04
1.068989024926398707e-04
3.835364055216617914e-04
5.937398299778295484e-04
3.935630819155724013e-04
4.210962265266998857e-04
4.882094892746091912e-04
4.915817766272905214e-04
4.471157206694439251e-04
3.951153521553664189e-04
3.839493438084846857e-04
4.192382366817150796e-04
4.419227727139278658e-04
4.236675481095262662e-04
3.920556932819877936e-04
3.811479048240621129e-04
3.946018771771204483e-04
4.105540847623640518e-04
4.129925739589804332e-04
4.014173644950195033e-04
3.862348441141224067e-04
3.810824462182861518e-04
3.891848297938708696e-04
3.985286319310553794e-04
3.974294138149928306e-04
3.880266627489525888e-04
3.812271438101222723e-04
3.830262790824063971e-04
3.889912864525359973e-04
3.915596827618876997e-04
3.883046472359453008e-04
3.829057260214343856e-04
3.809368592659591259e-04
3.837384276961754636e-04
3.869104553125981378e-04
3.862418351930272634e-04
3.828287656171810776e-04
3.808926183417771119e-04
3.821501022243733807e-04
3.842556476536904022e-04
3.843849875696791216e-04
3.825228553242139562e-04
3.809711433771559275e-04
3.814076306677608558e-04
3.827982113413944750e-04
3.830482019083316703e-04
3.818744576170686250e-04
3.809200613479044907e-04
3.812530826668525472e-04
3.821038423636749721e-04
3.821861492172950580e-04
3.814359057274669404e-04
1.012078975082099993e-04
1.188053692886470642e-04
1.160059603020061118e-04
1.012003021774161122e-04
1.296770508886877123e-04
1.022736263947068576e-04
1.080059440584777342e-04
1.150660694450168070e-04
1.173496622765879448e-04
1.180602758700477440e-04
1.182782127071962253e-04
1.182747416151397004e-04
1.180775003974363926e-04
1.175409304110311811e-04
1.161860301214687029e-04
1.127196443889952912e-04
1.056269569762709269e-04
1.014363688239033667e-04
1.099306753218346399e-04
1.102294569362438111e-04
1.025417678454356644e-04
1.021570122993229282e-04
1.060390457635163953e-04
1.076790678262487782e-04
1.062586162825256337e-04
1.028424829341218264e-04
1.012861861479821119e-04
1.041731734218145271e-04
1.051320843707715275e-04
1.022585725644684215e-04
1.013214568215616587e-04
1.029396527645498496e-04
1.038350168580325729e-04
1.029067946173786718e-04
1.014059896898220070e-04
1.015919827595616063e-04
1.028950858374931429e-04
1.024787835995392228e-04
1.012904107483554410e-04
1.015309150164297710e-04
1.022804350122979153e-04
1.021530400895500566e-04
1.014124586165454672e-04
1.012764821774797173e-04
1.018641595361531404e-04
1.018417012374406489e-04
1.012848387127013826e-04
1.013042648058215078e-04
1.016740790128820959e-04
1.016340244154556832e-04
2.043593816217577266e-04
3.573107501494911416e-04
2.118702916375209524e-04
2.268418635097709630e-04
2.587480410754532025e-04
2.733685396649492461e-04
2.789093103916662902e-04
2.767212900152355229e-04
2.684574973344296014e-04
2.547507414281139845e-04
2.330229014717326763e-04
2.078438340004820195e-04
2.086139290584227942e-04
2.357073135725374410e-04
2.405764770460255884e-04
2.192132218929427711e-04
2.035571763112353490e-04
2.082550846899575928e-04
2.193455968381833893e-04
2.248779212644583649e-04
2.227233343877536268e-04
2.144221453570448427e-04
2.052278906898350841e-04
2.039045349981492210e-04
2.113757262613816018e-04
2.158846778708264013e-04
2.110119484606786647e-04
2.042392277889880240e-04
2.037118264668964134e-04
2.077313246963005883e-04
2.104740958971223195e-04
2.093363538063744867e-04
2.056197011267010062e-04
2.031169919345860494e-04
2.044613993147534293e-04
2.071695954443719722e-04
2.069610539757749937e-04
2.043451135724885272e-04
2.030715964987658893e-04
2.042276158698541600e-04
2.056504079105486119e-04
2.054576731192214213e-04
2.039875077410171285e-04
2.030710384080324318e-04
2.037357440244894253e-04
2.047127295165275778e-04
2.043956334795768567e-04
2.033593810512985764e-04
2.031214870376884000e-04
2.037452222742303478e-04
3.224816400650096790e-04
4.618013162487590246e-04
3.283026607087122305e-04
3.329001833836138101e-04
3.238596351090613883e-04
3.011783752393877209e-04
3.063791734373565059e-04
3.230006814666186400e-04
3.390319419335606098e-04
3.428490452268506900e-04
3.331886552846278246e-04
3.191922205618573415e-04
3.075480018520559879e-04
3.007022517821705473e-04
3.019994916359826365e-04
3.097046413161137139e-04
3.162646958254136382e-04
3.183389868333353582e-04
3.160494152616790428e-04
3.101683668966370299e-04
3.034467172274164229e-04
3.001633767142147737e-04
3.014020695009568410e-04
3.046576120907080413e-04
3.074566401991242958e-04
3.085153965381871432e-04
3.075520211438390657e-04
3.050931725061355030e-04
3.022242022843984587e-04
3.003251144853216629e-04
3.004398995810831827e-04
3.022200789338345289e-04
3.039165753538672463e-04
3.041060489977468915e-04
3.027505317527949135e-04
3.009817473226519195e-04
3.001166225165020625e-04
3.004854385792578384e-04
3.014277973514060916e-04
3.021106938600172593e-04
3.021077690107177617e-04
3.014671373212211587e-04
3.006250983598141653e-04
3.001242873550658777e-04
3.002573939134722163e-04
3.007829200479625472e-04
3.011360738547638554e-04
3.010017159989486751e-04
3.005374999136119435e-04
3.001548593144098983e-04
1.016274448729728242e-03
2.568097282647305172e-04
4.716267959201218840e-05
2.275434277002975415e-04
3.961036024901090440e-04
3.457621679519977962e-04
2.015565750222230671e-04
8.753309631449704452e-05
3.897946319221119705e-05
7.271187643220433324e-05
1.492211682420542399e-04
1.902117316511577083e-04
1.680120179267340888e-04
1.071524277339271417e-04
5.388083540430728760e-05
3.891657000258398310e-05
5.646085968119448880e-05
8.446935661559701802e-05
1.044322341593032269e-04
1.064566304691484037e-04
9.116959132486097831e-05
6.737245031413356179e-05
4.658246772769683992e-05
3.861032758462635417e-05
4.650059645351985345e-05
6.208489208115097128e-05
7.127615914848879392e-05
6.673000032971328687e-05
5.322217360113491833e-05
4.159585047214149351e-05
3.880833687613165038e-05
4.379315325609189132e-05
5.087628516550514728e-05
5.472242902553717844e-05
5.313122860202583518e-05
4.747034264105418571e-05
4.140879119959486849e-05
3.862563115151960134e-05
4.038780433977542602e-05
4.443089170795611108e-05
4.681085016397302140e-05
4.547702240294002941e-05
4.186080171238458535e-05
3.905534040836428208e-05
3.884705640215145236e-05
4.062063958106710432e-05
4.244704557913377846e-05
4.279601561648482534e-05
4.150249886083956974e-05
3.965326604412847410e-05
