6.617856681596013904e+07
6.616770844575168937e+07
6.614497180302757770e+07
6.614459609814722836e+07
6.612173880093035102e+07
6.610655680168002844e+07
6.610573209024895728e+07
6.608559996453776211e+07
6.607580518549688160e+07
6.605971318674457073e+07
6.605259827726123482e+07
6.604040214283811301e+07
6.602881759882101417e+07
6.602197380317027122e+07
6.601283830474288762e+07
6.600279263032653183e+07
6.598979105451013148e+07
6.598224764156551659e+07
6.596382952112465352e+07
6.596168216479305923e+07
6.592858331892425567e+07
6.591760332431267202e+07
6.591400726914575696e+07
6.589673569994544238e+07
6.589099291097790748e+07
6.586299199617341161e+07
6.583880908244620264e+07
6.581938612605030835e+07
6.578225793144609034e+07
6.575583922693073750e+07
6.572736987173207104e+07
6.567744132313455641e+07
6.561867934510401636e+07
6.555650578866776079e+07
6.549421758679813147e+07
6.541142006413501501e+07
6.531619734814106673e+07
6.520932959725768864e+07
6.507248228221857548e+07
6.491937696532934904e+07
6.473622489772979170e+07
6.451443712561841309e+07
6.426089415728238225e+07
6.396513097139459848e+07
6.361965136827801913e+07
6.322775342277590930e+07
6.275674123021431267e+07
6.220733152116898447e+07
6.157909355571801215e+07
6.087338244510810077e+07
5.588193290453755379e+09
5.634795483516856194e+09
5.615791480512032509e+09
5.584233861464584351e+09
5.595100366724286079e+09
5.603049414004681587e+09
5.622735705744719505e+09
5.631894994403451920e+09
5.647713623879458427e+09
5.655732390724040985e+09
5.668747117424859047e+09
5.678698239012600899e+09
5.688546583247373581e+09
5.710509762438189507e+09
5.716326945361577034e+09
5.730843589751959801e+09
5.734909872279815674e+09
5.740359403839687347e+09
5.742106131152452469e+09
5.726341555493179321e+09
5.723917578783212662e+09
5.728619064568732262e+09
5.737332890423436165e+09
5.733749924995177269e+09
5.740098078329995155e+09
5.729012281111935616e+09
5.707700575583792686e+09
5.693304586173889160e+09
5.681718393143280029e+09
5.679187151663880348e+09
5.674860563247012138e+09
5.665812621184682846e+09
5.660718265890310287e+09
5.644177175520637512e+09
5.627521065526424408e+09
5.611854575290971756e+09
5.592566562818225861e+09
5.569156363401149750e+09
5.550387546786258698e+09
5.531075350572255135e+09
5.509088642298813820e+09
5.488171319225113869e+09
5.475119736713327408e+09
5.468700625745523453e+09
5.456996462653628349e+09
5.443544341855557442e+09
5.442326350124311447e+09
5.431695934127097130e+09
5.430775283442261696e+09
5.416491424997511864e+09
1.574444289992102385e+09
1.513891507670459270e+09
1.463742412771024942e+09
1.421273796524336100e+09
1.387541285454242229e+09
1.362130811546657801e+09
1.342919277949626446e+09
1.331107887812487364e+09
1.322167500574287176e+09
1.315970277365961552e+09
1.313912028119196415e+09
1.310405317298311710e+09
1.311647613467202425e+09
1.310767777618028641e+09
1.314185508799719334e+09
1.316259949370503187e+09
1.318777659971522808e+09
1.321960923534116745e+09
1.321614857972015381e+09
1.325613165162860394e+09
1.328629433213315487e+09
1.330622265410349846e+09
1.334398046748321056e+09
1.333487737148383141e+09
1.332666579233336449e+09
1.329214122233262062e+09
1.329065862207274437e+09
1.326388894446726322e+09
1.326540928154880285e+09
1.324710940062363625e+09
1.322597627060934067e+09
1.322136158352665424e+09
1.319423587217322350e+09
1.318768004542790890e+09
1.318559335179007292e+09
1.315853401947899580e+09
1.314830327703092098e+09
1.313158930408777237e+09
1.311116592607504845e+09
1.310729749248794556e+09
1.309166090402144432e+09
1.310610716750954151e+09
1.312350211970886707e+09
1.315681426774258614e+09
1.319329446457345009e+09
1.325266828764494896e+09
1.327722260833450317e+09
1.333244277120361567e+09
1.338613714092496395e+09
1.343872546425618649e+09
1.121890400224419355e+09
1.115005527749366045e+09
1.114783277336275339e+09
1.113699951616395473e+09
1.110367842116220474e+09
1.107488037011429310e+09
1.103903194826745510e+09
1.101244586966920853e+09
1.098262178752192020e+09
1.094041792547575712e+09
1.090617400123987675e+09
1.088548767097612858e+09
1.085813790362149715e+09
1.082806004557530403e+09
1.078930361719674587e+09
1.074151491429774761e+09
1.068491076078245878e+09
1.062583880030657411e+09
1.055787179612580061e+09
1.048763274598380804e+09
1.041613265556712627e+09
1.033815307197697878e+09
1.026148910913252831e+09
1.017795024012484550e+09
1.009101063697317600e+09
9.999383829068317413e+08
9.909633794252586365e+08
9.815860857857880592e+08
9.713192856320184469e+08
9.610953125869729519e+08
9.502647032336075306e+08
9.399188361785833836e+08
9.291245376812340021e+08
9.178410307805168629e+08
9.063331161207618713e+08
8.950137774151573181e+08
8.839143428296957016e+08
8.730842441015992165e+08
8.616164079145728350e+08
8.504484246344959736e+08
8.393202827872591019e+08
8.280872137116323709e+08
8.177055117757263184e+08
8.078665653032612801e+08
7.987171537404383421e+08
7.894842008911811113e+08
7.804812392663553953e+08
7.723706648867030144e+08
7.647566963673794270e+08
7.581176031549272537e+08
1.101457383880018473e+09
1.091850749495926857e+09
1.081467753060254335e+09
1.074638866120412350e+09
1.064855623370705843e+09
1.055542959849918246e+09
1.044770101332341671e+09
1.033749228097272158e+09
1.021759275409686923e+09
1.009368228743303299e+09
9.971511267443861961e+08
9.837449109958153963e+08
9.701459823539910316e+08
9.565788857850084305e+08
9.407484477531533241e+08
9.250468720646394491e+08
9.088987068960514069e+08
8.914225761982206106e+08
8.729486471656638384e+08
8.547321338696697950e+08
8.353493495029983521e+08
8.156380727263853550e+08
7.958172885774797201e+08
7.761344966776771545e+08
7.565764029321472645e+08
7.380499029000480175e+08
7.196922687612065077e+08
7.022223164729864597e+08
6.871523556571619511e+08
6.734590205411982536e+08
6.634908965995419025e+08
6.524198668403649330e+08
6.409290437254230976e+08
6.326416164729387760e+08
6.247185889140640497e+08
6.168800658413584232e+08
6.104558680339598656e+08
6.052323353463766575e+08
6.001882413612016439e+08
5.957421213757770061e+08
5.916192406784652472e+08
5.875277319194291830e+08
5.827775688659317493e+08
5.799558662481031418e+08
5.767940200857486725e+08
5.736758593410477638e+08
5.711478788042395115e+08
5.693942223317217827e+08
5.681321229242758751e+08
5.663567918381199837e+08
3.241400046588910222e+08
3.178696482399388552e+08
3.118088846210480332e+08
3.061445468546171188e+08
3.009327023080965877e+08
2.959553584390159845e+08
2.916230194276132584e+08
2.871637032018878460e+08
2.831365864724100828e+08
2.792466364471126199e+08
2.755889603063185215e+08
2.721899564109790325e+08
2.691205536610368490e+08
2.660809745362777412e+08
2.632741002852804065e+08
2.605132099008795321e+08
2.577788890661037266e+08
2.551141993133257627e+08
2.523209405403949022e+08
2.495463690399555862e+08
2.468665367058852613e+08
2.440286932365130186e+08
2.410738421989631653e+08
2.380640571003713310e+08
2.349418072036454976e+08
2.316112370575530231e+08
2.281488323250105977e+08
2.245778523806101680e+08
2.207023893642930388e+08
2.166926394553425312e+08
2.126109606455148458e+08
2.084261231434285045e+08
2.039772765991750360e+08
1.994949153320927620e+08
1.948238140891631246e+08
1.901601455769255459e+08
1.853395568917942345e+08
1.806054150991410613e+08
1.758344632589150369e+08
1.711657159833106399e+08
1.665142441793347895e+08
1.618730038506537974e+08
1.572249465299379230e+08
1.525312399776343703e+08
1.477771031921391487e+08
1.429547866243862510e+08
1.380525205442157388e+08
1.332143409112582207e+08
1.286545974908418357e+08
1.245400067658301443e+08
7.761747599740952253e+07
7.041889024737273157e+07
6.365114103537163138e+07
5.762692843511516601e+07
5.257785716271021962e+07
4.864864137602180988e+07
4.594729514432229102e+07
4.432066953377459943e+07
4.354288675779691339e+07
4.338055496111980081e+07
4.357196342921190709e+07
4.394897128536570072e+07
4.439060590256057680e+07
4.483212972932319343e+07
4.525503212239356339e+07
4.559333617098881304e+07
4.585127509427773952e+07
4.605576744044187665e+07
4.616877900251362473e+07
4.621017669605940580e+07
4.617989438237450272e+07
4.608569961679711938e+07
4.594342756044714153e+07
4.574964579880820215e+07
4.550803860907462239e+07
4.524544054363974929e+07
4.496757127598993480e+07
4.469437556292942166e+07
4.442352527753137052e+07
4.416796266531704366e+07
4.393134919936452806e+07
4.372968103801465034e+07
4.357344877541900426e+07
4.345499324242302775e+07
4.339150743833155930e+07
4.337608555656740814e+07
4.340561250870479643e+07
4.346315356304781139e+07
4.353838416426898539e+07
4.361103574786804616e+07
4.366196272544488311e+07
4.368855201025743037e+07
4.369825179471156746e+07
4.367985298623094708e+07
4.364413593332538009e+07
4.357956710679507256e+07
4.352593692171695083e+07
4.347004075202690065e+07
4.342437542296738178e+07
4.338828451245646179e+07
6.614754913315583020e+07
6.537267078663332015e+07
6.456039584721948206e+07
6.368447219461323321e+07
6.269715300282992423e+07
6.153775569021871686e+07
6.011332962127474695e+07
5.830677427786996216e+07
5.599312271257606149e+07
5.304400606068750471e+07
4.931105597835466266e+07
4.468168266181665659e+07
3.911292446736879647e+07
3.270120983015696332e+07
2.579063119199079275e+07
1.906300830044574291e+07
1.353054016443738341e+07
1.023936503757433780e+07
9.647768853920605034e+06
1.116006364772600122e+07
1.353164020944188908e+07
1.573275007541084290e+07
1.726503793540394306e+07
1.799495684232752770e+07
1.795909867481707782e+07
1.726314916398483515e+07
1.605937425221118517e+07
1.452650331880210154e+07
1.288115229498162866e+07
1.136600371841027960e+07
1.022223640476247296e+07
9.628745502779033035e+06
9.622385246455173939e+06
1.007765087012394518e+07
1.075176028101217933e+07
1.138647770689885877e+07
1.178549742342848703e+07
1.186049853858832829e+07
1.162394061533970200e+07
1.116382497499458492e+07
1.060799134924740158e+07
1.009443385832334682e+07
9.729442174800276756e+06
9.566110490462146699e+06
9.594934231132756919e+06
9.754698844917304814e+06
9.963756617450071499e+06
1.014423554206273705e+07
1.024407625668897107e+07
1.024451978606023453e+07
1.092687818938562647e+07
1.010647684092043340e+07
9.438804019110672176e+06
8.877637439596606418e+06
8.364965160122999921e+06
7.839237864632542245e+06
7.234513132080944255e+06
6.488149432037170976e+06
5.560316381697425619e+06
4.474412393259832636e+06
3.374924733248152770e+06
2.547090043119470589e+06
2.289998278788986616e+06
2.594545473113833927e+06
3.101145213525249157e+06
3.513487914185931906e+06
3.739767501825863495e+06
3.784703407378158532e+06
3.675336486985987052e+06
3.444790311641859822e+06
3.131862193005044013e+06
2.792210445904136635e+06
2.497692361421855632e+06
2.319837950797055848e+06
2.295092362138626631e+06
2.397514272944146767e+06
2.554672426360293292e+06
2.692063344287029002e+06
2.762207888538130559e+06
2.751414875527907163e+06
2.670659076968924142e+06
2.547887940740739461e+06
2.422035946032612585e+06
2.327765335347684100e+06
2.287554976603196468e+06
2.302588431656969246e+06
2.353190439746258315e+06
2.410227779452753253e+06
2.449947439443236217e+06
2.458691745194039308e+06
2.436485846782274544e+06
2.392981097647218034e+06
2.343869921683858149e+06
2.305148830644096714e+06
2.287506630595606286e+06
2.291666758685080335e+06
2.310748222964672372e+06
2.332994960530166514e+06
2.347968412907539867e+06
2.349459519524455536e+06
6.499658658638955094e+05
4.422756835593933356e+05
3.477013972977523226e+05
3.136620163928449620e+05
3.089185152978259139e+05
3.176396344798279461e+05
3.315878770427131094e+05
3.457082867631356930e+05
3.573685839861974237e+05
3.649357494026020286e+05
3.679966263729607454e+05
3.665869624580610543e+05
3.615632572793057188e+05
3.537711917719662888e+05
3.446606130828393507e+05
3.350260415789770777e+05
3.258531967984637013e+05
3.181489699823842966e+05
3.124729851415262092e+05
3.092173363566421904e+05
3.084401871128372150e+05
3.098409666053917026e+05
3.126733143042067531e+05
3.159709992933701724e+05
3.187719570746060926e+05
3.202420974235901376e+05
3.201438255951774190e+05
3.186445912429648452e+05
3.161665171027797041e+05
3.134172263169181533e+05
3.110913449525012402e+05
3.094396467378790840e+05
3.086003514906889759e+05
3.084316316480506794e+05
3.087503763187503791e+05
3.093960950835979311e+05
3.100246073601944372e+05
3.106245837117990013e+05
3.109084751906825695e+05
3.109160974292975152e+05
3.107649578831311665e+05
3.105023140092642279e+05
3.099806229503535433e+05
3.094882007632202003e+05
3.090204346448621945e+05
3.086193507109190687e+05
3.084541771092077834e+05
3.084251758332105819e+05
3.085745732415372040e+05
3.087361195898221340e+05
1.090914384709729347e+05
8.300833799850664218e+04
5.774592871301479317e+04
3.771366427452869539e+04
2.842700194147344155e+04
3.062462799134646048e+04
3.768035494532810117e+04
4.349123320615685225e+04
4.627789066646260471e+04
4.624184960824350856e+04
4.398889723728182435e+04
4.008614954756320367e+04
3.540662241087992879e+04
3.113897501682637085e+04
2.851993682285494287e+04
2.820055754119820267e+04
2.979218234590746215e+04
3.206795072208856800e+04
3.384383392323909356e+04
3.435534633103018859e+04
3.349152403085488186e+04
3.179502674324210966e+04
2.995788939237448722e+04
2.857421703186033847e+04
2.805100777779296914e+04
2.838181896399701509e+04
2.921972926370794085e+04
3.002903412138039130e+04
3.057764278675935930e+04
3.062769259046729712e+04
3.022393252793112697e+04
2.951663552829013133e+04
2.875907054328596860e+04
2.822271348866596963e+04
2.804549779281708834e+04
2.823966522483904919e+04
2.856401047528805429e+04
2.883031050652419799e+04
2.891594584024586220e+04
2.879921421922563241e+04
2.855745708570850547e+04
2.828885693734444430e+04
2.809566577288862027e+04
2.805547519514700980e+04
2.812152910193643766e+04
2.823646767659971374e+04
2.830404739388738381e+04
2.830754638185196745e+04
2.824842465377369444e+04
2.815574184301188870e+04
7.336757076067129674e+03
7.323210045787379386e+03
7.458839228631079095e+03
7.148410724348621443e+03
6.995790481454350811e+03
7.166969351164169893e+03
7.117562332146755580e+03
7.006810193839468411e+03
7.003320432417624033e+03
7.076980977058371536e+03
7.101549701643124536e+03
7.058031970143585568e+03
6.997092006988419598e+03
7.009872114131194394e+03
7.070138928829159340e+03
7.062075937016332318e+03
7.011537886877547862e+03
6.994019069519220466e+03
7.041549243351090809e+03
7.064742767622892643e+03
7.040487407435046407e+03
7.004453621904601277e+03
6.992565366837797228e+03
7.024947492638200856e+03
7.064269007287432032e+03
7.046089067027905912e+03
6.994367464505628959e+03
7.011434130682488103e+03
7.030162879432085901e+03
7.025526066295836245e+03
7.002184981074284224e+03
6.991980932637703518e+03
7.013760398459779026e+03
7.022807676419197378e+03
7.013330939838891027e+03
6.992519326418710079e+03
6.993088320964902778e+03
7.002340811600874986e+03
7.008415199687942732e+03
6.997214676528555174e+03
6.991649844262296938e+03
7.003437548396194870e+03
7.014561576145713843e+03
6.999513029876417932e+03
6.991980136810005206e+03
7.002670758284737531e+03
7.002139496959352073e+03
7.003146513692365261e+03
6.996967527551028979e+03
6.990844798769850968e+03
3.611258636708248559e+03
1.594397031579692111e+03
1.085169344689638592e+03
1.015594615951339165e+03
1.049485024587865610e+03
1.102246559172888510e+03
1.153239793885694780e+03
1.196676524364240777e+03
1.232353753017880081e+03
1.261024764345921994e+03
1.284040473911693653e+03
1.301758720621559632e+03
1.315526373077629387e+03
1.325500154383396193e+03
1.331643509368813511e+03
1.334634347957391356e+03
1.334538612423549012e+03
1.332317131903121663e+03
1.327535247279027089e+03
1.320962542179142702e+03
1.312551854807696827e+03
1.302486812904156750e+03
1.290302309876439949e+03
1.276448718375014778e+03
1.260772286559012173e+03
1.243867309009633573e+03
1.225498542392840818e+03
1.205625242997276928e+03
1.184537205827949947e+03
1.162621410740097417e+03
1.139970644372376682e+03
1.117505411400151161e+03
1.095094119354343093e+03
1.073360132626260338e+03
1.053601613304341754e+03
1.036793049527527728e+03
1.023978578391956262e+03
1.016660363642056154e+03
1.015822656160480392e+03
1.020751564931456642e+03
1.030494209759608339e+03
1.041721262075921686e+03
1.051011700993961540e+03
1.056028846606757725e+03
1.055001231007866863e+03
1.048535117217169500e+03
1.039351007528563514e+03
1.029989739097343318e+03
1.022577166510804204e+03
1.017777682774155437e+03
3.116158068499844376e+02
2.795806387297049582e+02
2.931353302681239938e+02
3.024909635980321809e+02
3.036458788057848324e+02
2.999197409862079553e+02
2.925789600675383895e+02
2.838835148003297491e+02
2.789553074932038044e+02
2.813330480091470349e+02
2.872700051719093608e+02
2.882780666168747530e+02
2.836004041206543320e+02
2.793406066263469256e+02
2.791594938165678172e+02
2.808961219617968936e+02
2.823053472346286981e+02
2.826093386066985431e+02
2.815972423081110492e+02
2.799627976896096015e+02
2.788410835734837292e+02
2.792560949939504553e+02
2.812203933484557297e+02
2.834025319322470295e+02
2.830397708186720820e+02
2.811659917383025231e+02
2.791393909100191308e+02
2.791706677035855364e+02
2.809962263766719843e+02
2.825640254726817489e+02
2.828476116452775386e+02
2.814720016483715881e+02
2.795305840862056925e+02
2.788279551594981172e+02
2.800519942108421105e+02
2.818724326037772130e+02
2.825560820084400575e+02
2.811938909214488831e+02
2.791068835138538589e+02
2.788781609579924634e+02
2.803642591998998341e+02
2.817339541995381751e+02
2.820388321014793860e+02
2.812279713995737893e+02
2.800205504234065188e+02
2.788396127630144292e+02
2.789996222721622416e+02
2.796740392579455374e+02
2.801871447143527121e+02
2.799671617502399386e+02
5.283929707070819859e+01
1.426683476058194522e+01
6.913548983252665536e+00
5.602083302695999301e+00
5.323024299865683595e+00
5.153759471921162572e+00
4.983998288847317326e+00
4.831218825725938970e+00
4.710003876825616054e+00
4.622731738259276746e+00
4.563783798662889524e+00
4.525857786749779343e+00
4.506155599277808399e+00
4.497097956265990959e+00
4.495573140927387357e+00
4.498722238058227241e+00
4.504927540043078160e+00
4.513109387126354122e+00
4.522248446006578604e+00
4.531415316716564057e+00
4.540390717533058229e+00
4.550223764599189202e+00
4.558033165231984540e+00
4.565949104280502269e+00
4.572488035408021290e+00
4.579602141994810083e+00
4.585509301457319609e+00
4.591500640053322257e+00
4.596431288339788424e+00
4.600704611922654230e+00
4.603938289448211485e+00
4.607213729340104535e+00
4.610065729269765988e+00
4.612610904337362427e+00
4.614746050203706318e+00
4.617475628709955870e+00
4.618687672148610979e+00
4.620346311905709769e+00
4.621227465925711542e+00
4.622557315337370909e+00
4.622082131420469864e+00
4.621943231654376483e+00
4.622575002092266239e+00
4.622645406567621684e+00
4.623201842657584493e+00
4.622607173229352995e+00
4.623239026158566745e+00
4.621668435397646491e+00
4.622293690110286235e+00
4.620804585632674488e+00
5.530980864020795806e-02
2.732369930170878980e-02
1.798527904939799249e-02
1.414288786716957902e-02
1.068323621411679247e-02
6.902325302367715888e-03
4.029491611717834869e-03
2.517958087641200982e-03
1.938458593180539952e-03
1.734525554019604714e-03
1.583383406644331762e-03
1.387286487449213750e-03
1.164262590838330627e-03
9.632409114280615766e-04
8.132109847142350405e-04
7.153604953610052074e-04
6.549682653621510028e-04
6.163020072912943001e-04
5.883204527566863410e-04
5.652771386461356851e-04
5.448507124317144689e-04
5.263862819185935026e-04
5.100596193266446459e-04
4.954796114612209073e-04
4.831686044907093527e-04
4.729531923022206119e-04
4.646552677811303478e-04
4.583253190431587406e-04
4.535367647783904534e-04
4.501551977708978460e-04
4.477214467159346882e-04
4.463059539083134809e-04
4.455308530049943553e-04
4.452692856299875798e-04
4.454153185932073749e-04
4.458153262101918475e-04
4.462980000667449241e-04
4.470607845107572387e-04
4.478407236825543880e-04
4.485389594628869147e-04
4.493614166301903722e-04
4.499375804142114561e-04
4.506985562737443260e-04
4.513328458107921542e-04
4.519503762851178729e-04
4.524395785625344793e-04
4.529556775797648682e-04
4.533641735296135757e-04
4.537687075972311984e-04
4.540944080161787248e-04
1.786131070805091654e-04
1.191221794471817799e-04
1.609043311624143479e-04
1.392724909321210909e-04
1.113048365626541955e-04
1.154613105460493771e-04
1.339529506431493314e-04
1.298470397961359695e-04
1.137483319854456538e-04
1.089342406935992180e-04
1.166574966658339666e-04
1.232738481218362400e-04
1.208027443351964651e-04
1.129930305607293017e-04
1.085762342599501411e-04
1.116802464344470282e-04
1.167287434418570920e-04
1.160901219755313817e-04
1.111675223554510364e-04
1.085594213180553832e-04
1.104400892752162679e-04
1.132386781100841054e-04
1.132982941552018361e-04
1.107341831098307926e-04
1.086657252089649056e-04
1.092784168392280715e-04
1.111588546734181064e-04
1.113734245978928482e-04
1.097183108452081844e-04
1.085730649109717990e-04
1.091651847031126839e-04
1.102524205507075946e-04
1.102466146338281145e-04
1.092123299632349821e-04
1.085588308548004598e-04
1.090279014597982316e-04
1.096818034446906157e-04
1.094535628834264441e-04
1.087533443293325371e-04
1.085944826191500992e-04
1.090412950827865764e-04
1.092975376333746220e-04
1.089758500460882124e-04
1.085880176642946802e-04
1.086700739498425345e-04
1.089763535928221447e-04
1.089525792768201659e-04
1.086621841301144598e-04
1.085697915165638092e-04
1.087517883802051701e-04
8.645151004942443814e-05
2.609483565392973765e-04
9.401003760010979613e-05
1.171426825047701723e-04
1.759458519664074399e-04
1.582956683329968836e-04
1.081019716633531717e-04
8.211480323915955966e-05
1.047909377221310963e-04
1.319770689552051800e-04
1.209261123644896074e-04
9.248109426557283002e-05
8.232275280766282130e-05
9.394755278483164882e-05
1.075593191228427529e-04
1.087008179246240123e-04
9.763696003225161063e-05
8.519745451814392440e-05
8.280965106863803445e-05
9.126027769119958791e-05
9.797582634382096217e-05
9.396100641478919520e-05
8.525789416157907594e-05
8.218193188447196426e-05
8.605772426391634380e-05
9.059599173417469072e-05
9.058523163864385459e-05
8.632938165600426486e-05
8.249975081162410609e-05
8.294279999940888768e-05
8.623283560831468972e-05
8.746065299200539043e-05
8.503806291690587846e-05
8.241077310223876725e-05
8.255173962419870884e-05
8.444283087287859848e-05
8.534143672314357834e-05
8.417080216587040581e-05
8.246468520298354710e-05
8.226077094675816274e-05
8.347581565779692921e-05
8.413472850319494794e-05
8.328132043533396532e-05
8.222903904829475066e-05
8.230958668231359810e-05
8.311494389754221681e-05
8.337009108854448610e-05
8.273516677854939896e-05
8.213500255924372287e-05
8.232887851676644287e-05
1.099198203329226464e-04
8.186948933613118391e-05
7.689190822360339971e-05
8.605357045654186488e-05
7.481598959029479422e-05
6.989650069696114252e-05
7.548810992611000971e-05
7.855090403272861242e-05
7.579653531830360510e-05
7.098106732494950622e-05
7.008671086742046280e-05
7.320773886624564440e-05
7.474648216406818541e-05
7.270507789966904500e-05
7.011807246447105074e-05
7.012238621950572163e-05
7.192684725916645991e-05
7.264446809350565224e-05
7.147940441509839898e-05
6.997850942491914549e-05
6.994451900503027072e-05
7.103612824202300085e-05
7.148651394141438244e-05
7.069994334116059328e-05
6.982384490758627646e-05
6.993345915541918035e-05
7.059747638683743702e-05
7.074782566647825450e-05
7.020093314108534249e-05
6.975030053849586530e-05
6.994562220857082147e-05
7.035288340856355241e-05
7.030997546012392402e-05
6.990858609873585087e-05
6.974348838852818648e-05
6.997570777383333644e-05
7.015783642963498515e-05
6.999754569572680645e-05
6.976162051371668799e-05
6.979021465396403130e-05
6.996395272734106437e-05
6.997177721324640955e-05
6.980989985108039032e-05
6.973926520355654807e-05
6.983426438457621219e-05
6.989348899299989014e-05
6.981514577031507074e-05
6.973846568182891594e-05
6.977772786106786469e-05
6.983837510845316036e-05
1.056326187943914998e-03
3.095112365481907015e-04
1.315421146932718157e-04
3.258811667948660379e-04
4.745270643400313279e-04
4.000580409246140773e-04
2.541015447637062709e-04
1.494403005095493251e-04
1.178626655846905973e-04
1.688697479461556791e-04
2.436129947522531558e-04
2.679713233641341751e-04
2.302825502043511028e-04
1.660472979917812389e-04
1.228755824095344640e-04
1.206890081300016862e-04
1.447525889519081564e-04
1.722392424744809527e-04
1.864276007556455567e-04
1.808235641675870909e-04
1.601504208464740872e-04
1.357153196037142460e-04
1.194017413846360464e-04
1.190189051429547875e-04
1.325278938251568336e-04
1.470444922287785536e-04
1.497235106493271205e-04
1.392153167042247904e-04
1.249745194704207803e-04
1.173773364454572531e-04
1.192980580763643915e-04
1.263969774850848726e-04
1.323949985852932647e-04
1.332924325045276590e-04
1.288940542748855870e-04
1.222782509668175288e-04
1.176579560433863188e-04
1.176641258478253963e-04
1.213702183334458172e-04
1.249157151652322841e-04
1.249916134833086107e-04
1.217816220027690793e-04
1.182539987849866227e-04
1.170561928587638832e-04
1.183923073507622597e-04
1.205012998276889120e-04
1.214584798708897439e-04
1.205783319075383694e-04
1.186687211713493325e-04
1.172345147790832616e-04
1.157680310328730691e-04
1.251304825108417096e-04
1.183249450814677432e-04
1.173146924439480009e-04
1.160990245950970916e-04
1.177425903593345909e-04
1.161584021763284219e-04
1.159275238243637440e-04
1.170316492532078755e-04
1.160089138275108864e-04
1.157169169378545850e-04
1.165146704708794074e-04
1.161543333848190319e-04
1.155746524794737048e-04
1.160386710505233111e-04
1.161743675946449116e-04
1.156376403837308973e-04
1.157500520119666954e-04
1.160715941868676845e-04
1.157927506732612957e-04
1.155846051582462103e-04
1.158656285665877388e-04
1.158389901528646452e-04
1.155832771551572444e-04
1.157006115453134874e-04
1.157997309974014520e-04
1.156288717395290036e-04
1.156051889402683129e-04
1.157290826101722050e-04
1.156466871796168631e-04
1.155807333168660264e-04
1.156794609102694928e-04
1.156524480591825127e-04
1.155747067061825486e-04
1.156356415949218712e-04
1.156422004366656662e-04
1.155785777383037006e-04
1.156109499468618807e-04
1.156340948205713821e-04
1.155799178975181515e-04
1.155953204632964907e-04
1.156139238215957930e-04
1.155789257092442010e-04
1.155856080677193171e-04
1.156000651174461213e-04
1.155768231496969974e-04
1.155866550008529683e-04
1.155947612150700135e-04
1.155775630337795197e-04
1.155805853292765585e-04
6.640641461697354038e-04
2.660660682803095986e-04
1.546202545450313273e-04
2.856111632290128937e-04
3.437930844826366048e-04
2.935884390087580660e-04
2.082056956778281049e-04
1.477363045116200039e-04
1.514208997216898753e-04
2.034942038433698911e-04
2.338336746422996757e-04
2.181939266148375022e-04
1.757757101899570578e-04
1.438208794742381344e-04
1.443235320926903773e-04
1.647275993501160429e-04
1.829728404564656490e-04
1.862600253750214155e-04
1.741181518384655362e-04
1.552106614478848809e-04
1.417384889211447578e-04
1.425177905775461002e-04
1.544723119415927358e-04
1.639290571445776936e-04
1.615014773866081470e-04
1.504674417578544395e-04
1.414590696865772302e-04
1.410981831545180378e-04
1.469238122642447456e-04
1.522577664693696787e-04
1.525762805486228504e-04
1.480094948253900798e-04
1.423900185838108110e-04
1.401686796733161674e-04
1.425744695951664844e-04
1.463104792557033467e-04
1.470940564640521955e-04
1.442869970761352053e-04
1.410087637053209365e-04
1.402670600876163238e-04
1.419881168949632829e-04
1.438347613182653392e-04
1.438978773088510083e-04
1.422374730276565686e-04
1.405173336480723017e-04
1.402810047697884807e-04
1.414116075273312090e-04
1.423587817841407690e-04
1.420056021764470324e-04
1.408464164886434047e-04
3.399274824622205244e-04
3.234400475145277195e-04
3.449556003849022011e-04
3.401364638422471067e-04
3.236509223090620023e-04
3.235564929122967167e-04
3.233728409828723100e-04
3.215773739253053524e-04
3.256883010696535042e-04
3.298683688679975414e-04
3.249950841320615211e-04
3.216273135927946920e-04
3.223601762831051348e-04
3.234770244873505897e-04
3.239132842011112129e-04
3.238429320196437207e-04
3.234323799624831512e-04
3.228949682692808373e-04
3.226643363479027760e-04
3.231908203410548521e-04
3.239095188516028954e-04
3.237654491471027036e-04
3.230369461678066082e-04
3.226587312671791614e-04
3.227854483988414069e-04
3.230515691972402114e-04
3.232312806640880490e-04
3.233014554046330716e-04
3.232546822887359585e-04
3.231059666255337026e-04
3.228870015126136567e-04
3.226933073838608051e-04
3.226790067535524479e-04
3.228648513522985181e-04
3.230096988132373894e-04
3.229069620815906922e-04
3.227192859958931577e-04
3.226554801865336901e-04
3.227262114565779012e-04
3.228180658555857398e-04
3.228543434521524290e-04
3.228137527936223881e-04
3.227314738039546585e-04
3.226602276032246829e-04
3.226711740251118812e-04
3.227402169519790224e-04
3.227742074168207624e-04
3.227323647393133500e-04
3.226689507967742338e-04
3.226606594884455742e-04
7.768954830614300980e-05
8.729570506191307918e-05
7.839835023219662814e-05
7.447350930638721510e-05
7.992190121996025406e-05
7.894800749121625566e-05
7.458124359552771078e-05
7.449053016285067284e-05
7.730215033254338327e-05
7.713264827606497009e-05
7.469162113377914264e-05
7.384909984654294346e-05
7.535262190498981968e-05
7.607509200202862789e-05
7.494296657813609474e-05
7.380028745559665719e-05
7.427424158307124316e-05
7.519310691559495836e-05
7.496985503659383469e-05
7.403855036825251654e-05
7.382263640845162546e-05
7.443882002389367214e-05
7.467397020856620488e-05
7.416953995984438858e-05
7.376623836086950608e-05
7.402008205468016151e-05
7.435965187735924572e-05
7.417084287900072926e-05
7.380429162223399735e-05
7.385288789485629538e-05
7.413334774949170854e-05
7.410313237212320990e-05
7.383258496912792671e-05
7.379049567832740022e-05
7.397737681956432121e-05
7.401670663002092631e-05
7.383589621663165579e-05
7.377021591005022147e-05
7.388780483879641770e-05
7.392857153704098894e-05
7.381641693707439674e-05
7.376744692737642823e-05
7.384863324149679783e-05
7.387386077786141261e-05
7.379562213419715324e-05
7.376780524043752122e-05
7.382517784956317997e-05
7.383655221856949894e-05
7.377876597998241537e-05
7.377099065679037213e-05
1.118043819264366053e-04
1.079844693242954927e-04
1.209585296977352487e-04
1.097595131147180230e-04
1.076211081681039414e-04
1.100537858918600642e-04
1.105615022490127658e-04
1.107817503259481921e-04
1.116992406643909654e-04
1.122550923378544326e-04
1.117351167111574757e-04
1.109270322594536976e-04
1.105966408793098224e-04
1.105447337446603987e-04
1.103374080554903958e-04
1.096677111705933135e-04
1.082506076445154087e-04
1.069241630352696869e-04
1.080376368213583781e-04
1.095680456333805567e-04
1.085343926537596192e-04
1.070186377739865201e-04
1.071863761466122029e-04
1.080140177914909092e-04
1.084277771505232123e-04
1.082767087481319249e-04
1.076475035563651656e-04
1.069745144414671639e-04
1.071429289113229007e-04
1.078830796397539491e-04
1.077508355697749274e-04
1.070401697310560110e-04
1.069744485554824126e-04
1.073947910314376134e-04
1.076176346638290830e-04
1.074299168647976032e-04
1.070226507439328670e-04
1.069238237689438252e-04
1.072208032927918290e-04
1.073753523678514578e-04
1.071055591177850959e-04
1.068988093222595785e-04
1.070377133541249417e-04
1.071947547256113704e-04
1.071483332312854182e-04
1.069540555153867953e-04
1.069202536221107664e-04
1.070656740024615822e-04
1.070671111481492476e-04
1.069199245437896007e-04
3.832882646637030292e-04
5.962098748802159044e-04
3.936870790731920996e-04
4.213948287452102181e-04
4.894148851380499595e-04
4.934845363652117737e-04
4.491386382322536900e-04
3.963353688866682201e-04
3.834434877004061232e-04
4.183257707481712225e-04
4.425532334187046559e-04
4.255014874739657116e-04
3.933668580555679242e-04
3.809912593934923746e-04
3.936861457342851790e-04
4.101248111445490903e-04
4.135147185814888799e-04
4.025289337766199162e-04
3.870812127991090658e-04
3.809512046197604043e-04
3.884103229020514003e-04
3.982259088833886790e-04
3.980531125784294265e-04
3.888918561858715909e-04
3.814832654603954798e-04
3.825795127685838572e-04
3.885236110955697024e-04
3.916730590509429435e-04
3.889081373447643430e-04
3.834177974494137322e-04
3.808885737986567174e-04
3.833254470626364834e-04
3.867529565986797986e-04
3.865553567975437820e-04
3.832231747452092153e-04
3.809403823656668203e-04
3.818954828025040733e-04
3.840900514309818865e-04
3.845446265705869827e-04
3.828272138064071212e-04
3.810826215592162409e-04
3.812399686480080633e-04
3.826566033355199891e-04
3.831580089160522835e-04
3.821031431200009958e-04
3.809889548922844576e-04
3.811392539257078913e-04
3.820140023394927135e-04
3.822652340200524820e-04
3.815899318867942884e-04
1.012001565709903783e-04
1.188301555404291682e-04
1.078178068606918543e-04
1.106807889638569101e-04
1.015879932695080263e-04
1.045930508262245289e-04
1.063768063863432104e-04
1.031288467459206052e-04
1.015003341766332790e-04
1.048587437840799581e-04
1.026530208112416540e-04
1.013640421756940358e-04
1.032056464145564431e-04
1.033411008799441132e-04
1.016456429130503051e-04
1.015402029651460669e-04
1.029184595397818170e-04
1.019664139167522925e-04
1.012336242941573968e-04
1.021137500077041115e-04
1.023177547088722366e-04
1.014461746240351525e-04
1.013454880239287226e-04
1.020609404029029511e-04
1.016345546479697202e-04
1.012107060077642559e-04
1.016762996289664341e-04
1.017394955739284884e-04
1.012773666950784763e-04
1.013380671926998339e-04
1.016642704733586159e-04
1.013370601990600336e-04
1.012446523479793817e-04
1.015016488200252834e-04
1.014006800303927670e-04
1.011997907770965867e-04
1.013432222674194171e-04
1.013883185867777938e-04
1.012084860952414486e-04
1.012789823828640231e-04
1.013462966872110283e-04
1.012237231426461089e-04
1.012317164431453091e-04
1.013110375571154914e-04
1.012226708164759494e-04
1.012234781094520564e-04
1.012830256731562270e-04
1.012214106100459631e-04
1.012122264983761452e-04
1.012594249675998886e-04
2.033567853090950651e-04
3.735621319889888292e-04
2.132679172096637189e-04
2.279572436131658132e-04
2.616920586433274455e-04
2.783088165754006192e-04
2.859765860604582613e-04
2.846862944378527661e-04
2.764151394136718119e-04
2.636192859708337490e-04
2.448085322531194587e-04
2.181350944237402817e-04
2.032174854732320113e-04
2.251225869480487482e-04
2.457025596288471016e-04
2.327648860334535254e-04
2.091695608318280971e-04
2.039021407473506236e-04
2.143928880727099780e-04
2.239714695866257157e-04
2.262323114294878415e-04
2.211746814677275784e-04
2.113375474503768870e-04
2.035879277945371079e-04
2.058538259927774402e-04
2.141998093758878041e-04
2.159974090946813880e-04
2.092075255226109062e-04
2.034259822311093526e-04
2.045656021198145966e-04
2.088897681529499381e-04
2.109368038920833815e-04
2.090337357148938082e-04
2.050867765936072596e-04
2.030682903886180872e-04
2.050003236574005994e-04
2.076060830573883502e-04
2.069320692503982795e-04
2.041588615949760214e-04
2.030936074855284085e-04
2.044485008901121884e-04
2.058279410788370432e-04
2.055125050195878147e-04
2.039733822406610323e-04
2.030687102279651857e-04
2.037792885091896172e-04
2.047917594055701234e-04
2.044945090940092965e-04
2.034061357943182241e-04
2.031063285728918659e-04
3.222794419580465712e-04
4.671348859519076110e-04
3.289664681947715072e-04
3.328786877640727915e-04
3.234310204596945403e-04
3.009347084713367071e-04
3.069963181565475208e-04
3.242369493326927423e-04
3.407254749480969117e-04
3.442994184459375186e-04
3.339832776191938458e-04
3.194444514773379907e-04
3.075618972860158116e-04
3.006717988051714995e-04
3.021157258319694420e-04
3.100115452890330674e-04
3.166858456813339152e-04
3.188632907357982424e-04
3.166984182236141834e-04
3.109260842540622748e-04
3.039796007760573859e-04
3.002417792312415176e-04
3.012165839559346439e-04
3.045028900928427535e-04
3.075017623476815191e-04
3.088181975856347941e-04
3.080635925468081372e-04
3.056661615478648312e-04
3.026954044841572832e-04
3.005070512348855709e-04
3.002844351591661882e-04
3.019220253799428173e-04
3.037818384512305206e-04
3.042613768122308382e-04
3.030981059057702280e-04
3.012934844874373685e-04
3.001859311656649874e-04
3.003324873935448998e-04
3.012040444710863303e-04
3.019819821626896052e-04
3.021353040122167475e-04
3.016114215069357150e-04
3.007826343943572310e-04
3.001826642210488429e-04
3.001902248961338718e-04
3.006916674339274193e-04
3.011420051388248153e-04
3.011142626653555616e-04
3.006692342042690874e-04
3.002258920106504496e-04
1.003988244858259899e-03
2.498208901123589727e-04
4.836381353549183205e-05
2.307111938279862479e-04
3.947471228802945696e-04
3.402948100274275035e-04
1.964691908123606279e-04
8.445810869868141378e-05
3.873591554118012827e-05
7.544205606247428406e-05
1.518519397575165356e-04
1.900822278518036687e-04
1.651738664892542208e-04
1.035064086202243893e-04
5.186498057111432714e-05
3.925068278707781824e-05
5.808263365532845480e-05
8.607067932411737918e-05
1.050461184520477549e-04
1.057626060791203574e-04
8.950171806768103587e-05
6.548987460711319609e-05
4.537169055805366155e-05
3.869590651860012971e-05
4.772107091256896124e-05
6.335257272387888729e-05
7.149858966265569766e-05
6.578791866260521443e-05
5.194994187604543262e-05
4.093018501629174584e-05
3.901865178490103984e-05
4.449354525939173082e-05
5.149045534937652811e-05
5.486707160639513826e-05
5.274170289860481491e-05
4.680739901006928955e-05
4.090967365961865941e-05
3.860814360563471505e-05
4.079589091825559690e-05
4.485585606338373115e-05
4.685028986599780920e-05
4.511040964489568901e-05
4.142026162603120300e-05
3.887920299429936010e-05
3.899443670134959482e-05
4.088958664683041232e-05
4.258828361227520482e-05
4.269297829689851838e-05
4.123966564955286885e-05
3.943293833046885791e-05
