3.999055520751997363e+06
4.394999439300317317e+05
3.963281689381278557e+04
5.455434169520322030e+03
9.047373592667612456e+02
1.642948791443587027e+02
2.941824367029334653e+01
5.189907036963917086e+00
8.537493767536628031e-01
2.462015667556805842e-01
4.543521799476629708e-01
6.963738625488510303e-01
9.211462307697753094e-01
1.150259721970334770e+00
1.314130696962313438e+00
1.356106956937008334e+00
1.297505329890382697e+00
1.207536483863393517e+00
1.147525660968118366e+00
1.146404821933785678e+00
1.207409227758539316e+00
1.322303951248427367e+00
1.480198240600790305e+00
1.670690591364192068e+00
1.884624179440796965e+00
2.113994817490424616e+00
2.352092647226106337e+00
2.593219294624707683e+00
2.833133340955801494e+00
3.068303228256959336e+00
3.296255338441802074e+00
3.515338991304624905e+00
3.724239088151766630e+00
3.922401893512439841e+00
4.109491534103588251e+00
4.285321423941727659e+00
4.450125389674314924e+00
4.604189359057905051e+00
4.747823468523580281e+00
4.881435243782513922e+00
5.005510315730432147e+00
5.120588020491731562e+00
5.227126771282628148e+00
5.325684502266764042e+00
5.416571090217443540e+00
5.500564933543801160e+00
5.577829315955328937e+00
5.648971121512138538e+00
5.714349071613012754e+00
5.774454226006456636e+00
1.697914162480693157e-01
7.621200501098832070e-02
6.397947070045328921e-02
1.272317809349641227e-01
2.029942190553723491e-01
1.303226200761742615e-01
8.866991552387430697e-02
6.643493820994023080e-02
8.833662969947050914e-02
7.571171789028145749e-02
8.461948463830396006e-02
1.038147327836509565e-01
1.086356489759575661e-01
1.071218512099307990e-01
9.747627207629576407e-02
7.699625880836796776e-02
7.624347968042122226e-02
8.622066665167249511e-02
8.843903725455765086e-02
8.489345260828054518e-02
7.338762009240519524e-02
6.368956370519132659e-02
7.340287644823498270e-02
8.158857698316977769e-02
7.915714872779672229e-02
6.881136875963993205e-02
6.397214734681228032e-02
7.114835903980942788e-02
7.535220271396080027e-02
7.247369466608982735e-02
6.539921515713303934e-02
6.472961712816316382e-02
7.012923440734390723e-02
7.085363679613861099e-02
6.609501853902444157e-02
6.379864559644916888e-02
6.721475647546887311e-02
6.874433112571545768e-02
6.592291654306339788e-02
6.366456102645218218e-02
6.574266365768438591e-02
6.713386924688416468e-02
6.514995961173722372e-02
6.367327485274212884e-02
6.519723827677283146e-02
6.598615084628738081e-02
6.447854072143452409e-02
6.371643802132188894e-02
6.490971728351065118e-02
6.514389669739836797e-02
2.229865586990414372e-01
2.925701421256764467e-01
1.507365102610264684e-01
2.348827165912399650e-01
2.800563985235727249e-01
3.009132180277725443e-01
3.119123753196674786e-01
3.175020266332008734e-01
3.192292892835710827e-01
3.177940322515216964e-01
3.134574194418359716e-01
3.061358482544572768e-01
2.952083577948330650e-01
2.787845006320308072e-01
2.526822850106492657e-01
2.120448465276997818e-01
1.615670779389125900e-01
1.201086270571887493e-01
1.615440009845930669e-01
2.164454531388682601e-01
1.214757985438728732e-01
1.260904056627448755e-01
1.508575868136796394e-01
1.696405690832915869e-01
1.773849983707942446e-01
1.734874882470393842e-01
1.596473573032249904e-01
1.395672393146522028e-01
1.204323947447278054e-01
1.214031363801611196e-01
1.525236537818883131e-01
1.363601360300071008e-01
1.166369082584409744e-01
1.226774793108763445e-01
1.329328901467318746e-01
1.378770050165070427e-01
1.356181065681286158e-01
1.276340263130009423e-01
1.186241912995708997e-01
1.178054234465102240e-01
1.283162547430774514e-01
1.268601371994476090e-01
1.174044978524539790e-01
1.178645589942905747e-01
1.225564335364565938e-01
1.247813282377857186e-01
1.228167862280520467e-01
1.185307648551922333e-01
1.165082338905190362e-01
1.198474638078456944e-01
1.513748687593441666e-01
5.860058412123747562e-01
3.287678876648836290e-01
6.769324392602664719e-01
1.849056380485386564e-01
3.624476539277905474e-01
4.825221102883007762e-01
5.482435238112449705e-01
5.800755811081909075e-01
5.920183754044419100e-01
5.900388132195794055e-01
5.752794529684808200e-01
5.454762533973402938e-01
4.954432382609778029e-01
4.195713171727366020e-01
3.174001690309638524e-01
1.989128525552252280e-01
1.699269003046821047e-01
4.278884946062359584e-01
2.180555540133785886e-01
1.574692774413725682e-01
2.212622823487480628e-01
2.735931294391110158e-01
2.957764100077336367e-01
2.886690700759134698e-01
2.551285511089956826e-01
2.013292735033371528e-01
1.534043791147821079e-01
1.860326802739202257e-01
2.459638232890190845e-01
1.729306146339111006e-01
1.536771339485535903e-01
1.832675483687906115e-01
2.050603955186773020e-01
2.040564801851578736e-01
1.825091341867368655e-01
1.556551115198529234e-01
1.570994492487310656e-01
1.874317174605688585e-01
1.720311706861915035e-01
1.506936696563341282e-01
1.601136066778303113e-01
1.728762977016289892e-01
1.723305858776242871e-01
1.599394086025762163e-01
1.505886992770583688e-01
1.595265974682548715e-01
1.664458045603721681e-01
1.545321884681435942e-01
1.513011814300294633e-01
2.015031622786881416e-01
5.471336348497020108e-01
3.212740423372629772e-01
7.846175104193766625e-01
2.141246017482780484e-01
3.616832541720378380e-01
4.741604586925928233e-01
5.391086952759628348e-01
5.768311109194288466e-01
5.996133262521659013e-01
6.120931009026289171e-01
6.161630348246511790e-01
6.128720208665188185e-01
6.028732618752712380e-01
5.864233352418390943e-01
5.630086784564940494e-01
5.305602651829099958e-01
4.847022976865129062e-01
4.199242226497154618e-01
3.351603894187746846e-01
2.417800686578093772e-01
2.083476217266201358e-01
3.957915968454311928e-01
3.217604914682814510e-01
2.022005694845599444e-01
2.305249634868179742e-01
2.786864359445668793e-01
3.089215311768846450e-01
3.168024683011976261e-01
3.035195849271891122e-01
2.720206135105605050e-01
2.298151251022995389e-01
2.012183121320844648e-01
2.335125790708815763e-01
2.725705800021548386e-01
2.224963297774506521e-01
2.015183260295251022e-01
2.197936880731646836e-01
2.383414170744382610e-01
2.425187228078409252e-01
2.314141948328486964e-01
2.119416091292520565e-01
2.010206289648021616e-01
2.156383298569131968e-01
2.276547904923182375e-01
2.098272413641280587e-01
2.011445783341852256e-01
2.090683098433548381e-01
2.167656709694240624e-01
2.157314287309758383e-01
1.654731235097106345e-01
6.136918141842456764e-02
8.096728897132154934e-02
9.499882528215980448e-02
1.039009986520712386e-01
1.105452413580896576e-01
1.153062751460954688e-01
1.184158484446247300e-01
1.202287542391788228e-01
1.210618740768869411e-01
1.211208976585338437e-01
1.205019410509335503e-01
1.192208173635186386e-01
1.172519599281042213e-01
1.145744853203371355e-01
1.112134686287482993e-01
1.072630706369152309e-01
1.028567844535067388e-01
9.805642819203655436e-02
9.266551147796685262e-02
8.620183864932236262e-02
7.844506018618772891e-02
7.004130705885819319e-02
6.260861367182689319e-02
5.930800710972785467e-02
6.440433992519849216e-02
7.571392546382758881e-02
7.838045940162409464e-02
6.908418232020881178e-02
6.104160026066327710e-02
5.939639583812598295e-02
6.155878113965162352e-02
6.458986712303421696e-02
6.698563499201513893e-02
6.817764684992461133e-02
6.805659623492246735e-02
6.674621634167367257e-02
6.455404835843991940e-02
6.201819189386878484e-02
5.995440208183069886e-02
5.933485747524226694e-02
6.063198885663360904e-02
6.273145098142962617e-02
6.337521247521028800e-02
6.192749133580499610e-02
6.007451629200018933e-02
5.930889939616353079e-02
5.967202030377199290e-02
6.048690140487366501e-02
6.113572246118678666e-02
1.271023479195108885e-01
2.729068133454259915e-02
1.558493797919108692e+00
6.888894389355140757e-02
4.439418220153514005e-02
9.915218674927654685e-02
1.285313000011788775e-01
1.391255289678285101e-01
1.398301233929488130e-01
1.310033228581890807e-01
1.169105589125806477e-01
1.030934216323280278e-01
9.247780539807995415e-02
8.536396086772435332e-02
8.089302705674469851e-02
7.819004915377134046e-02
7.679057204569347816e-02
7.653050410297765338e-02
7.730632776602620881e-02
7.892647518795105344e-02
8.110580472248828110e-02
8.353214936682475111e-02
8.594220084295149664e-02
8.815796441636555847e-02
9.008558633951943562e-02
9.169742050264957645e-02
9.301045006903695123e-02
9.405722751602289822e-02
9.488014282770153296e-02
9.551696819463471877e-02
9.600309236394963253e-02
9.636789506712041542e-02
9.663268540787572913e-02
9.681259109118606210e-02
9.692366134489582841e-02
9.697353214333377658e-02
9.696769341242277018e-02
9.691323649290939368e-02
9.681051610448951350e-02
9.665995907278161769e-02
9.646104441169266186e-02
9.621359698589961040e-02
9.591384423216434141e-02
9.555942590182943397e-02
9.514838448212159516e-02
9.467287914687211314e-02
9.413218515087691529e-02
9.352081061846832799e-02
9.283597962754613908e-02
9.207678380243035365e-02
9.299107933778177904e-01
6.778195335015024803e-01
4.523867920600287418e-01
2.425863349675939640e-01
1.028866758838451884e-01
3.104906911174679096e-02
8.867601704064404997e-03
1.729949965480575766e-02
3.464878786747759010e-02
5.746794082371158713e-02
8.472671526574182543e-02
1.076063894621914901e-01
1.208478140486280994e-01
1.246731489959338052e-01
1.203660096074108954e-01
1.088054366057211453e-01
9.141598736431326422e-02
7.143503456410063568e-02
5.312230572031520492e-02
3.879482169608938075e-02
2.790905193444691290e-02
1.924664574274897316e-02
1.269403963430264584e-02
9.134355990733138142e-03
9.400186076844714231e-03
1.323162931201805545e-02
1.907225879371077237e-02
2.491064407677173048e-02
2.913184162173444031e-02
3.082262428654785127e-02
2.979803675236469829e-02
2.651272862465192323e-02
2.185321866308009495e-02
1.689912987612524412e-02
1.268128170527340476e-02
9.916651935227954393e-03
8.806418425535918887e-03
9.067429738997318314e-03
1.017277676695501135e-02
1.159663868772283814e-02
1.294078179020624955e-02
1.395476205139303295e-02
1.451122601216214142e-02
1.457455461224544009e-02
1.417658797193974488e-02
1.340122798096700894e-02
1.237251596497522532e-02
1.124369059678174444e-02
1.018348228805660699e-02
9.352101190135655301e-03
9.649325611070830484e-04
2.682375984032189797e-03
9.073218142358930064e-04
1.072684439430854082e-03
1.701062790204709756e-03
1.455146838139341611e-03
8.885641135700523413e-04
7.597208939198037093e-04
1.128894493132056535e-03
1.263379783327523960e-03
9.797794373706725148e-04
7.373616180091651815e-04
8.067842135148156971e-04
9.941181656361254733e-04
1.032764998471902632e-03
8.935518228227528822e-04
7.463318512668448094e-04
7.531970564488626660e-04
8.716402186921299667e-04
9.113683909642783867e-04
8.206243956175053849e-04
7.331582972721516949e-04
7.499449541260715547e-04
8.187660602160719975e-04
8.378005964222324381e-04
7.863923981610360580e-04
7.323153095382870219e-04
7.395862535037973570e-04
7.844501458809144574e-04
7.932932319334013403e-04
7.549242778515810690e-04
7.272032943703290531e-04
7.421502440156824577e-04
7.676190674612511956e-04
7.642578530428707816e-04
7.386255276892559219e-04
7.271048253894559030e-04
7.416922368338643278e-04
7.545135596132014318e-04
7.443733125756101399e-04
7.286743700258787627e-04
7.301927140486151081e-04
7.418052365769345867e-04
7.430079631872957193e-04
7.325101534628823945e-04
7.269342697102439826e-04
7.330436784748771461e-04
7.382609871315005869e-04
7.333844832806426205e-04
7.272069811208280166e-04
2.716799312447151435e-02
3.053992435793937907e-02
3.202268381778287931e-02
2.376911736356764754e-02
2.077373854105667855e-02
2.710529964838565009e-02
2.518981275185383506e-02
2.061204881345420070e-02
2.130309757408809651e-02
2.384261804596736131e-02
2.419240912186764944e-02
2.226899708135077205e-02
2.040259376062925414e-02
2.093548305001570811e-02
2.262447726463174755e-02
2.228080339750822952e-02
2.068658309835984255e-02
2.036192800409373713e-02
2.126242904052813923e-02
2.181229260365798867e-02
2.132592425747010037e-02
2.047115331783708886e-02
2.035333217222477439e-02
2.099953199242346469e-02
2.120613651958639517e-02
2.063724660994827390e-02
2.027054984250534556e-02
2.054301340414969174e-02
2.087060764737198870e-02
2.074548624375522829e-02
2.037440288632484664e-02
2.029824073795469599e-02
2.056609617147049651e-02
2.065348292499147309e-02
2.041037439986167351e-02
2.027142665165471147e-02
2.041025010911915946e-02
2.052982359212211783e-02
2.042820456745846752e-02
2.028138794498020661e-02
2.031940149306442692e-02
2.043335760303544024e-02
2.039469345372557640e-02
2.028429725296802821e-02
2.029498099281414752e-02
2.037296368508639127e-02
2.036338604032948002e-02
2.028801265493188413e-02
2.028036415118096569e-02
2.033466497014900509e-02
2.541456920812965471e-03
4.792056389680124373e-03
2.892313117411748381e-03
1.618194986343279938e-03
3.021750942433240519e-03
2.748859411139242207e-03
1.691677454087610333e-03
1.820836560685918423e-03
2.383945194735110143e-03
2.453062624777162942e-03
2.009202096720317816e-03
1.631493236099072503e-03
1.763013357164470649e-03
2.120897061214536972e-03
2.029701199619282984e-03
1.692606051458251217e-03
1.630941532025024631e-03
1.816070521001726711e-03
1.936304464952963954e-03
1.842022282993189229e-03
1.663378677461446829e-03
1.621041273792198480e-03
1.746065119169058072e-03
1.811795446873681881e-03
1.707830444198517404e-03
1.614081868531665707e-03
1.650072757301084729e-03
1.726059294605127893e-03
1.724376541454860452e-03
1.652100787209488881e-03
1.611459234325794861e-03
1.651488378638833396e-03
1.692337792539131032e-03
1.661023441331240620e-03
1.615189496789973256e-03
1.623474003418387936e-03
1.657057686166294331e-03
1.657314829444082654e-03
1.625737498331013102e-03
1.612002159245467039e-03
1.632484684433190914e-03
1.644822742361050664e-03
1.626372099208303959e-03
1.611449554837107289e-03
1.621679015707770156e-03
1.633266723915588687e-03
1.625160479197077694e-03
1.612386920148857657e-03
1.615661673697704184e-03
1.625351059728953476e-03
1.416402384733428041e-02
2.563933199176698235e-02
1.247933277453199853e-02
1.439977592975326751e-02
1.839927258790933703e-02
1.777787873141930403e-02
1.425715253278573257e-02
1.173954267128805157e-02
1.337855482571170818e-02
1.563950623618963476e-02
1.428521464791643845e-02
1.203960315442561060e-02
1.197147924574374148e-02
1.327313750180836652e-02
1.397062524420980903e-02
1.339909667307085002e-02
1.222714927072511559e-02
1.171232016730030211e-02
1.237384971895108890e-02
1.305857138135159586e-02
1.267101587487139656e-02
1.188178278395754343e-02
1.176140636881245136e-02
1.222619302643465980e-02
1.252887800979429408e-02
1.230596141232399507e-02
1.185391714687815574e-02
1.172225489897631492e-02
1.201636828749050312e-02
1.221703291351383669e-02
1.200397993886235387e-02
1.173166274957492330e-02
1.176731192968635126e-02
1.196819399428316645e-02
1.201118932254621914e-02
1.184613158934623781e-02
1.170936919229169371e-02
1.177559673336367463e-02
1.189963688806958478e-02
1.186313331811445285e-02
1.173588169085031975e-02
1.171727822019825310e-02
1.180072588148868909e-02
1.183215907593196392e-02
1.176448892865837592e-02
1.170682623588978344e-02
1.173975456638578704e-02
1.178867815640438979e-02
1.176260333106996653e-02
1.171152272226421744e-02
2.686887774718012614e-02
1.504044871139977382e-02
2.422989162735433855e-02
1.563564150130660954e-02
1.238164031275482829e-02
1.625838378625570763e-02
1.829916737979031538e-02
1.560191427292602351e-02
1.261308479146139826e-02
1.278065977278492610e-02
1.493715843356270903e-02
1.556533785177787246e-02
1.393838091437180071e-02
1.240777810046359876e-02
1.257709791346219713e-02
1.375566193812201993e-02
1.420902118019385686e-02
1.341721071505806891e-02
1.244029848557179178e-02
1.235950897585799506e-02
1.303257988828702800e-02
1.342884659898261994e-02
1.302812696594719301e-02
1.240568521009848511e-02
1.230243838299899944e-02
1.269724991045049003e-02
1.296423911718912712e-02
1.274489850527669305e-02
1.235845174998327634e-02
1.228461206699187243e-02
1.253137193252411470e-02
1.269069258271343301e-02
1.253622205088590798e-02
1.230200044329334171e-02
1.229024652194394412e-02
1.245626185035859750e-02
1.252404370683344627e-02
1.239881732223932845e-02
1.226963692826810864e-02
1.230179711966853350e-02
1.240854450869020853e-02
1.241137335993357758e-02
1.231204556879423977e-02
1.226166750949799628e-02
1.231544008740994081e-02
1.236694748301748505e-02
1.233149766326306455e-02
1.226990119581491609e-02
1.227260539477581340e-02
1.231814360827068397e-02
1.944929731459503833e-02
2.381641342404225425e-02
1.972546990774820194e-02
1.499238586655271370e-02
1.862569080461286275e-02
1.924279937656672018e-02
1.606580523560642224e-02
1.514713170590159357e-02
1.706548420792099868e-02
1.766279538303728441e-02
1.614394479246385183e-02
1.499292522820540319e-02
1.570344681763733916e-02
1.665407317977119633e-02
1.621743876902526776e-02
1.519672769287649244e-02
1.509495265721689551e-02
1.578992777730028885e-02
1.600997193422636078e-02
1.544771999038665501e-02
1.499115231451238206e-02
1.524195339512979946e-02
1.563710516576168399e-02
1.549270182689406472e-02
1.507567675722989130e-02
1.503032057023050844e-02
1.532105667524858925e-02
1.539786617294339709e-02
1.514400413626424725e-02
1.498518052911020602e-02
1.513215068048945344e-02
1.526781910232919565e-02
1.514764617484061493e-02
1.499211362357674542e-02
1.504648592657139780e-02
1.516495397847150012e-02
1.511953098171841224e-02
1.500056010334627730e-02
1.501109320040115019e-02
1.509822482373785607e-02
1.508372385938294355e-02
1.500031265603226846e-02
1.499877727420455623e-02
1.505810142909097885e-02
1.505225811731954536e-02
1.499563791637640621e-02
1.499459629987204973e-02
1.503550843713873444e-02
1.502839716001705579e-02
1.498988324587698442e-02
2.261974465693314049e-02
3.837448394731243079e-02
2.536789302709341679e-02
2.408148401422437884e-02
3.003190305156046291e-02
2.488636392020496246e-02
2.153979484754980911e-02
2.432881357486355381e-02
2.628131012973706007e-02
2.464041361596409213e-02
2.199115335369549590e-02
2.193184225982582405e-02
2.392083379470726426e-02
2.416091104436695475e-02
2.243844998352061137e-02
2.152702142647288167e-02
2.236994854027492263e-02
2.325041603832027348e-02
2.288605115965774636e-02
2.186046091406188344e-02
2.156727336781807600e-02
2.224302738506703583e-02
2.262405387624252806e-02
2.209503736253121131e-02
2.154768165881972702e-02
2.172885472732269049e-02
2.216428627876852395e-02
2.212797955732374519e-02
2.170496460578644204e-02
2.153217027444629533e-02
2.179887754818389534e-02
2.197419210457483840e-02
2.175401468366021385e-02
2.152982706044827971e-02
2.162855215565352013e-02
2.180515752985160913e-02
2.174288031617753469e-02
2.155919084849648726e-02
2.155062760235929714e-02
2.168594792190082360e-02
2.169289289190830944e-02
2.156536408446135811e-02
2.153226847211512154e-02
2.161982815478160486e-02
2.164414007088810363e-02
2.156362254355029609e-02
2.152591093163443853e-02
2.158202442932438681e-02
2.160596725714291483e-02
2.155159743121783100e-02
4.122069754505348731e-03
2.004826559421507733e-03
4.601746948948976998e-03
2.900552451471538791e-03
1.251628375928169959e-03
1.296990462817757244e-03
2.535086251907355415e-03
2.537593140139775098e-03
1.513902337720367426e-03
1.044028912497831649e-03
1.304407246433879211e-03
1.772380844829910939e-03
1.934899000505113436e-03
1.666329482590668846e-03
1.255749514774232153e-03
1.045067811932359455e-03
1.177489895866295089e-03
1.462318604368698094e-03
1.512919711685779042e-03
1.280220021625706967e-03
1.070224371319380887e-03
1.068243799861868766e-03
1.204293773866408615e-03
1.310424334750048781e-03
1.283643317432983655e-03
1.159001020855279524e-03
1.055466269570587987e-03
1.061369769560734306e-03
1.149704184814091205e-03
1.200204531451861106e-03
1.149181006293710332e-03
1.067266235403599483e-03
1.044933742002350898e-03
1.085950468276742058e-03
1.129155157801194596e-03
1.124871931728817958e-03
1.080898930505116810e-03
1.045597237658825451e-03
1.052978369905893880e-03
1.085183041701780248e-03
1.095724977442944469e-03
1.071698418381096529e-03
1.046113878858233358e-03
1.047284188077703907e-03
1.065959649677541152e-03
1.074951193828342037e-03
1.063563320777752893e-03
1.046847984683726973e-03
1.044276654589929151e-03
1.055494397452025855e-03
1.177201719458680030e-03
3.287157432711568478e-04
8.843279729201787391e-04
4.933063362877495965e-04
2.692167665803326510e-04
4.699403560660825600e-04
5.805063668643146990e-04
4.566739570097218997e-04
2.907030562345670906e-04
2.939551604799716918e-04
4.181851133060186018e-04
4.354338882184355321e-04
3.315817810230455628e-04
2.658633692427396543e-04
3.062145068879660280e-04
3.666365089968284547e-04
3.619661849137899247e-04
3.038731658901285882e-04
2.659095841987424869e-04
2.898902395009350392e-04
3.285914430851571456e-04
3.199883373767154317e-04
2.803297609804723811e-04
2.663926319870640880e-04
2.881469022569603088e-04
3.063428216634855438e-04
2.950504872666155002e-04
2.715253886965643556e-04
2.673954120980380641e-04
2.836287851593378441e-04
2.910805027431307476e-04
2.781409998832086905e-04
2.659924526771032102e-04
2.708157523605676060e-04
2.808873493449496250e-04
2.793665044783114689e-04
2.692632581873816307e-04
2.659687941842114487e-04
2.725105710930766966e-04
2.760604502624198608e-04
2.705715220739529116e-04
2.656717007848186682e-04
2.683787676884840149e-04
2.723408780626002069e-04
2.704488643894215408e-04
2.662078020997197267e-04
2.664512366451735775e-04
2.695902533816911702e-04
2.693873990174183372e-04
2.663942165551710234e-04
6.821314107004082441e-04
2.971868810465404329e-03
9.011269215734919215e-04
1.355967086640684233e-03
1.895855827668636862e-03
1.095500955397939267e-03
6.610809268709279696e-04
1.014310460755771899e-03
1.332048494656146295e-03
1.213127891298084208e-03
8.521796033422982149e-04
6.592808880212545561e-04
8.335953955565074880e-04
1.046234753973483960e-03
9.642800414754424147e-04
7.359286256380082568e-04
6.640812769879483792e-04
7.798805321083341138e-04
8.859227363559197405e-04
8.525077470697371967e-04
7.289256108201640390e-04
6.593523319505373553e-04
7.140004623322801069e-04
7.931534823888544477e-04
7.752880600086526231e-04
6.930374578600056318e-04
6.600491516532308893e-04
7.015668781261335868e-04
7.432008811506547871e-04
7.276353929187936607e-04
6.787160677922459903e-04
6.600404687833247427e-04
6.886176780231645063e-04
7.128038613046272553e-04
6.944077746036433473e-04
6.639373128861005696e-04
6.638239917975798446e-04
6.853499755437941028e-04
6.918699154901710975e-04
6.745027157277583112e-04
6.596279510648899065e-04
6.666683805433293048e-04
6.797360981922853694e-04
6.759941967965623017e-04
6.625497925697939900e-04
6.604461081574171302e-04
6.694602367103776215e-04
6.725920586855319797e-04
6.650030664745293883e-04
6.592849175692033423e-04
1.192798542214245153e-02
9.946559372500970823e-04
4.941659856813279336e-03
7.820409627145651771e-03
4.639289107454315844e-03
1.728396186873654670e-03
1.009048690786821861e-03
1.972018904264203308e-03
3.516338179733113738e-03
3.869853156194607083e-03
2.800640103392701592e-03
1.569481492742687105e-03
1.013259200034693748e-03
1.173195765337559527e-03
1.750274238819257569e-03
2.265809703769534542e-03
2.301328480317059184e-03
1.872452405726247882e-03
1.341745339716472708e-03
1.028375035322780500e-03
1.039563003162849615e-03
1.293970704341060925e-03
1.568334799306858552e-03
1.633900105986225634e-03
1.451364313278378625e-03
1.183428206323017089e-03
1.014221052439735760e-03
1.015511747372549456e-03
1.139661400663905845e-03
1.272343690483876237e-03
1.309742738240025559e-03
1.230422585722437245e-03
1.100091921709759387e-03
1.008241261142387227e-03
1.002817024938713452e-03
1.066637490693562009e-03
1.135953830267212930e-03
1.150711993632943077e-03
1.102433849619316193e-03
1.034069393452663119e-03
9.959042494956851094e-04
1.006254396310041037e-03
1.044623164490902402e-03
1.073551431932615605e-03
1.069092075787383966e-03
1.037227632968503290e-03
1.004641452681297306e-03
9.944259766413885912e-04
1.008695147020908676e-03
1.029692221319706722e-03
2.982816706079494031e-03
1.243761528972498268e-02
3.374443942217449869e-03
4.694793122791245110e-03
8.766761000185085972e-03
6.901756900489192104e-03
3.811807916744119375e-03
2.961951780236129171e-03
3.940608911322224239e-03
5.359956843113932758e-03
5.611313515954004932e-03
4.579052454408752935e-03
3.426050040602699517e-03
2.947381437940124922e-03
3.270894033552096750e-03
3.987726023405016237e-03
4.325033507146462675e-03
3.951049181138794816e-03
3.314325027437932912e-03
2.962711703504817586e-03
3.045035746170415576e-03
3.373932668621750040e-03
3.629000406820996876e-03
3.591922485575381550e-03
3.317455893536536832e-03
3.038905681961357776e-03
2.947000305236266351e-03
3.066666664965588679e-03
3.252992029965339794e-03
3.313498526828021103e-03
3.196493461968992478e-03
3.025576438625426651e-03
2.946064977605476146e-03
2.993446308848554237e-03
3.093905879140847453e-03
3.144331312594351221e-03
3.101397645342202514e-03
3.009776006096307951e-03
2.949517937041824800e-03
2.961987988033118122e-03
3.018856363999505767e-03
3.054061016301821713e-03
3.031820096780187337e-03
2.978656574619183497e-03
2.946621140967559636e-03
2.957936228743904012e-03
2.990257885074577501e-03
3.006135967182882451e-03
2.990032219323534267e-03
2.960321483172816560e-03
1.196109305075149232e-02
2.376063623507733164e-03
2.972758917664635944e-03
6.203724068742048382e-03
5.160463698175375702e-03
2.777238963948529087e-03
1.632800003617193140e-03
2.096268265246854518e-03
3.239465065154997683e-03
3.724965073653423858e-03
3.205831899171743705e-03
2.264793669011801007e-03
1.661663534621296307e-03
1.715970189228768327e-03
2.189051286003568068e-03
2.594351639936409368e-03
2.586459346014235647e-03
2.213871126024302173e-03
1.793014181461838720e-03
1.608407717763378529e-03
1.731888316776730502e-03
1.994402771198007084e-03
2.137066632966448752e-03
2.042039674205101303e-03
1.809360980426674616e-03
1.633089855718916844e-03
1.626664278231583927e-03
1.748682937367176601e-03
1.865538861501734886e-03
1.872139133952857365e-03
1.771062330326017304e-03
1.652580861409778425e-03
1.607945577615378869e-03
1.654920193559953701e-03
1.730321152860093666e-03
1.755288396292587535e-03
1.709113782439732315e-03
1.639560745638667756e-03
1.607787561178594541e-03
1.630522332913788468e-03
1.672861485578271048e-03
1.688742578972865331e-03
1.664391888673810846e-03
1.625588317706254393e-03
1.607762830683219903e-03
1.621449510543129541e-03
1.645582979515362301e-03
1.652187394133422570e-03
1.635341655744885266e-03
1.613899141057676843e-03
1.720281879439740022e-02
1.387115157448159074e-03
3.285227222616568347e-03
7.742872037293611377e-03
8.678524527366567043e-03
5.955513803123941435e-03
3.098839464050740043e-03
1.515806532482333368e-03
1.349132334638357671e-03
2.588471853930815123e-03
4.099369733498320519e-03
4.190010306671244911e-03
2.954603218986205128e-03
1.721285426256651853e-03
1.243007468551845726e-03
1.423741455667650166e-03
1.912771554857647851e-03
2.386964981274842298e-03
2.603340505462794444e-03
2.473626370847382787e-03
2.091881476448429616e-03
1.648293985918857949e-03
1.324887633169184037e-03
1.241466993499717054e-03
1.412235433513586540e-03
1.695408040519473438e-03
1.852228219206926516e-03
1.755880313411739297e-03
1.506544608271174384e-03
1.297895419317224904e-03
1.237102048373429517e-03
1.307239602190662757e-03
1.427002452437152111e-03
1.513188277747273477e-03
1.518437111124502047e-03
1.445920231266700946e-03
1.339534932217357425e-03
1.256870816299320232e-03
1.238495588860792857e-03
1.283785322307507467e-03
1.348494897118510984e-03
1.376435933535248525e-03
1.346644631867019350e-03
1.287356930849632968e-03
1.243759879716053139e-03
1.239130716835956441e-03
1.264689202680559666e-03
1.294410684570063575e-03
1.305659497643907232e-03
1.292059410881016409e-03
2.148123179882824394e-03
7.191673368025840261e-04
1.689848505436517597e-03
1.042166158853368796e-03
5.777222125299181664e-04
8.876949717009532774e-04
1.142542183159310065e-03
9.633138976875581152e-04
6.531007378146680767e-04
6.005941697774331905e-04
8.053779546425634834e-04
8.979909390685438322e-04
7.520300022545538515e-04
5.935120935400722050e-04
6.097744012372479554e-04
7.248586663249772816e-04
7.649076926186628355e-04
6.867255052729341787e-04
5.924972865795939203e-04
5.911829142543330393e-04
6.623744701743288030e-04
6.908022682955985375e-04
6.381206503990391465e-04
5.824590356802275591e-04
5.911639844185024618e-04
6.345872070512969393e-04
6.454347263982968333e-04
6.110922145570161796e-04
5.794101349422362424e-04
5.888088541358845428e-04
6.163915793781246742e-04
6.166073306984925975e-04
5.908116620362217474e-04
5.777580261857332084e-04
5.910883681914698559e-04
6.048136744141701781e-04
5.974111475636749869e-04
5.811317186354353695e-04
5.794562578021845512e-04
5.910251375936238999e-04
5.945492661766184957e-04
5.845952889730408452e-04
5.777012627415027256e-04
5.827775505140167858e-04
5.888127882557707415e-04
5.853691105283313593e-04
5.786160102453477604e-04
5.790124623098580987e-04
5.840181629386665242e-04
5.840080810650429260e-04
1.422035621593134569e-02
6.321363830975098609e-03
1.278134790294793537e-02
1.228831771490485926e-02
7.973529111496643548e-03
5.022950704703202027e-03
5.670616583103561814e-03
8.643286341750829049e-03
8.380506656471609084e-03
5.874319223906891534e-03
4.770344347302646858e-03
5.397937063331783615e-03
6.470114346055821919e-03
6.971591024084552134e-03
6.590487639550272024e-03
5.682909104775692340e-03
4.911943988910121538e-03
4.849108191860168789e-03
5.484583555693398754e-03
5.968781990210197952e-03
5.651630838372717104e-03
5.013761637667557905e-03
4.770514566906297084e-03
4.993550273702753416e-03
5.323902340773702807e-03
5.432789822125981376e-03
5.245532311688790895e-03
4.935426561304604928e-03
4.770493491671766451e-03
4.881861327098698314e-03
5.100251914777060615e-03
5.129656550263634804e-03
4.943567781049145772e-03
4.783698714385356716e-03
4.801295909334579552e-03
4.920669385160659354e-03
4.988462931023811796e-03
4.936564922058236243e-03
4.825249730846390556e-03
4.769530351271358479e-03
4.816292682725041227e-03
4.887970052483964385e-03
4.883315127287363860e-03
4.813203754961937857e-03
4.769930836654679047e-03
4.792700068692871268e-03
4.836050424650667652e-03
4.841976755908858517e-03
4.805875118144449336e-03
4.772351995527024729e-03
1.336132929983031674e-02
1.207127438730416953e-02
1.086329095807245411e-02
8.163877172581754382e-03
9.889152125158229278e-03
1.046621508300005741e-02
8.959536842636109041e-03
8.182866925636859273e-03
9.165507532208148900e-03
9.576314937226078697e-03
8.680801914442096839e-03
8.165666719778513077e-03
8.660673312206037741e-03
9.069999332731067121e-03
8.726422884187229681e-03
8.215550038949087294e-03
8.293046686110926852e-03
8.687928006440097731e-03
8.642573372514996896e-03
8.267474090964085573e-03
8.189759439316102174e-03
8.435816041799487977e-03
8.523137706312531106e-03
8.315067849069657235e-03
8.162870637393923254e-03
8.283674478816237946e-03
8.407281894982946216e-03
8.299403801699897776e-03
8.166919054475748480e-03
8.222666345582885228e-03
8.320753568227321276e-03
8.273300894353043805e-03
8.172698208037435311e-03
8.190944941005530791e-03
8.265317033942065628e-03
8.240629536339144287e-03
8.169803355136192810e-03
8.182462072884985962e-03
8.231905090405007563e-03
8.214298808896189699e-03
8.166893166223243225e-03
8.178132838098581270e-03
8.211768568902056906e-03
8.193592894235865454e-03
8.163570748696245827e-03
8.178208886699366020e-03
8.196912582362663943e-03
8.178672515170112844e-03
8.162860443985972200e-03
8.177851896727260025e-03
4.468237483683586576e-04
4.047603390930364781e-03
9.368527875420204834e-04
1.366168420227740696e-03
2.051291186970617166e-03
6.046737661747762001e-04
5.110791607011213591e-04
1.177231867933363138e-03
1.363483836432986644e-03
9.461216423404245198e-04
4.335908488834117796e-04
4.537875715030234916e-04
8.969758614763062490e-04
8.845998848220490906e-04
4.860060679010782961e-04
3.645772588254243525e-04
5.653513255743607266e-04
7.227215486565967796e-04
6.457488145417840907e-04
4.402763624285340404e-04
3.563762041169828555e-04
4.863397689272123416e-04
5.872161434251952196e-04
4.829232093537081543e-04
3.609432542419860421e-04
3.891585704624810895e-04
4.792618035742925338e-04
4.893310958895744599e-04
4.111143887500338131e-04
3.539751960515867741e-04
3.917942741845504943e-04
4.457054837610468622e-04
4.169777071138805946e-04
3.603977893802678967e-04
3.645981857783198599e-04
4.041549302964451778e-04
4.087295731279347961e-04
3.732708139342665933e-04
3.536923448890337963e-04
3.757186391824947303e-04
3.927375126893064726e-04
3.726659896855087813e-04
3.537093817115424311e-04
3.645453582942299246e-04
3.789116973074997782e-04
3.706182523340671828e-04
3.550451967863056885e-04
3.579641416305692552e-04
3.697460828864534586e-04
3.660165389226046088e-04
2.959316055544668504e-04
4.769039011448088770e-04
3.051921892234443420e-04
1.678728234125107638e-04
2.958754721086803512e-04
3.009277301727459296e-04
1.910188344207388504e-04
1.774454858993561573e-04
2.390290889995735847e-04
2.550174516141855163e-04
2.082590949587508500e-04
1.683855560529960824e-04
1.858488816413941813e-04
2.204142272494113942e-04
2.096624728186976053e-04
1.754876924862711204e-04
1.695236308928808075e-04
1.903744343710963736e-04
2.011122832134577668e-04
1.870882180159644075e-04
1.691644603751444958e-04
1.711765592632507975e-04
1.856075878730300004e-04
1.864560571922165304e-04
1.731650949953874512e-04
1.672692128410017682e-04
1.747133741455421906e-04
1.808137123755401948e-04
1.759495872302829333e-04
1.681085278351129224e-04
1.688092555031712896e-04
1.749127000242676870e-04
1.748519564627013141e-04
1.690740789537586932e-04
1.674030600837481944e-04
1.711410275144805283e-04
1.727841790886312041e-04
1.696089233147575427e-04
1.671259775924836995e-04
1.690067221241366927e-04
1.709558279175152579e-04
1.692019069778632372e-04
1.671639331680450729e-04
1.681662021336913519e-04
1.696381395735193319e-04
1.687112221700585459e-04
1.672049910357953730e-04
1.677022734163377896e-04
1.687905314757964391e-04
1.681878622918524854e-04
1.053996098413556050e-02
4.137850837651422392e-03
7.171902527378931289e-03
8.167772230833923383e-03
6.540709312577571051e-03
4.630513931465223693e-03
3.980092060438642984e-03
5.045613859157036321e-03
6.033760614885312797e-03
5.476272847067532347e-03
4.368421834093714172e-03
3.959381903000658287e-03
4.313998393866310538e-03
4.834618614825941622e-03
5.036253696521345892e-03
4.802899702303519390e-03
4.340507996941907892e-03
3.995963224419987747e-03
4.025627655814850714e-03
4.343668412486351681e-03
4.544096493416566358e-03
4.390285313347031329e-03
4.090234760960417826e-03
3.957789058104079459e-03
4.054584861930840903e-03
4.219370512255070024e-03
4.280492152676443861e-03
4.191650874192733717e-03
4.039113059826964121e-03
3.958304531998712607e-03
4.010305459028560421e-03
4.113870453995110109e-03
4.134919752758550726e-03
4.053064212815482570e-03
3.970106056214478540e-03
3.967384088097654186e-03
4.023009312349463268e-03
4.062488772175070796e-03
4.043723587949021869e-03
3.990026055812597415e-03
3.958126612730848010e-03
3.976070844210167002e-03
4.012010811285146583e-03
4.016074412561410935e-03
3.985268028597730230e-03
3.959485498121557458e-03
3.964764625227766223e-03
3.986111981838462610e-03
3.993621599827955684e-03
3.979008965072463808e-03
3.332208107874803839e-03
1.620561324424389226e-03
2.675771023235285623e-03
2.370225686648094396e-03
1.623629211329250671e-03
1.535145060519013541e-03
1.999534080107309535e-03
2.068342877585381458e-03
1.709723311961351298e-03
1.461203866071822443e-03
1.577329632824701639e-03
1.788444186463159077e-03
1.800849295854532045e-03
1.624501821188313079e-03
1.469312389806667375e-03
1.499972576552632700e-03
1.633011142267592856e-03
1.666621186332451713e-03
1.564490236449237121e-03
1.465923625445202843e-03
1.480252755512750712e-03
1.557641240192338041e-03
1.584462640832952265e-03
1.530792744402903038e-03
1.466793697778114025e-03
1.467073833254718641e-03
1.515487056473216335e-03
1.535001350890541263e-03
1.499616068709376136e-03
1.460909868147875889e-03
1.466421715743030686e-03
1.496764566425956089e-03
1.504003358129296034e-03
1.479399370282932303e-03
1.458106826466829681e-03
1.466203221600666327e-03
1.484982361820479102e-03
1.483586092913392971e-03
1.465289359859528288e-03
1.457555213233819843e-03
1.467836605029645665e-03
1.476424358221273443e-03
1.469742568836217723e-03
1.458815683567634162e-03
1.459390681478326107e-03
1.467631353961406033e-03
1.468543623536166381e-03
1.461001774237823342e-03
1.457402184634866427e-03
1.461786209956015322e-03
1.100442281996513900e-02
2.786286765766958322e-03
6.912513128446614794e-03
8.490028710563308004e-03
6.159103596070841097e-03
3.566925571340119182e-03
2.451145459599057656e-03
3.461574875562604004e-03
5.160058449371875133e-03
4.859407762577387137e-03
3.319427012386405498e-03
2.478626633119076529e-03
2.680328152420539782e-03
3.320016847580638773e-03
3.801921740726451737e-03
3.810918759448821917e-03
3.388699198738439125e-03
2.829240537692381732e-03
2.475944083964815891e-03
2.549741670337554462e-03
2.940721476783365700e-03
3.189072049135083416e-03
3.007841167077578148e-03
2.639332480616062449e-03
2.452568831106610638e-03
2.530837042785176200e-03
2.720527247840345397e-03
2.837910954675686506e-03
2.797150622081005615e-03
2.639995097577061897e-03
2.488428742348902396e-03
2.455438085389455381e-03
2.549897845319371546e-03
2.653064697777384601e-03
2.642881816799447659e-03
2.538985144585051076e-03
2.457618440057117871e-03
2.463646543256494369e-03
2.523911384664384756e-03
2.566802915172509796e-03
2.552457341394624539e-03
2.497842132104160194e-03
2.454136945816150217e-03
2.458203346787389554e-03
2.495886106180902723e-03
2.517354046299171387e-03
2.497493356993355819e-03
2.462273330750215476e-03
2.449816273774438943e-03
2.465685732870965315e-03
