3.862809464265689254e+07
3.809225909169760346e+07
3.748900987216725945e+07
3.679038769626390189e+07
3.601009895414804667e+07
3.511279841367199272e+07
3.409962279858558625e+07
3.296147389029710367e+07
3.170031993071715906e+07
3.031708992911618948e+07
2.882297585317015275e+07
2.723841792058204114e+07
2.558378464820322022e+07
2.387942938121158257e+07
2.215934542846731842e+07
2.043745061748249084e+07
1.873965315684706718e+07
1.707744487081166357e+07
1.548279152635551617e+07
1.397637065662807599e+07
1.258879409454325587e+07
1.134509837033569068e+07
1.026294101375801302e+07
9.345658388695441186e+06
8.583888688789358363e+06
7.958564306127948686e+06
7.445976595393023454e+06
7.021936578272020444e+06
6.665594120231362060e+06
6.360297161986361258e+06
6.094288781138235703e+06
5.857857951747365296e+06
5.643534441629217006e+06
5.446978430996736512e+06
5.263874362992933951e+06
5.090983459353487939e+06
4.925579633247402497e+06
4.764913668191640638e+06
4.607778914931671694e+06
4.451158730081865564e+06
4.293807955362645909e+06
4.133896747645482887e+06
3.969755897141188849e+06
3.799603606654783711e+06
3.622242034851199016e+06
3.436134325737942010e+06
3.239779669757361058e+06
3.032553912432152778e+06
2.813887812053034082e+06
2.584435691693134606e+06
7.050994056536125951e+06
6.393793334279842675e+06
5.657376375724463724e+06
4.833129008200347424e+06
3.932111450653729495e+06
2.994793291499747895e+06
2.101434048880910967e+06
1.346068953769608168e+06
7.985668348126874771e+05
4.600624869466937962e+05
2.767154619046155713e+05
1.834373561418549216e+05
1.346013860644718225e+05
1.061994453012918530e+05
8.741308361001995218e+04
7.354870235213548585e+04
6.263448779228790227e+04
5.372774601843532582e+04
4.634378645443101414e+04
4.018029422542358952e+04
3.502017514538949763e+04
3.070203070371624199e+04
2.709611904510031309e+04
2.409225629656802630e+04
2.159037060077110436e+04
1.951093097311183374e+04
1.779000519979536693e+04
1.635780800018565424e+04
1.517194734507070643e+04
1.418625025751792055e+04
1.336510210867010028e+04
1.267833385955463382e+04
1.210025159823536887e+04
1.161392305820839283e+04
1.120090567639654546e+04
1.084865748350576177e+04
1.054868247858571340e+04
1.029032902376240054e+04
1.006554194008513150e+04
9.871913338361377100e+03
9.702408903526789800e+03
9.553851698764279718e+03
9.423099860371632531e+03
9.307597901614764851e+03
9.205017874895955174e+03
9.114279174991628679e+03
9.033376296153928706e+03
8.960612368402067659e+03
8.894997888481848349e+03
8.836316627268975935e+03
4.776367180251229456e+02
1.299728658076124930e+02
4.149431544945223038e+01
1.916222762279096514e+01
1.375949382943321631e+01
1.276327208228834920e+01
1.280163110741457189e+01
1.296848521312479008e+01
1.305483227468031338e+01
1.305688766978501292e+01
1.301147217583980620e+01
1.295060115427888547e+01
1.289422118033787257e+01
1.285084415874660557e+01
1.282451186097081219e+01
1.281220960798835407e+01
1.281223340620952911e+01
1.282203464416452121e+01
1.283658939140083710e+01
1.285610166923123465e+01
1.287801897249267569e+01
1.289928315731139463e+01
1.292301971291666618e+01
1.294524595691810909e+01
1.296539474314623774e+01
1.298638081404559230e+01
1.300465337820367928e+01
1.302314050480101493e+01
1.303817109760845838e+01
1.305371676725141761e+01
1.306655718554160472e+01
1.307955610067175378e+01
1.309023206803927231e+01
1.310079397056838069e+01
1.310994806401764023e+01
1.311768602309567910e+01
1.312495753834665280e+01
1.313182509888707550e+01
1.313716483730487283e+01
1.314214767613023405e+01
1.314650083898111355e+01
1.315006981790545382e+01
1.315350248207926853e+01
1.315676081405369757e+01
1.315938101894465362e+01
1.316180450118941714e+01
1.316273144580342880e+01
1.316358841971962690e+01
1.316483197511702130e+01
1.316539734361784042e+01
2.945934777020456918e-01
1.412951073538690205e-01
1.011710775324562439e-01
6.500381470617491719e-02
3.279988369093499168e-02
1.625858160148303116e-02
1.003404728409449873e-02
6.767296864720796605e-03
4.425868839885584161e-03
2.885499775830752209e-03
2.061675577541970204e-03
1.744778994750855686e-03
1.706620369530227220e-03
1.766084367284932299e-03
1.817301660224652842e-03
1.820025515791839216e-03
1.772845965213746492e-03
1.689844458997652628e-03
1.587765883342532680e-03
1.480674150574005704e-03
1.378162774499150194e-03
1.285820716188391596e-03
1.206056786964991492e-03
1.139152026507149170e-03
1.083999939739960098e-03
1.038994403686561725e-03
1.002226623114548399e-03
9.719831994311773499e-04
9.468122083992687628e-04
9.254444805774017513e-04
9.069590135683164344e-04
8.906432878113322658e-04
8.759640792806713469e-04
8.625353346998969155e-04
8.501004534401375521e-04
8.384718184432681572e-04
8.275483622428939914e-04
8.172164148966881356e-04
8.073849507895974106e-04
7.980307746562795811e-04
7.891264294386549040e-04
7.806053112951526034e-04
7.724496223881456092e-04
7.646384920432825220e-04
7.571295892250390347e-04
7.499319406661809212e-04
7.429765785060682545e-04
7.362516516439454508e-04
7.297753109285040791e-04
7.234654421833532599e-04
5.054653010670616614e-04
1.499190844120192707e-04
1.710769803486966853e-04
2.945086778486845380e-04
3.105163941087472033e-04
2.402473596414491004e-04
1.564555114146018075e-04
1.258457901341958362e-04
1.477710986102088574e-04
1.845524319655664160e-04
2.075718021929181395e-04
2.034050417941887779e-04
1.784125770446624317e-04
1.486409705363512775e-04
1.287450264578631778e-04
1.282730825806957910e-04
1.449523873919260505e-04
1.618505178683600151e-04
1.636225160389281549e-04
1.502399452789184638e-04
1.336873121267005259e-04
1.259447611065949433e-04
1.292234680591626149e-04
1.376455926822090165e-04
1.441002475169925580e-04
1.445299196467381413e-04
1.391802502632899421e-04
1.315971478857852223e-04
1.264350656202205118e-04
1.266398264369910309e-04
1.310771726913234863e-04
1.351382340195111053e-04
1.350013954529589977e-04
1.310888721953738019e-04
1.270385276089711058e-04
1.258619276074069901e-04
1.275578347650272967e-04
1.299854741874721621e-04
1.309952738712454946e-04
1.299074103432109771e-04
1.276767432992363042e-04
1.260251750994873052e-04
1.260651619061613226e-04
1.273898671965252246e-04
1.284888218499689188e-04
1.282524856679451554e-04
1.270042352562226031e-04
1.259720905846440264e-04
1.259324887732959117e-04
1.266326807239182093e-04
8.810256359465296646e-05
1.839268900106073683e-04
9.476037279009335798e-05
1.062030385130712987e-04
1.331533973321749782e-04
1.372210890544155681e-04
1.237390810398424957e-04
1.017466130498854445e-04
8.781202021740705911e-05
1.001617829103986396e-04
1.145128688813105598e-04
1.074040367857712508e-04
9.205881148380092352e-05
8.825948974262089750e-05
9.528776574272679301e-05
1.016913246159801187e-04
1.021064345470603507e-04
9.695776939840935029e-05
9.018194326510358132e-05
8.791767512032752706e-05
9.234269615380707682e-05
9.650619946557159677e-05
9.440206001065193321e-05
8.942173417025808563e-05
8.785736850117463882e-05
9.017388231358480213e-05
9.254573066023812598e-05
9.238508638825325794e-05
9.004761805561761734e-05
8.795287503218527443e-05
8.835094177027883334e-05
9.028072233582758220e-05
9.068944908256282907e-05
8.908634336371092511e-05
8.781306029295726659e-05
8.826234391817389048e-05
8.936447648924257352e-05
8.957538233504850407e-05
8.869297254462539634e-05
8.783694618734675242e-05
8.802147511511328431e-05
8.877634339339842491e-05
8.888926240722829321e-05
8.820623452177513027e-05
8.777102904560245451e-05
8.806957004804223069e-05
8.852103697148640737e-05
8.845671441570557075e-05
8.800710485252828425e-05
8.777015042417347836e-05
2.099968617826090597e-04
1.829462500354646565e-04
1.599183403124222541e-04
1.811856451323267314e-04
1.898156690952661966e-04
1.793661968592944128e-04
1.655883531035428388e-04
1.581862817043979200e-04
1.641009489076540628e-04
1.723521363698719572e-04
1.728536088994547760e-04
1.666184844444403696e-04
1.594770917726171390e-04
1.586754618453051582e-04
1.624073436230600112e-04
1.656856984257656235e-04
1.661565631005298949e-04
1.638263617525469716e-04
1.603406883567092521e-04
1.581993616874039659e-04
1.592533956672233654e-04
1.618699348755260376e-04
1.625848185498657880e-04
1.607042080168116869e-04
1.585502088434811421e-04
1.583002036257169542e-04
1.595262361050776042e-04
1.605661322757019008e-04
1.604845946558157085e-04
1.594303381873128265e-04
1.583501722723705226e-04
1.582514409268931822e-04
1.590705425213511737e-04
1.596166933131374353e-04
1.591816641128124786e-04
1.583774751024745247e-04
1.581637773585594503e-04
1.585771055052396324e-04
1.589847750423018023e-04
1.589155635277536278e-04
1.584761958669267954e-04
1.581551604617701117e-04
1.582732353447297957e-04
1.585912761595732366e-04
1.586375354898624326e-04
1.583596893721966219e-04
1.581459434109643914e-04
1.582328098207439772e-04
1.584153848830304964e-04
1.584404893174905325e-04
6.431210375468709647e-04
2.209863255284313607e-04
7.595187644546880429e-05
1.750119917748263086e-04
2.660442103165299279e-04
2.564187722595196351e-04
1.867540485756527448e-04
1.179444296311377214e-04
7.600640709927439296e-05
8.276750149132561425e-05
1.287151860989546636e-04
1.585499157914769565e-04
1.471818421214958266e-04
1.097288026632391145e-04
7.829208290667641259e-05
7.299786452780364040e-05
8.660301895438154583e-05
1.032413595601884364e-04
1.126235175735213227e-04
1.108627171925432382e-04
9.982657764667978654e-05
8.511186396992687000e-05
7.401135925466463864e-05
7.275895625090770538e-05
8.118571873844797890e-05
9.045783265942126234e-05
9.150809470681491920e-05
8.399209390475118097e-05
7.519400316963818884e-05
7.187582245987337139e-05
7.456939744813116612e-05
7.934247316595437541e-05
8.219886767113862049e-05
8.137143566973671410e-05
7.764409734744545698e-05
7.357300610198000033e-05
7.187543779780543969e-05
7.342565370862491982e-05
7.625755926876144099e-05
7.735509975913882317e-05
7.572801454458694733e-05
7.314023019013743984e-05
7.188472632282412846e-05
7.256588395305378723e-05
7.403317698599537239e-05
7.480992242940595160e-05
7.429176172111449884e-05
7.298236408977391441e-05
7.198784023582780107e-05
7.204583539083466587e-05
9.781397040058682443e-05
6.425160652838719897e-05
5.981737944342572231e-05
7.284803201724076476e-05
7.403765644825593831e-05
6.516374246485516692e-05
5.920785786215342230e-05
5.815714611787334049e-05
6.132971161610867241e-05
6.456198666260533087e-05
6.546623690707902335e-05
6.391529708767772840e-05
6.098598517609611093e-05
5.848921069315963053e-05
5.798728908615488847e-05
5.921400648151083643e-05
6.075626570054125256e-05
6.145494695083709167e-05
6.090908430046485883e-05
5.959078209488918729e-05
5.835168137746155797e-05
5.790748896666618798e-05
5.841079328635267516e-05
5.925666333667048722e-05
5.965331000773105362e-05
5.932563329066553945e-05
5.858309891201093792e-05
5.800001191564438841e-05
5.795542896381951294e-05
5.833138513743718167e-05
5.871966365745644168e-05
5.879795844449365141e-05
5.852658868576084567e-05
5.813022800462519068e-05
5.791055869566097598e-05
5.800741168018994001e-05
5.826780987437398088e-05
5.842333911559262816e-05
5.833352232328827111e-05
5.809828184177113158e-05
5.792344967507473115e-05
5.793643586642409170e-05
5.807573407441238988e-05
5.817322608318209649e-05
5.814675321487276522e-05
5.802905323470169074e-05
5.792434929814568824e-05
5.791549804117126891e-05
5.799832811294906517e-05
5.807187569533977546e-05
6.768014672130484013e-04
1.169423917756875949e-04
7.652047342923137081e-05
2.419179830307171251e-04
2.976306885401047144e-04
2.140415247751583250e-04
1.085243194451783103e-04
4.181160103426838554e-05
4.761771029845672493e-05
1.117250803438343468e-04
1.521577621237113216e-04
1.326772855864176231e-04
7.906154987382397179e-05
3.927338395320901772e-05
3.771890577676781972e-05
6.002237451397156120e-05
8.274636893758183004e-05
9.136366155552172095e-05
8.257015381420609976e-05
6.253348882623826880e-05
4.250566929070400177e-05
3.398498910580406853e-05
4.165569837589009749e-05
5.643425687586690664e-05
6.288119317061306029e-05
5.531777800034941869e-05
4.188972192255978913e-05
3.428932746069115491e-05
3.637618847182176612e-05
4.337871079768494253e-05
4.851516434600244978e-05
4.809428014135589053e-05
4.284115062030955149e-05
3.666070244589603785e-05
3.398456977642086728e-05
3.629119967826912674e-05
4.050069339157412007e-05
4.195503949221723633e-05
3.931464311500705946e-05
3.551275090217055673e-05
3.398630325416603066e-05
3.532287760255713855e-05
3.751018866003775858e-05
3.833175870115930776e-05
3.714369983133491147e-05
3.511687248708460148e-05
3.400161601208556803e-05
3.457541719536695075e-05
3.589233870373982708e-05
3.636282329908060464e-05
1.543991938136179834e-04
2.767967324589608855e-04
1.609773912554701074e-04
1.695014312753364226e-04
2.145001010398736347e-04
1.791347116271788250e-04
1.457582391426845599e-04
1.578592066827036607e-04
1.797278148583151506e-04
1.782816984825932665e-04
1.589028460259763712e-04
1.453259656182337781e-04
1.519685364839504639e-04
1.654037226756272416e-04
1.637190202611728349e-04
1.509621405584210584e-04
1.450208160306518687e-04
1.504459069541836844e-04
1.571854264488898255e-04
1.565545139658741658e-04
1.497959669130605079e-04
1.451014360692516364e-04
1.474103838427164004e-04
1.521425886469816304e-04
1.518767030868948642e-04
1.473431675744140367e-04
1.450045118498977353e-04
1.470440432921431284e-04
1.496608565498205737e-04
1.491324385097751032e-04
1.463334879183143767e-04
1.450156293923533324e-04
1.465338207683464775e-04
1.480796282949149180e-04
1.471209890778257053e-04
1.453195339156497382e-04
1.452241103723858227e-04
1.464333778045530626e-04
1.468403012455837863e-04
1.459089260144665360e-04
1.450351002046710409e-04
1.453743338505423524e-04
1.461216691251184105e-04
1.459649846840365122e-04
1.452152684771451630e-04
1.450532154131436437e-04
1.455631565625687654e-04
1.457757910852478791e-04
1.453376163374404430e-04
1.450036731382460921e-04
1.674091334774682640e-04
3.582478956756690635e-04
1.798503277103936059e-04
2.075568472284944625e-04
2.707551461487619484e-04
2.391695560246861324e-04
1.819150843133118074e-04
1.671643013223118022e-04
2.015347480784045729e-04
2.210534874109519035e-04
2.010695713339729794e-04
1.717030812093121893e-04
1.664291389665705390e-04
1.825379979938649886e-04
1.954087576055547578e-04
1.912354437214373274e-04
1.759741132500133637e-04
1.653007900670841631e-04
1.690235640552716447e-04
1.796963446859732268e-04
1.822450473222559644e-04
1.740802452685427399e-04
1.658452555316454805e-04
1.661736100864714776e-04
1.721248548799568165e-04
1.753600467724600114e-04
1.723260688197264371e-04
1.668265256961764956e-04
1.649393887426736996e-04
1.680137682417515513e-04
1.710812102005942461e-04
1.698667621203005869e-04
1.662565707013920029e-04
1.648862364251101411e-04
1.667244712491438045e-04
1.686152274859397510e-04
1.680129622300695932e-04
1.658458923162077622e-04
1.648567265875695788e-04
1.659758453027364267e-04
1.671949225672458362e-04
1.666628610798594179e-04
1.652523597314690691e-04
1.649139271785451878e-04
1.657658604794000909e-04
1.663258333547910895e-04
1.657884266760348822e-04
1.649671827089542703e-04
1.649877710239579611e-04
1.656145638250768677e-04
1.617017023388989420e-04
2.423412436600591460e-04
1.683022658086362803e-04
1.767631461753480047e-04
1.987786570746146483e-04
1.995514555473173308e-04
1.854812079001071589e-04
1.638711894292255915e-04
1.631987865985831221e-04
1.800836226965296378e-04
1.809609071188760291e-04
1.672280276256781991e-04
1.594059217413963127e-04
1.654453696476410138e-04
1.724708968900892766e-04
1.718440920735968378e-04
1.649991459653500333e-04
1.595738345134777286e-04
1.619484973405486560e-04
1.670270904935228977e-04
1.666322064608977485e-04
1.617838554733110382e-04
1.594166251752400878e-04
1.617410187339739485e-04
1.642902765595067823e-04
1.635748348167511985e-04
1.607053201356430658e-04
1.594275758289743637e-04
1.610596053857242342e-04
1.625488047116944047e-04
1.615171855322372705e-04
1.596933159357711196e-04
1.596745329037940395e-04
1.609580729779828414e-04
1.613221504437049772e-04
1.602873593699852728e-04
1.594188150302856496e-04
1.598723541912028191e-04
1.606428390150179547e-04
1.603759444785412560e-04
1.595744275774539666e-04
1.594978594660320973e-04
1.600622358487441125e-04
1.602005852412492250e-04
1.597142019688627048e-04
1.594053106835123599e-04
1.596909717778699901e-04
1.599512901048605177e-04
1.597087742068077632e-04
1.594139166167773665e-04
9.608926696407486421e-05
1.097385912337124045e-04
1.027700439107087757e-04
9.256072602076670754e-05
1.007444244437650025e-04
1.001713683033951606e-04
9.343347858580614213e-05
9.385405344284429292e-05
9.746836677956477782e-05
9.732764398360443730e-05
9.416652652924161317e-05
9.258402821347133367e-05
9.467931896230041204e-05
9.597274084898512738e-05
9.417206573725784668e-05
9.257183384822735572e-05
9.337884252359129813e-05
9.459712423303065780e-05
9.429578278551441824e-05
9.300747625474000335e-05
9.260574700070310031e-05
9.347922670655130868e-05
9.390471339515810655e-05
9.315438263541882919e-05
9.255406672840213651e-05
9.292620566788503688e-05
9.342680404874183567e-05
9.318626384980230250e-05
9.263946753112147522e-05
9.264786486986099944e-05
9.306517064733849510e-05
9.306499562250954160e-05
9.266643073722328398e-05
9.258340765162440238e-05
9.286846479734933713e-05
9.294159885408305238e-05
9.268363787992147068e-05
9.255569714030427615e-05
9.274151017860091562e-05
9.283028821576992553e-05
9.265025175211289246e-05
9.255460306718589242e-05
9.268380559561588470e-05
9.274040294316900762e-05
9.261229019708099247e-05
9.255680109591582624e-05
9.264810270461512837e-05
9.266456617191819200e-05
9.257457664420856410e-05
9.256264979729663062e-05
1.485702627275303734e-04
1.843927918739810662e-04
1.473370472766785731e-04
1.527866614840619943e-04
1.625199584307906986e-04
1.647871961391873634e-04
1.608155599755233867e-04
1.531026249610266540e-04
1.463440777495269706e-04
1.486356094627789529e-04
1.559610458979462033e-04
1.540697142087204901e-04
1.475049852558398206e-04
1.460102459447486906e-04
1.488507093035461412e-04
1.513658987860859602e-04
1.515664847205690539e-04
1.495491661380337104e-04
1.468248612818329516e-04
1.458257497486537121e-04
1.476439425175585295e-04
1.492952757249182928e-04
1.481184256811513326e-04
1.461548678166709923e-04
1.459356189771905796e-04
1.470348989503916532e-04
1.478153012419357543e-04
1.475166053053702413e-04
1.464682631722271690e-04
1.457878405000172196e-04
1.462260015182308050e-04
1.469993094280747222e-04
1.468426651972834875e-04
1.460539457569466539e-04
1.457993596584107512e-04
1.462142306831639023e-04
1.465690445868073760e-04
1.464169872383825309e-04
1.459651817452514873e-04
1.457877323017694950e-04
1.460600708994072160e-04
1.462665127084989596e-04
1.460635219531588496e-04
1.458001693241920576e-04
1.458484513465611084e-04
1.460476689434654055e-04
1.460777052840760322e-04
1.459039377547752692e-04
1.457811801310979639e-04
1.458611353409381415e-04
9.670567842445839247e-05
5.174793151121452226e-05
6.008528377904062223e-05
7.292163796533237857e-05
6.943403611390829087e-05
5.813484137150466279e-05
5.039305804553859407e-05
5.192862082170595489e-05
5.756478777999487627e-05
6.083030382267048486e-05
5.917374704558767324e-05
5.469152591244222546e-05
5.086161316404776091e-05
5.015383558560296696e-05
5.252133141286449854e-05
5.504367285517700601e-05
5.521338788198263124e-05
5.312301039152809832e-05
5.074383322180314347e-05
4.999100170655518824e-05
5.095926621230166483e-05
5.232615485530363585e-05
5.282961440808510352e-05
5.214865291182443506e-05
5.088639504998381489e-05
5.003810447190812539e-05
5.018278112765179341e-05
5.097874789745139985e-05
5.149727913563791504e-05
5.121599205330928267e-05
5.047500825262626423e-05
4.999695892498761979e-05
5.011543537373004578e-05
5.054903641101045754e-05
5.080445032381232816e-05
5.064604338093213638e-05
5.025002888312852948e-05
4.998613486412020258e-05
5.005906866807249259e-05
5.031670621103098988e-05
5.043631734645509328e-05
5.029732799648578936e-05
5.006156503780858226e-05
4.997337180749514908e-05
5.007650034264935119e-05
5.021046567781077454e-05
5.021354010982307899e-05
5.009407736382109731e-05
4.998467338383361244e-05
4.999235712582035600e-05
3.318833766296191414e-04
1.265532265798121020e-04
1.421613182999878174e-04
2.077048306586981997e-04
1.895855693592903273e-04
1.401351918069024998e-04
1.102863739108214615e-04
1.182325304668040979e-04
1.461073069702778125e-04
1.558070197189455460e-04
1.405367396667208551e-04
1.180656570925405239e-04
1.085623791237080762e-04
1.150077163042456327e-04
1.266792593525257679e-04
1.325525771885572039e-04
1.286308377980168545e-04
1.187940274468437900e-04
1.103839715007688053e-04
1.090363387333915195e-04
1.145380522861923369e-04
1.203547337564289009e-04
1.202859768462994787e-04
1.148931868164199853e-04
1.096860706862485548e-04
1.088025907105356817e-04
1.116324189559923666e-04
1.146887678086391208e-04
1.151859575913210734e-04
1.128570514688679661e-04
1.098228168439125985e-04
1.085598834376242180e-04
1.097550958102237501e-04
1.116968602459207443e-04
1.121389972282309710e-04
1.106925576932727101e-04
1.089946304813928224e-04
1.086162729161220796e-04
1.095161601095154350e-04
1.104610752256230516e-04
1.104572856672491634e-04
1.095646707517906003e-04
1.087023789161486109e-04
1.086535664745658547e-04
1.092849643475779671e-04
1.097382220201813588e-04
1.094708748181261095e-04
1.088428212940286479e-04
1.085597605654464129e-04
1.088047399720665828e-04
8.775433974796730875e-05
2.530228575372864513e-04
9.371195923910996181e-05
1.154765362163528855e-04
1.711698790079564159e-04
1.537032211811759834e-04
1.055022479787876715e-04
8.212250376766546550e-05
1.057858124875302625e-04
1.303251407872292697e-04
1.171613109746570344e-04
9.007483139350313346e-05
8.276657928246643702e-05
9.530392367397081126e-05
1.075274928752202673e-04
1.065707088129859577e-04
9.474759955451109259e-05
8.370827891737390319e-05
8.383301504967391807e-05
9.303733516172616922e-05
9.763203484430318642e-05
9.171456099394623964e-05
8.372019457032346722e-05
8.267429846156999470e-05
8.737842111111769963e-05
9.100688315398485493e-05
8.953813806416807165e-05
8.488549714053095587e-05
8.212690462536088669e-05
8.389583200672647652e-05
8.704904679700272807e-05
8.691330524761335880e-05
8.389261827296893008e-05
8.211106503200347789e-05
8.323230464010592574e-05
8.502765621387102708e-05
8.502571997257941862e-05
8.336409471111848833e-05
8.213430209113881672e-05
8.270558752416129521e-05
8.389993194636954010e-05
8.383101621606950707e-05
8.268479749630310916e-05
8.210674016577920189e-05
8.265983085897865936e-05
8.328898332083577377e-05
8.306358786707557619e-05
8.235142781558705866e-05
8.212758879901486974e-05
8.257653829471398249e-05
1.099104201596318956e-04
8.185758071489592847e-05
7.691239420646876269e-05
8.600534682038820506e-05
7.475992612020012132e-05
6.990754485216194329e-05
7.554749732751167882e-05
7.858141229958791557e-05
7.573033858974830186e-05
7.089932556037904321e-05
7.014123791856063071e-05
7.334171090361473139e-05
7.481743128021317406e-05
7.269001008363673555e-05
7.009344008691894136e-05
7.015061298194345417e-05
7.199887745241401551e-05
7.272375178583258997e-05
7.151894942851095053e-05
6.997916592287389890e-05
6.995612108698568603e-05
7.108381081243059360e-05
7.154806154794726724e-05
7.074144814097865059e-05
6.983272338107493504e-05
6.993367398373996234e-05
7.064446005341652843e-05
7.083043253683065027e-05
7.025382536696878771e-05
6.975410892828823382e-05
6.994774980499662842e-05
7.038907009222192300e-05
7.035899025979757597e-05
6.993189199064435695e-05
6.974018414539291037e-05
6.996886700229034653e-05
7.018032568498169170e-05
7.003597456888214080e-05
6.977489332561344695e-05
6.978383847480084052e-05
6.997798285614436947e-05
7.000715346357680295e-05
6.983134691159187662e-05
6.973827138555797629e-05
6.983889094154588546e-05
6.992552484914922747e-05
6.984121997201905884e-05
6.974192299971246291e-05
6.977848580901968925e-05
6.985322474361461162e-05
1.060042036139601917e-03
3.115823528194344477e-04
1.310969169263015216e-04
3.249102665540631960e-04
4.752470216970468135e-04
4.019988632767259110e-04
2.557446829352418016e-04
1.502848664408935192e-04
1.177277415985152694e-04
1.679672461764402487e-04
2.430821351782471915e-04
2.684880405668031668e-04
2.315639900733388299e-04
1.672935535873764593e-04
1.233543516155037741e-04
1.203731695086466289e-04
1.441038118678564977e-04
1.717171268466594200e-04
1.863081081583024292e-04
1.811327145648150062e-04
1.607053855109386292e-04
1.362417343313720758e-04
1.196299769184138020e-04
1.188144553705533220e-04
1.320356162663425279e-04
1.466492154836727328e-04
1.497178730304493145e-04
1.395263328963865148e-04
1.252938037956388619e-04
1.174554116200191630e-04
1.191262110836601243e-04
1.261375594218784927e-04
1.322421385711236227e-04
1.333256107893883067e-04
1.290874553900827996e-04
1.224881716438640765e-04
1.177426351844043401e-04
1.175878085176584474e-04
1.212246500302279308e-04
1.248490546986799491e-04
1.250729160418452947e-04
1.219344212080071820e-04
1.183597642555630466e-04
1.170489632611702044e-04
1.183047584882930314e-04
1.204253773853906917e-04
1.214478507579560315e-04
1.206314752380148523e-04
1.187413992202252444e-04
1.172677976275989528e-04
1.157875508278176379e-04
1.251527635829889499e-04
1.182469721449753519e-04
1.174665981236877208e-04
1.160036883192907999e-04
1.178356462271019944e-04
1.163352164946206553e-04
1.158220501012832465e-04
1.170950161552968840e-04
1.161474928878664239e-04
1.156585967452064816e-04
1.165281940594872361e-04
1.163110329109370286e-04
1.155942279717962035e-04
1.159778957219340339e-04
1.162583786815638053e-04
1.157121233193042509e-04
1.156724526683773505e-04
1.160347730352896645e-04
1.158434245755925608e-04
1.155748757521766161e-04
1.158020359880506474e-04
1.158559539989831581e-04
1.156022121677278535e-04
1.156637573224373803e-04
1.158218699332503422e-04
1.156690586153875748e-04
1.155830336121063922e-04
1.157224773414241333e-04
1.156870725648381499e-04
1.155752031646528567e-04
1.156626361196795870e-04
1.156936604384927586e-04
1.155855987316236049e-04
1.156246922773238072e-04
1.156797881264233372e-04
1.155911634842359670e-04
1.156017181594570396e-04
1.156539036246263634e-04
1.155911123549218462e-04
1.155934066742244092e-04
1.156450888593927391e-04
1.155948481351930902e-04
1.155860064672865732e-04
1.156162350433375210e-04
1.155868456764427062e-04
1.155819344730264693e-04
1.156052862555301595e-04
1.155822766231215772e-04
1.155834029748413971e-04
6.613133258178112775e-04
2.641338435445798904e-04
1.552284671072601372e-04
2.861229206700871878e-04
3.428261327644475617e-04
2.918286674186873183e-04
2.066694211660427246e-04
1.471297182995447291e-04
1.521430984505501042e-04
2.043220034049792876e-04
2.336033136100772309e-04
2.169536379110510033e-04
1.744001203232669857e-04
1.433379258259262587e-04
1.447703402124428916e-04
1.654009972954478391e-04
1.832501648970268418e-04
1.859376127819148969e-04
1.733708817383575683e-04
1.544648964258362475e-04
1.414595169084604815e-04
1.428736768038594695e-04
1.550317863606724331e-04
1.640695605585688324e-04
1.610620205775571928e-04
1.498755713376887454e-04
1.412124298560368764e-04
1.413052412829171925e-04
1.472717035199331257e-04
1.524255200293475783e-04
1.524389744306385748e-04
1.476834148568423083e-04
1.421491399049452649e-04
1.401922949407007437e-04
1.427714827417692533e-04
1.464098947738678329e-04
1.469533516833045354e-04
1.440387329837471359e-04
1.408698431061689276e-04
1.403139608692076964e-04
1.421017516299715334e-04
1.438626606025134459e-04
1.437987053882527943e-04
1.420968298574751395e-04
1.404480117235930650e-04
1.403228178549033648e-04
1.414910317158994831e-04
1.423718675255177272e-04
1.419341888422013436e-04
1.407680041651991013e-04
3.402579352474239985e-04
3.234591082348283343e-04
3.444363471595077858e-04
3.405122776492617719e-04
3.237889008063162422e-04
3.235149844112755377e-04
3.234179018294181603e-04
3.215797166296121027e-04
3.255025082391820512e-04
3.298782723334601737e-04
3.251942064492757017e-04
3.216512677020260747e-04
3.223078305347022937e-04
3.234354072097066646e-04
3.239101848984030194e-04
3.238588972405446131e-04
3.234789950051794680e-04
3.229324601942834549e-04
3.226570140109423198e-04
3.231120930429663089e-04
3.238459786685252487e-04
3.237870629804108394e-04
3.230800471900224010e-04
3.226688864403512652e-04
3.227682869424463360e-04
3.230366941006398269e-04
3.232453785497704140e-04
3.233300824841109410e-04
3.232977121762086359e-04
3.231684771579237210e-04
3.229550176214797288e-04
3.227332802595813993e-04
3.226562033965990920e-04
3.228128998986816260e-04
3.230062237945548046e-04
3.229515000466107047e-04
3.227540241866334566e-04
3.226541938398529326e-04
3.227117258144140445e-04
3.228071906686345686e-04
3.228537362428624729e-04
3.228247224306617178e-04
3.227496352415597626e-04
3.226744791689077933e-04
3.226613952133711638e-04
3.227191061773899711e-04
3.227706272319751275e-04
3.227346096571808353e-04
3.226752628403309581e-04
3.226580293907404650e-04
7.758368231509474322e-05
8.746678264791515076e-05
7.845440757694554634e-05
7.446281020494488880e-05
7.999005326455397983e-05
7.897912052873422750e-05
7.460493330036631766e-05
7.447642983766198797e-05
7.728697087231214252e-05
7.716468393627941855e-05
7.470497177877640773e-05
7.385316737927454282e-05
7.541630227737400024e-05
7.618942787753253004e-05
7.504019173402935576e-05
7.381362172034646276e-05
7.426283667048932090e-05
7.523192921630707459e-05
7.502706458703257931e-05
7.406486919412845710e-05
7.381914924513978502e-05
7.448264619172601929e-05
7.476781363587067081e-05
7.423736017251494185e-05
7.376964130279442902e-05
7.402434626553459126e-05
7.440874589676938129e-05
7.422246387258489727e-05
7.382017184867300879e-05
7.384516857277513232e-05
7.414010856212366481e-05
7.413558580549630935e-05
7.386165939359703287e-05
7.377914829874994797e-05
7.397014844396943576e-05
7.403660822204085473e-05
7.385611780140372863e-05
7.376649397470053820e-05
7.388261235867346133e-05
7.394403613236365735e-05
7.383567784503032312e-05
7.376480266487390515e-05
7.384457087042420830e-05
7.388930391426423488e-05
7.381003163894759222e-05
7.376386741200232451e-05
7.382207168299272473e-05
7.385485609381350295e-05
7.379445432517526453e-05
7.376598925508274021e-05
1.118034147733016828e-04
1.079819797836859685e-04
1.210268769487293078e-04
1.099222318163374566e-04
1.075693472461932115e-04
1.099834200180684963e-04
1.105523190416157796e-04
1.106897239150449170e-04
1.113662583355543956e-04
1.119456402590362316e-04
1.116262328912472806e-04
1.109404128362734455e-04
1.106075670731167422e-04
1.105555169486258885e-04
1.104172334218633507e-04
1.099322136235276711e-04
1.088076424577716242e-04
1.072444522354069646e-04
1.072798573080326707e-04
1.091571099627463995e-04
1.089573463431263997e-04
1.072045298647436736e-04
1.070684015171251974e-04
1.078959175989407558e-04
1.083541820283206390e-04
1.082327385778208132e-04
1.076235179965978682e-04
1.069626838436661253e-04
1.071154653453601664e-04
1.076971232904202542e-04
1.075896622797962331e-04
1.070095251861083658e-04
1.069568892060993612e-04
1.072551567741965187e-04
1.074205150118920447e-04
1.072498137184689515e-04
1.069449616908955221e-04
1.069698093025786730e-04
1.072602658578519818e-04
1.072015700594302896e-04
1.069447465410448416e-04
1.069346743094186489e-04
1.071209299694774744e-04
1.071665479067145430e-04
1.070144527317397137e-04
1.068983584465242582e-04
1.069955477794458550e-04
1.071022907702372663e-04
1.069859835981297903e-04
1.068995779214775542e-04
3.848542325288013474e-04
5.822529914377371461e-04
3.930012987968196708e-04
4.196637509639737011e-04
4.830400582210315217e-04
4.835897953250570952e-04
4.389481223347546169e-04
3.905916020696995170e-04
3.864258893520370838e-04
4.224097155110741100e-04
4.384981013802287581e-04
4.161873276106935020e-04
3.874355080224774856e-04
3.824027831010076532e-04
3.979523877087116262e-04
4.112736795329785294e-04
4.098063772684471407e-04
3.962777904405519343e-04
3.831049961857756312e-04
3.824478679695826611e-04
3.923904094148592762e-04
3.989017721831172609e-04
3.941236087826033969e-04
3.845958014971913698e-04
3.809337672695548233e-04
3.851785555781834115e-04
3.904664419197811627e-04
3.905889716711825150e-04
3.858056422387566120e-04
3.813822197672652467e-04
3.817596190308037373e-04
3.853973547426674208e-04
3.869826537254950852e-04
3.845586206198222030e-04
3.814367186996070144e-04
3.812097217146855478e-04
3.832828177739619176e-04
3.845359842213741906e-04
3.834142327809431203e-04
3.814368416132155591e-04
3.809755724006696999e-04
3.822061770017608565e-04
3.830961240270968401e-04
3.823818466256270776e-04
3.811497085775981866e-04
3.809928789909609913e-04
3.818038294804440786e-04
3.822351326038585869e-04
3.816926791467347172e-04
3.809773512528997130e-04
1.013176610417597482e-04
1.186981169060682213e-04
1.194012004271773005e-04
1.184278609935083241e-04
1.098430540387882538e-04
1.052444933273581824e-04
1.034931686209078521e-04
1.021895741913053630e-04
1.045774737702651237e-04
1.025167515524478851e-04
1.015414571165680906e-04
1.037450792505990611e-04
1.016167391575781460e-04
1.018130478634514114e-04
1.029081394249901872e-04
1.018827580266266008e-04
1.013080844773576582e-04
1.024610273114989897e-04
1.016778557862107720e-04
1.013067094747935120e-04
1.020496736247918638e-04
1.017457959237915918e-04
1.011989789432350033e-04
1.017442966057015546e-04
1.016118396055440659e-04
1.012031318085252624e-04
1.015987776116960076e-04
1.015742528237414618e-04
1.012034231249786444e-04
1.014616623935866871e-04
1.014797855889918164e-04
1.011997315736288833e-04
1.013993583088738595e-04
1.014099140816804285e-04
1.012019931374384126e-04
1.013555296443320353e-04
1.013439606405560571e-04
1.012019847948864351e-04
1.013542270795527583e-04
1.012985848154657393e-04
1.012032202517351037e-04
1.013306725651583450e-04
1.012623215516222366e-04
1.012141325329567605e-04
1.013073925278141238e-04
1.012265015380725162e-04
1.012286180697082613e-04
1.012988685604533011e-04
1.012031943841650142e-04
1.012571846754414936e-04
2.042611886186481676e-04
3.584744913972396957e-04
2.119314603940513611e-04
2.269696972367119577e-04
2.590254756757716880e-04
2.737718757490731586e-04
2.794610790265494643e-04
2.773244476597401314e-04
2.691180612683075871e-04
2.555594303036028462e-04
2.341175056439561981e-04
2.086124190862619781e-04
2.078104663109072640e-04
2.349349705104139335e-04
2.413331808474328830e-04
2.203695195621315080e-04
2.038023463731845268e-04
2.077547502752924045e-04
2.189418938934207127e-04
2.248432759359705944e-04
2.230666721205160443e-04
2.150123904635453881e-04
2.056333952313054347e-04
2.036654970517938305e-04
2.108709587935702462e-04
2.159137898328050936e-04
2.115169867348585609e-04
2.045343716333074377e-04
2.035413479306086217e-04
2.074381857925162477e-04
2.104018388805663914e-04
2.095174200559890901e-04
2.058704844869521633e-04
2.031634415189246580e-04
2.043089805424916805e-04
2.071171358772844022e-04
2.071265355668452891e-04
2.045084154138329723e-04
2.030699475356210679e-04
2.041338631897466553e-04
2.056173246865218975e-04
2.055334946358419008e-04
2.040774522258028030e-04
2.030805899878629405e-04
2.036616279509307834e-04
2.046794497908310014e-04
2.044555979809434688e-04
2.034248519051539057e-04
2.030951651061163122e-04
2.036832501263750102e-04
3.224735205272305722e-04
4.619435665225363804e-04
3.283795495118044488e-04
3.328847170856733179e-04
3.238577198112595201e-04
3.011742939608846328e-04
3.064272156769066850e-04
3.231084384608110178e-04
3.391960830540216099e-04
3.429066699981606027e-04
3.331352108103485896e-04
3.190934087972801007e-04
3.074747199651223142e-04
3.006663441458999803e-04
3.020747168536944008e-04
3.097958162662461891e-04
3.162585605433442513e-04
3.182470451765804847e-04
3.158438221252821360e-04
3.099034621248795865e-04
3.032449344986765062e-04
3.001407815245513014e-04
3.015122220147365469e-04
3.047823759013000740e-04
3.075166043561002949e-04
3.084835538599817162e-04
3.074269453805436722e-04
3.049265838520349840e-04
3.020860836069878363e-04
3.002706581346553855e-04
3.005007065291801448e-04
3.022929091556068762e-04
3.038877555358022965e-04
3.039501560592677647e-04
3.025570160201497896e-04
3.008614744221170751e-04
3.001057289350463845e-04
3.005266309355191239e-04
3.014260008428096380e-04
3.020585689028304033e-04
3.020185921474039534e-04
3.013750455618249228e-04
3.005590992706739227e-04
3.001170106828173964e-04
3.002867474498989897e-04
3.008085493730193634e-04
3.011390411962759552e-04
3.009600544434034718e-04
3.004905389349673910e-04
3.001398998446039345e-04
1.021099413059025707e-03
2.595657449609208175e-04
4.671408340787964981e-05
2.263366340456605887e-04
3.962158125232359226e-04
3.472728030299174424e-04
2.030966565852735045e-04
8.853112163121144688e-05
3.908533787935345230e-05
7.183347322140909517e-05
1.483265483708964101e-04
1.902101696739943201e-04
1.689647777213085949e-04
1.083947718916456729e-04
5.460736259577266932e-05
3.882780160742017146e-05
5.587138699210388384e-05
8.384290270793203317e-05
1.041177189884105763e-04
1.066495086583654024e-04
9.174865249081965162e-05
6.803940041701183434e-05
4.701936612611405056e-05
3.860817046013458075e-05
4.612286951897165259e-05
6.168849843068997384e-05
7.123824533274717092e-05
6.709958355697586969e-05
5.371245622381354593e-05
4.186745971743317232e-05
3.874726800265048125e-05
4.353141985810463007e-05
5.063673459784606825e-05
5.468397397851042425e-05
5.331499550870568739e-05
4.775908369145096042e-05
4.162424084821633675e-05
3.864963899311368660e-05
4.023111310008050431e-05
4.424230370471979399e-05
4.674653330873041146e-05
4.557146260262065355e-05
4.200813116821014524e-05
3.912473196855398571e-05
3.880039546446501604e-05
4.051213094744370567e-05
4.236109277896641111e-05
4.278518527626793799e-05
4.156548393294495856e-05
3.972835955993615623e-05
