3.788238670945689082e+07
3.780214133108676970e+07
3.772175755597413331e+07
3.764420087403514981e+07
3.755900942307069153e+07
3.748415203536650538e+07
3.740271337393143773e+07
3.731475314258903265e+07
3.723798683464105427e+07
3.715493308387738466e+07
3.706913027962209284e+07
3.698653805970892310e+07
3.691083736700163037e+07
3.682937470270640403e+07
3.674866288281755149e+07
3.666765001459252089e+07
3.658781098180459440e+07
3.651818149288043380e+07
3.644081983335307986e+07
3.636099639695774019e+07
3.629455797944502532e+07
3.621972401190988719e+07
3.615017919311639667e+07
3.608369559526327252e+07
3.602280792951400578e+07
3.596101488469690084e+07
3.589673122689101100e+07
3.583794453800453246e+07
3.578151685068763047e+07
3.572763528751063347e+07
3.567757384746847302e+07
3.562665856193979830e+07
3.557867510447223485e+07
3.554147052763523906e+07
3.549991644205003977e+07
3.546298300617535412e+07
3.542282070127223432e+07
3.539560055930557847e+07
3.536054843172823638e+07
3.533278216632024944e+07
3.530908724257007241e+07
3.528594204530391097e+07
3.526253609592830390e+07
3.524167082966793329e+07
3.522423434798172116e+07
3.520860648989439011e+07
3.520004962985584140e+07
3.518380549858558178e+07
3.517728391522265971e+07
3.516550765975043923e+07
1.259239710866813760e+17
1.259482990199692320e+17
1.259662158553446400e+17
1.259801073151116000e+17
1.259651876090169280e+17
1.259689619143329280e+17
1.259600370280803680e+17
1.259436642437457760e+17
1.259324184157455040e+17
1.259182253261720640e+17
1.258913695729194560e+17
1.258913909341072640e+17
1.258752757225123840e+17
1.258740887115503680e+17
1.258539704858065280e+17
1.258419822878599200e+17
1.258308392810840960e+17
1.258196692798182880e+17
1.258074730816397440e+17
1.257881635192815360e+17
1.257593237111522880e+17
1.257513549641262400e+17
1.257363680256634400e+17
1.257258828776182880e+17
1.257043876391846240e+17
1.257000396449489280e+17
1.256744507602320160e+17
1.256620984148472640e+17
1.256581503751757760e+17
1.256341197016115200e+17
1.256298915045205280e+17
1.256323774921343680e+17
1.256191124651364160e+17
1.256080178103087680e+17
1.255998599906107520e+17
1.255840687709937280e+17
1.255647523616861280e+17
1.255370291051741280e+17
1.255109042374571840e+17
1.254943298584284480e+17
1.254852626735988320e+17
1.254615286148059840e+17
1.254429923329384800e+17
1.254208207373577600e+17
1.253969373875259840e+17
1.253727081255140640e+17
1.253380345172262880e+17
1.253174933528058080e+17
1.252862948540892480e+17
1.252482077883164960e+17
1.954339525772875488e+12
1.930667641789789551e+12
1.906127673350616699e+12
1.884911390894283447e+12
1.862406304080322021e+12
1.843356803860110107e+12
1.820669528891833984e+12
1.801637355660716064e+12
1.781418192391499023e+12
1.764176451369770508e+12
1.749849804026483154e+12
1.736365884380360107e+12
1.721544062307263428e+12
1.708699815663865967e+12
1.698516823155487061e+12
1.688179322996835938e+12
1.679349071218628418e+12
1.671030525029398682e+12
1.664544928815356934e+12
1.658279219268181641e+12
1.653707557010338623e+12
1.652583164286584961e+12
1.649099947728587402e+12
1.644952197323608887e+12
1.643477549370819824e+12
1.641593554509414062e+12
1.639882623588951904e+12
1.639389530891261719e+12
1.639056487509041016e+12
1.638328015295903320e+12
1.637743144860126221e+12
1.637858490579594482e+12
1.638666586677935547e+12
1.639606334378050781e+12
1.638931954942172607e+12
1.639517017351305908e+12
1.640142944849005615e+12
1.641213619821374023e+12
1.640259391000057861e+12
1.640127131309493408e+12
1.642261574507888672e+12
1.641993182831764648e+12
1.641025092340067871e+12
1.641633178848394043e+12
1.643294033527835205e+12
1.641390305703168213e+12
1.642651450520343750e+12
1.642688388857908203e+12
1.643350015221218262e+12
1.644383054406881348e+12
9.268580388834404297e+11
9.204798053864377441e+11
9.179585978756572266e+11
9.139586966610791016e+11
9.100501791781396484e+11
9.056653547763432617e+11
9.020042298401604004e+11
8.984896432809152832e+11
8.945116108660308838e+11
8.897435950077098389e+11
8.844030220266391602e+11
8.785408861140008545e+11
8.734662956042861328e+11
8.678546646744594727e+11
8.617614207408015137e+11
8.553320212586254883e+11
8.496210668148968506e+11
8.441124541354777832e+11
8.382213181668449707e+11
8.323078294132983398e+11
8.262795857539895020e+11
8.201748092672416992e+11
8.145726167519124756e+11
8.080446044471430664e+11
8.021511898125109863e+11
7.963165770222277832e+11
7.898871168705524902e+11
7.840140433224770508e+11
7.776161273825205078e+11
7.718153983751867676e+11
7.662097923478587646e+11
7.606522306615480957e+11
7.565178203837817383e+11
7.514683275544589844e+11
7.464494916340708008e+11
7.414391447032711182e+11
7.369009561562875977e+11
7.322391545575518799e+11
7.275710834164124756e+11
7.230947780805646973e+11
7.187415230692145996e+11
7.147173816916680908e+11
7.107136994425360107e+11
7.070429779447785645e+11
7.030757696176545410e+11
6.992932478793887939e+11
6.956357868040112305e+11
6.923669049883408203e+11
6.885121466308179932e+11
6.862476203649804688e+11
1.000052165977571777e+12
1.004205071752724976e+12
1.006431827934141846e+12
1.004809060040528076e+12
1.003148328671024170e+12
1.000680875387174072e+12
9.985607862745644531e+11
9.954235079009609375e+11
9.929891934073481445e+11
9.902143303268041992e+11
9.866913356146610107e+11
9.830584277856188965e+11
9.786087043168201904e+11
9.750742615051842041e+11
9.706663071408378906e+11
9.657848887510031738e+11
9.614091115346701660e+11
9.568889869243420410e+11
9.523958954091342773e+11
9.473554007418057861e+11
9.428532417776834717e+11
9.382860180651026611e+11
9.345901053212712402e+11
9.303389085449572754e+11
9.267444349514042969e+11
9.220593739549591064e+11
9.181097396576665039e+11
9.147391251609099121e+11
9.123147457407500000e+11
9.104013292784884033e+11
9.079417031389061279e+11
9.050804754479453125e+11
9.015073341599992676e+11
8.986219378487487793e+11
8.971054437193795166e+11
8.943809437958925781e+11
8.937282850766118164e+11
8.929317959699577637e+11
8.924075789106829834e+11
8.911946854693670654e+11
8.884493569620795898e+11
8.864084202540052490e+11
8.828435155804912109e+11
8.785879203505391846e+11
8.731049571161865234e+11
8.679086191711085205e+11
8.621199627844504395e+11
8.562109600476457520e+11
8.497866161397358398e+11
8.427161606659818115e+11
1.349867598132792236e+12
1.345274693039028076e+12
1.340833712219887939e+12
1.337729777570672607e+12
1.335103057237444580e+12
1.332173915783499756e+12
1.330167250225090088e+12
1.328970508059573730e+12
1.327775691725938232e+12
1.327374559825881592e+12
1.326784909597471191e+12
1.326752913957010986e+12
1.326936978449152100e+12
1.326733494920791748e+12
1.326395882429934326e+12
1.326424854176315674e+12
1.326094807101739258e+12
1.326660262528453125e+12
1.326363522779457275e+12
1.326252410866046875e+12
1.326408463566476318e+12
1.326189874757644775e+12
1.326382255240472168e+12
1.326194189541256836e+12
1.326566925483279785e+12
1.326969935205045166e+12
1.326376159371159424e+12
1.326675090730963623e+12
1.326830828561640381e+12
1.326752127276255859e+12
1.326744028456384277e+12
1.326808238641270020e+12
1.326440304445194580e+12
1.326612215221368164e+12
1.326963127324496582e+12
1.327217829144061279e+12
1.327166200287286621e+12
1.327376001328642822e+12
1.327498635356865234e+12
1.327559863925532227e+12
1.328060962320295166e+12
1.328494206240707275e+12
1.327762312188846924e+12
1.327993253405122803e+12
1.327675867390687256e+12
1.328365139635113770e+12
1.328601327337726562e+12
1.328314584822961914e+12
1.328767226125740723e+12
1.328811990176606201e+12
6.141848057497567177e+09
6.135573624712997437e+09
6.147135214250663757e+09
6.143440806132066727e+09
6.158145359435117722e+09
6.149153406749515533e+09
6.158172423098585129e+09
6.151508446629147530e+09
6.149707174924859047e+09
6.152872545773607254e+09
6.149892835904094696e+09
6.156258497500116348e+09
6.154387429459634781e+09
6.159657043499517441e+09
6.161867295801811218e+09
6.157128137224915504e+09
6.152248941515003204e+09
6.153294474081081390e+09
6.151140288557191849e+09
6.157955957801246643e+09
6.160891258960826874e+09
6.155064716865144730e+09
6.157319497412425041e+09
6.149234215074909210e+09
6.145452584397526741e+09
6.150926271263745308e+09
6.149363164095972061e+09
6.150905847050867081e+09
6.128393000043428421e+09
6.145677855589133263e+09
6.147072513524003983e+09
6.149998791594143867e+09
6.144219292195652962e+09
6.141914242815307617e+09
6.148530572705055237e+09
6.144998326412574768e+09
6.145459807332654953e+09
6.136538959167725563e+09
6.141846043820521355e+09
6.142156647579189301e+09
6.144571793686830521e+09
6.145365855675802231e+09
6.149383150752210617e+09
6.141438826752570152e+09
6.146748964274953842e+09
6.150947356945960999e+09
6.143073487906894684e+09
6.147044431811796188e+09
6.149933018110324860e+09
6.151335153295171738e+09
1.868553704486115646e+10
1.870015648440690613e+10
1.872734786478183746e+10
1.873816743215684891e+10
1.875504706690655136e+10
1.877080774990457153e+10
1.879366117007396317e+10
1.879984058037837601e+10
1.881716919655972672e+10
1.884088506499607468e+10
1.887291585306040955e+10
1.887509947559022522e+10
1.888385149059486008e+10
1.889125893511935425e+10
1.889444102640359116e+10
1.888719154202200699e+10
1.889813597230363083e+10
1.887374261072792435e+10
1.886443950451054764e+10
1.886897865087085342e+10
1.884999568555151749e+10
1.886400197836738968e+10
1.886253823003451538e+10
1.886128535872512817e+10
1.885550203106948471e+10
1.885483687824928665e+10
1.886728446977620316e+10
1.886018224575216293e+10
1.884733485106021118e+10
1.884710085333022308e+10
1.883948768659381485e+10
1.882149868735091400e+10
1.881746217326622772e+10
1.882204376620066833e+10
1.880935451434107590e+10
1.878432700715594482e+10
1.878184442301449203e+10
1.878706265243158722e+10
1.878244630216638947e+10
1.878306471795584488e+10
1.878173899258460236e+10
1.877298112745396042e+10
1.876550038998250961e+10
1.875516757987001801e+10
1.874493012130644226e+10
1.874047262712992859e+10
1.872888964633109665e+10
1.872180844273461533e+10
1.871175143897381592e+10
1.869786619104006958e+10
6.203398247483330965e+08
6.200173581147201061e+08
6.194545695063674450e+08
6.194912646948956251e+08
6.191975985498998165e+08
6.195763827685389519e+08
6.192487239884541035e+08
6.191839972504172325e+08
6.192224351559629440e+08
6.192106977326587439e+08
6.198838434403691292e+08
6.194139244090206623e+08
6.195848740480346680e+08
6.197687779571995735e+08
6.194753054257409573e+08
6.197996203308275938e+08
6.192808738061325550e+08
6.185347612392485142e+08
6.189660049357994795e+08
6.184574345182712078e+08
6.183720052116932869e+08
6.183482654573687315e+08
6.184736904193625450e+08
6.184490587928535938e+08
6.189872938079948425e+08
6.186685839964603186e+08
6.181495884071322680e+08
6.178121688580340147e+08
6.177916322358543873e+08
6.177086376318084002e+08
6.177150449212517738e+08
6.174758970345020294e+08
6.177384517477240562e+08
6.173702992633483410e+08
6.175459458080749512e+08
6.176732432824126482e+08
6.168172497174146175e+08
6.169175514197528362e+08
6.159417448960821629e+08
6.161892649280643463e+08
6.157613513644495010e+08
6.159949222660315037e+08
6.155524651026234627e+08
6.153263831909930706e+08
6.150613278601613045e+08
6.145708153562432528e+08
6.137642228736442327e+08
6.135533871782457829e+08
6.134032863493764400e+08
6.124296415797224045e+08
2.928569287259551525e+09
2.919144187272341728e+09
2.913836362215461731e+09
2.908992925274333477e+09
2.903191488333469391e+09
2.897689002036090851e+09
2.892349748611922741e+09
2.887863716262794495e+09
2.883684868674259186e+09
2.880916407631638527e+09
2.878404742628417492e+09
2.875537548418366432e+09
2.874399985529913425e+09
2.872905525957591057e+09
2.872011876061944962e+09
2.871647890513772011e+09
2.870305992812497139e+09
2.870490386642277718e+09
2.869162725482223988e+09
2.869753837626923561e+09
2.868716079797467709e+09
2.869247852649393082e+09
2.867607949127238750e+09
2.868563414709411144e+09
2.868209771997392654e+09
2.868350952159987450e+09
2.868940881288050175e+09
2.869290634481803894e+09
2.869328538347847939e+09
2.869924070372450829e+09
2.869718625255499363e+09
2.869960789194834232e+09
2.869582957162158966e+09
2.870200415699931145e+09
2.869992302117390633e+09
2.870033983189004421e+09
2.870067186431660652e+09
2.870034462858289719e+09
2.869901193348195553e+09
2.869237354118877411e+09
2.868455684136921883e+09
2.868449391732440948e+09
2.868408539184105873e+09
2.868440728017511845e+09
2.868933482751754284e+09
2.868553282698402405e+09
2.868500203923969746e+09
2.869360086690393448e+09
2.869107848134697437e+09
2.868922028367528915e+09
1.413341995130601525e+08
1.409296202761664093e+08
1.405044812800607979e+08
1.400784709230635762e+08
1.395751581552121639e+08
1.391227822030655444e+08
1.386919583270696700e+08
1.381327738803726733e+08
1.376275645272624493e+08
1.370867912174979746e+08
1.365235647833576500e+08
1.359391939690534174e+08
1.353701294853570461e+08
1.346796877517714500e+08
1.341204470610956997e+08
1.334914356093443781e+08
1.329181404266411513e+08
1.322690477496624887e+08
1.316088145907952935e+08
1.310237153836061507e+08
1.303757839916448295e+08
1.298184604889045656e+08
1.292492097456993759e+08
1.287469448321081400e+08
1.282593772445351779e+08
1.277537856425754875e+08
1.273152178833533973e+08
1.268695915235460401e+08
1.265115095802148879e+08
1.261531214555461407e+08
1.258305654523337483e+08
1.255033530654726923e+08
1.251813859343164414e+08
1.248753922679873705e+08
1.246202047198277712e+08
1.243478854459245056e+08
1.241266400700274408e+08
1.239699861947905868e+08
1.237848190883072764e+08
1.237111384501053691e+08
1.235892690045183003e+08
1.235255115013244450e+08
1.234334077406606376e+08
1.233544358826184571e+08
1.233199898098052889e+08
1.232259276725281179e+08
1.232256236385251284e+08
1.231887358743800223e+08
1.231538619801821113e+08
1.231222014690261483e+08
8.804743028703999519e+07
8.729193761530897021e+07
8.660356550048469007e+07
8.597815037087912858e+07
8.531665318475005031e+07
8.491161004561682045e+07
8.461353047043633461e+07
8.425031396259106696e+07
8.383605661091208458e+07
8.354551767273056507e+07
8.325076231403635442e+07
8.293527323205395043e+07
8.269518696552100778e+07
8.242389941871298850e+07
8.215108877777154744e+07
8.191098762237767875e+07
8.172039935930868983e+07
8.149765170334924757e+07
8.133244559700642526e+07
8.124754971465514600e+07
8.112413390064531565e+07
8.102959925163431466e+07
8.093141820566253364e+07
8.088206482651600242e+07
8.080024343957427144e+07
8.078708931654760242e+07
8.073533625636082888e+07
8.066493378081792593e+07
8.060115299925898015e+07
8.050562163657128811e+07
8.051894548543822765e+07
8.043378595345339179e+07
8.036669418314333260e+07
8.032747444021064043e+07
8.034056688530199230e+07
8.030907616860607266e+07
8.029730368805879354e+07
8.026928332542876899e+07
8.029471442955884337e+07
8.027503348447725177e+07
8.028818384338356555e+07
8.028655201147198677e+07
8.026857192344564199e+07
8.024719023317891359e+07
8.026713455546787381e+07
8.026716707251757383e+07
8.025134412387537956e+07
8.030758773581999540e+07
8.028033638170808554e+07
8.030379781533199549e+07
5.802606199659925699e+07
5.744472481528160721e+07
5.688109389618863165e+07
5.634329268154998124e+07
5.583617876839548349e+07
5.533273164273440838e+07
5.485442357878615707e+07
5.439619097494912148e+07
5.395433792384469509e+07
5.353491264123121649e+07
5.313458722627294064e+07
5.276016000507980585e+07
5.240294081034497917e+07
5.206079885651193559e+07
5.174526822601320595e+07
5.145051457847039402e+07
5.117473375251304358e+07
5.091482434966550022e+07
5.067629782071501017e+07
5.045603303773608059e+07
5.025230713804339617e+07
5.006266809606365114e+07
4.988249035122247040e+07
4.972882925590946525e+07
4.958354250942514837e+07
4.945072441047349572e+07
4.933373049099037051e+07
4.922418600202904642e+07
4.913589998632068932e+07
4.904625475056327134e+07
4.896902708793450147e+07
4.890717495497295260e+07
4.884726471839052439e+07
4.879087809260696173e+07
4.875023106661464274e+07
4.870582450502665341e+07
4.868460506199826300e+07
4.865769109761610627e+07
4.863044747969467938e+07
4.861824480868353695e+07
4.860274331984579563e+07
4.859027289397870749e+07
4.857894980682243407e+07
4.857310211692075431e+07
4.856416462198659778e+07
4.856442524057900906e+07
4.856044011561462283e+07
4.856446395709308982e+07
4.856551387220519781e+07
4.857099630961623788e+07
5.033805201443637908e+07
5.027294290284803510e+07
5.022317114380227029e+07
5.017991328212808818e+07
5.017106576777592301e+07
5.017513289105034620e+07
5.017481536653753370e+07
5.018205575470522791e+07
5.019726335087767243e+07
5.019595003705698997e+07
5.019180869490618259e+07
5.021105007195664197e+07
5.020726730686341226e+07
5.022188476266266406e+07
5.022326272106221318e+07
5.022055697646264732e+07
5.022470337975795567e+07
5.022416174661113322e+07
5.022148288568270206e+07
5.021862628434370458e+07
5.020681551664721221e+07
5.019838048581834137e+07
5.019821514315417409e+07
5.019089993259952962e+07
5.019102392206451297e+07
5.018849179311625659e+07
5.019059348360450566e+07
5.019869875471916795e+07
5.021113103897438198e+07
5.020317748176879436e+07
5.022139233484736085e+07
5.023418660755693913e+07
5.024611615948534757e+07
5.025634671430191398e+07
5.026282828263049573e+07
5.027879471264173090e+07
5.025626082471701503e+07
5.026324691762490571e+07
5.026134278801194578e+07
5.026937597561880946e+07
5.027655581538430601e+07
5.029796415725076199e+07
5.032626397634844482e+07
5.033565844713534415e+07
5.033886428339637816e+07
5.034496031405684352e+07
5.034597677604475617e+07
5.035249205821434408e+07
5.034560545664563030e+07
5.033596423948676139e+07
5.399819878628366441e+07
5.414981534075210989e+07
5.420477365236382186e+07
5.411403948607896268e+07
5.400380634527184069e+07
5.388436559193575382e+07
5.375820864225330204e+07
5.362316870770613849e+07
5.349441570003864169e+07
5.340186005264481157e+07
5.329887043851378560e+07
5.318989337635757029e+07
5.308107256821977347e+07
5.297691598896275461e+07
5.286421526040750742e+07
5.274996776595781744e+07
5.263761399758327007e+07
5.252473674649548531e+07
5.240324640758441389e+07
5.227406829835092276e+07
5.214423971614243090e+07
5.201844313380505145e+07
5.188458170102290809e+07
5.175660556055085361e+07
5.163543593161735684e+07
5.152029883865456283e+07
5.141813236595959961e+07
5.132592345044616610e+07
5.123780788875304163e+07
5.115362972704796493e+07
5.107249127090874314e+07
5.100166757778185606e+07
5.093722282258395106e+07
5.089090753629033267e+07
5.084612087126118690e+07
5.080902554170921445e+07
5.078215094417709112e+07
5.076045423603031039e+07
5.074592069719682634e+07
5.073680376891260594e+07
5.073128331578738987e+07
5.072132622658248246e+07
5.071643805859138072e+07
5.071273439365819097e+07
5.071042522066012025e+07
5.071156378431858122e+07
5.071098920447723567e+07
5.071362738500792533e+07
5.071891729760351777e+07
5.072228363286779821e+07
5.122181156370706856e+07
5.123815387200085819e+07
5.121906786753564328e+07
5.121078668350978941e+07
5.121529302565692365e+07
5.120645720484820008e+07
5.121476942955093086e+07
5.120744349565985799e+07
5.121596525833849609e+07
5.120831678887645155e+07
5.121712098805275559e+07
5.121332352949724346e+07
5.122581115803673118e+07
5.121449062033433467e+07
5.121514520742566884e+07
5.120466301361291856e+07
5.120318807985575497e+07
5.121430294138135016e+07
5.119393065886940807e+07
5.119619815933653712e+07
5.119757862425064296e+07
5.119556688134685159e+07
5.119664652342224121e+07
5.121871161098113656e+07
5.120622322500550747e+07
5.119254803968662024e+07
5.121715212563395500e+07
5.120404221797380596e+07
5.121401617305709422e+07
5.119463114868680388e+07
5.120417488931550831e+07
5.119873444653294235e+07
5.120482611120277643e+07
5.119012540448031574e+07
5.120375452287363261e+07
5.120710989355382323e+07
5.121147463271091878e+07
5.122088507404027879e+07
5.123993256307008117e+07
5.121842598287104070e+07
5.122574861744102836e+07
5.123420228664001822e+07
5.124750523689468950e+07
5.124235417355355620e+07
5.124365093972264230e+07
5.124064619241121411e+07
5.125494025543331355e+07
5.125805440765345097e+07
5.126651282974861562e+07
5.126951812697712332e+07
5.776839071339976043e+07
5.766581570656359196e+07
5.756772959003704786e+07
5.747145129802837968e+07
5.738498181622676551e+07
5.729414119442902505e+07
5.720087753141734749e+07
5.711647227273708582e+07
5.702720751197687536e+07
5.694025126173362136e+07
5.686193937660491467e+07
5.677256143296413124e+07
5.668111403214181960e+07
5.658952691622890532e+07
5.650171019663331658e+07
5.641678326035711914e+07
5.633758552145504206e+07
5.626346546725432575e+07
5.618155183410213888e+07
5.609693873530124128e+07
5.602335541870654374e+07
5.594848956114602089e+07
5.587199590878947079e+07
5.580126471271632612e+07
5.573184730486899614e+07
5.566480229778153449e+07
5.559973036421810091e+07
5.554153082307261229e+07
5.549195094943477213e+07
5.544172237741347402e+07
5.539016554700186849e+07
5.533790751897905767e+07
5.529164083170200884e+07
5.524403045691618323e+07
5.519753809738987684e+07
5.515170916605493426e+07
5.510431371248378605e+07
5.506052905703268200e+07
5.501109179529415816e+07
5.496573061539821327e+07
5.491953303852628171e+07
5.487111508059886098e+07
5.482602241147656739e+07
5.478007669408325851e+07
5.473245548145538568e+07
5.468732685282160342e+07
5.463940046132005751e+07
5.459005929542969167e+07
5.453113383841802180e+07
5.447305938351321220e+07
4.555209333638158441e+07
4.539295761393439770e+07
4.521888607383430749e+07
4.503012238331396878e+07
4.481804733563548326e+07
4.458217456618202478e+07
4.432754314798728377e+07
4.404600551707246155e+07
4.373416140216998756e+07
4.339562725590708107e+07
4.303696928907462955e+07
4.264522154581028968e+07
4.223160074485982955e+07
4.178757172187049687e+07
4.131658575287443399e+07
4.082303967162521183e+07
4.030574834035739303e+07
3.977224875291939080e+07
3.923675868847687542e+07
3.870202278244021535e+07
3.817381119091826677e+07
3.766111474482366443e+07
3.718137179668926448e+07
3.675211987653020024e+07
3.638542866245457530e+07
3.609179656987974048e+07
3.588283325294260681e+07
3.577632474194468558e+07
3.575770378362225741e+07
3.582434125731247663e+07
3.593873750189469755e+07
3.608758342887203395e+07
3.623548487095565349e+07
3.635635159618377686e+07
3.643314541741254926e+07
3.645954573874925077e+07
3.644050759270362556e+07
3.638278834348905087e+07
3.629576701401723921e+07
3.619201819731298834e+07
3.608487333218342066e+07
3.597982983298188448e+07
3.589453742546936870e+07
3.583154939646922052e+07
3.578874689505326003e+07
3.576198018230523169e+07
3.575327130825202167e+07
3.575848082116880268e+07
3.576873986690431833e+07
3.578107320332244039e+07
2.856098546819187701e+07
2.845199227662215009e+07
2.834994884935559332e+07
2.825241898456781358e+07
2.816032689028676599e+07
2.807262536209590733e+07
2.798837719824909419e+07
2.790748963694713265e+07
2.782972369153621048e+07
2.775499517629938200e+07
2.768334640801425278e+07
2.761513204428442568e+07
2.755132357519038022e+07
2.749075203359226882e+07
2.743741151781486720e+07
2.738836159702553973e+07
2.734656336189965904e+07
2.730761607306823507e+07
2.727694002232988551e+07
2.725152958775853366e+07
2.723112041524560750e+07
2.721619767815570906e+07
2.720601624940885976e+07
2.719917852194208652e+07
2.719464118101693690e+07
2.719418507875188813e+07
2.719315137609418854e+07
2.719527526492034271e+07
2.719770564387490600e+07
2.719980336775631458e+07
2.720244931180148572e+07
2.720509627805950493e+07
2.720768874352182448e+07
2.720882233124887943e+07
2.721159434215102345e+07
2.721166050459715724e+07
2.721238976680925116e+07
2.721328614035290480e+07
2.721221426109773666e+07
2.721255606950820982e+07
2.721123739662662521e+07
2.721115906950387731e+07
2.720967452894804627e+07
2.720839895504669100e+07
2.720875625858816132e+07
2.720696778055530787e+07
2.720582694127684832e+07
2.720418563184976205e+07
2.720270972441029176e+07
2.720104413388925046e+07
3.361411993791023642e+07
3.349054488507485017e+07
3.333799969194847345e+07
3.315614072029580176e+07
3.294773385158692673e+07
3.271300201781804860e+07
3.245692558663550019e+07
3.218282782279326022e+07
3.189666169259981811e+07
3.160590503614187986e+07
3.131764498467317224e+07
3.103757554255110025e+07
3.077403646620039642e+07
3.053269114350612462e+07
3.032162088674310222e+07
3.014462453558969870e+07
3.000774952178420871e+07
2.991403006954497099e+07
2.986597800257448107e+07
2.986332751815431938e+07
2.989941509836172312e+07
2.996148677649240568e+07
3.003474585114230216e+07
3.009715054192326218e+07
3.014479073808341846e+07
3.016032278280961514e+07
3.014668250642666966e+07
3.010486829306762666e+07
3.004765697853063792e+07
2.998996294254098088e+07
2.993939741682136431e+07
2.989938455091233552e+07
2.987456422693220899e+07
2.986134222300291434e+07
2.985993400425219908e+07
2.986391234230165184e+07
2.987430191563215479e+07
2.988461963970910758e+07
2.989262085932100564e+07
2.989967237675932795e+07
2.990486095209427550e+07
2.990673822161914408e+07
2.990631151559133828e+07
2.990291611836326495e+07
2.989650953948535398e+07
2.988713939136504009e+07
2.988013315730044991e+07
2.987208865543955192e+07
2.986547718810912222e+07
2.986039494431150705e+07
3.250741354256782681e+07
3.240792811960186809e+07
3.233693842190760374e+07
3.229680857190952078e+07
3.228504302941748127e+07
3.229455756333368272e+07
3.231391677466579154e+07
3.233070389871545509e+07
3.234110331443247199e+07
3.234062935643199086e+07
3.233385139995512366e+07
3.232154444300735742e+07
3.230876869395494461e+07
3.229774911373685300e+07
3.228905496378193796e+07
3.228483318412064761e+07
3.228498099314029887e+07
3.229041841688961163e+07
3.229641414160601050e+07
3.230205417997713014e+07
3.230575118365577608e+07
3.230683808360295370e+07
3.230370072336485237e+07
3.229888166754960269e+07
3.229391562423947453e+07
3.228846838144599646e+07
3.228643950249513984e+07
3.228467387548721209e+07
3.228611695764728636e+07
3.228683550222652406e+07
3.228823947292291373e+07
3.228842447157073766e+07
3.228927042599568516e+07
3.228945130392973870e+07
3.228834313404507190e+07
3.228755131686025485e+07
3.228591296173376590e+07
3.228625795705701411e+07
3.228477420457699895e+07
3.228491255242990702e+07
3.228527264941744506e+07
3.228642925964914262e+07
3.228652682407264411e+07
3.228576332945825905e+07
3.228582673450585455e+07
3.228497371346692741e+07
3.228478204454745725e+07
3.228512177196977288e+07
3.228547236634046957e+07
3.228502834344069660e+07
2.339595839570956305e+07
2.341661953673300892e+07
2.339988947989574447e+07
2.339543084792030603e+07
2.339931650161121413e+07
2.339961217830358446e+07
2.339821145476157963e+07
2.339725424809414893e+07
2.339592227977216989e+07
2.339653272376919910e+07
2.339854071525631100e+07
2.340069988960711285e+07
2.339961303460660577e+07
2.339718588845702261e+07
2.339591229867901653e+07
2.339587936629284173e+07
2.339623919916112721e+07
2.339673665808279067e+07
2.339699316203426570e+07
2.339588898010899127e+07
2.339577978829801083e+07
2.339569085259621590e+07
2.339687584219915420e+07
2.339932783438555896e+07
2.340103167900761217e+07
2.340086453505334631e+07
2.339837664309038967e+07
2.339682521991398931e+07
2.339545797436745837e+07
2.339681275255189463e+07
2.340055089256025106e+07
2.340466330730707571e+07
2.340614548570814356e+07
2.340574168919707462e+07
2.340240605541050062e+07
2.339852860994786024e+07
2.339598568098515272e+07
2.339663724475469813e+07
2.339997694672561064e+07
2.340239900021002814e+07
2.340359486634951457e+07
2.340017741869693249e+07
2.339616044825669378e+07
2.339590556859516352e+07
2.339675636150799692e+07
2.339860873420025036e+07
2.339814992372776195e+07
2.339656108951865882e+07
2.339608281118363515e+07
2.339638046219905093e+07
2.551486843918256834e+07
2.540317854446250945e+07
2.530527179538328946e+07
2.521915859821378812e+07
2.514109345088028163e+07
2.506730352486990392e+07
2.499329465397150069e+07
2.491379869585879892e+07
2.482163523732378334e+07
2.471146808510762826e+07
2.457660412500605732e+07
2.441224769185856730e+07
2.421143959413319081e+07
2.396844011261210218e+07
2.367767694813466445e+07
2.333111603957348317e+07
2.292017781008007377e+07
2.243137221906402707e+07
2.184236240250299498e+07
2.111878111554853991e+07
2.020745059722953290e+07
1.903491750490263104e+07
1.751571616665741056e+07
1.556764622492968291e+07
1.315679231518631801e+07
1.036810446150158346e+07
7.532345134523276240e+06
5.377870796962401830e+06
4.930314335331125185e+06
6.417344485078671947e+06
8.188476861777868122e+06
8.897311503122074530e+06
8.508624910253906623e+06
7.435489931649325415e+06
6.187039701385738328e+06
5.230560212219216861e+06
4.842033866250773892e+06
4.999320147874455899e+06
5.454181119830522686e+06
5.929461259008415043e+06
6.243060618507752195e+06
6.317858286018025130e+06
6.164507861530113965e+06
5.840091542223948985e+06
5.442080329624284059e+06
5.084677234789166600e+06
4.869999503548614681e+06
4.850656626377986744e+06
4.995794858446838334e+06
5.203790947236040607e+06
4.729158145393764600e+06
4.763264175547355786e+06
4.711795176070760004e+06
4.727763855635452084e+06
4.745048658036338165e+06
4.724887621450904757e+06
4.707233143621068448e+06
4.716433409974068403e+06
4.736847524087413214e+06
4.731058367933998816e+06
4.714432323597213253e+06
4.707657787927293219e+06
4.719657224533380941e+06
4.730911215994315222e+06
4.727395855910251848e+06
4.716036699464043602e+06
4.707547820878947154e+06
4.712480917612677440e+06
4.723301804934452288e+06
4.727010364278540015e+06
4.721081898903194815e+06
4.710937015466373414e+06
4.707378368566252291e+06
4.713448745963655412e+06
4.718002980579433963e+06
4.714871918004448526e+06
4.708636930894052610e+06
4.707819273984639905e+06
4.715019471389439888e+06
4.720924459254596382e+06
4.718579173167604022e+06
4.710362304666647688e+06
4.707341325300633907e+06
4.715154823745232075e+06
4.724573156477829441e+06
4.719279504018107429e+06
4.711268266090736724e+06
4.707151277389002964e+06
4.712859080534006469e+06
4.717691404460231774e+06
4.713820495540937409e+06
4.709506031680281274e+06
4.707240527954467572e+06
4.708791711567603983e+06
4.710984620816024952e+06
4.710161717479649000e+06
4.708005475418971851e+06
4.707485318973274902e+06
4.710312954560803249e+06
4.709643118062775582e+06
6.846678790546078235e+06
6.748714226474241354e+06
6.695308347872844897e+06
6.632155756386272609e+06
6.518921116703795269e+06
6.316933011325936764e+06
5.995240142191803083e+06
5.525148928674818017e+06
4.870973357753075659e+06
4.013927582005892415e+06
2.988174426964061335e+06
1.941190244624930900e+06
1.163084183978577144e+06
9.500169747782528866e+05
1.249307868008150486e+06
1.674374995919272769e+06
1.982872050645695999e+06
2.134171589604900684e+06
2.147644519635803066e+06
2.045176717182811350e+06
1.846462495433862787e+06
1.578902201599066146e+06
1.291051376915999223e+06
1.055517022321282886e+06
9.454436721743277740e+05
9.860707693140639458e+05
1.126517517465709941e+06
1.275021561835170491e+06
1.359982387526337989e+06
1.354619438183925580e+06
1.270559665980097139e+06
1.145245902100623120e+06
1.026344782084412756e+06
9.545551198845546460e+05
9.459485536451598164e+05
9.866100352155918954e+05
1.045308184817730682e+06
1.091472915296968073e+06
1.107214806834116578e+06
1.089476937213878613e+06
1.047316786783309071e+06
9.974589522408004850e+05
9.581930620221563149e+05
9.421988303734511137e+05
9.510058077336843126e+05
9.748598024286192376e+05
9.982704939490430988e+05
1.009182295482454007e+06
1.002952635040112305e+06
9.838591510447291657e+05
1.420508320412839821e+05
1.492589670578162768e+05
1.462408987383354397e+05
1.330801796089503332e+05
1.359575120254182257e+05
1.424028851028364443e+05
1.357404549764024850e+05
1.317446863109864353e+05
1.350307106334071723e+05
1.379226497763537336e+05
1.363528691057811957e+05
1.328498051477796107e+05
1.318811229430689127e+05
1.341334858689632092e+05
1.352006521230309154e+05
1.332495296940848348e+05
1.317395249516702897e+05
1.325390440380286018e+05
1.338329886188703822e+05
1.336889817730314389e+05
1.323668323186725029e+05
1.317295400619300490e+05
1.323855308296927833e+05
1.330076016799737699e+05
1.324774029343313305e+05
1.317897071751090989e+05
1.318722529995302320e+05
1.323303641907264828e+05
1.323668396072199102e+05
1.319949979568276904e+05
1.317274381861216389e+05
1.318950768566608022e+05
1.320923641263993341e+05
1.319267362216854235e+05
1.317361521348989045e+05
1.317895219437174674e+05
1.319091390605876222e+05
1.318901814800007851e+05
1.317645886052507558e+05
1.317388228076841915e+05
1.318298922318140976e+05
1.318742843153498834e+05
1.317670274112215848e+05
1.317328242015063297e+05
1.317776492269065348e+05
1.317995679195691191e+05
1.317509875269732438e+05
1.317272365910480730e+05
1.317588424152728403e+05
1.317782955404238019e+05
8.826357727334898664e+04
7.392554720939575054e+04
7.273702770065532241e+04
7.301508572731884487e+04
7.272951474185219558e+04
7.164870379996611155e+04
6.964980845584758208e+04
6.636610871001193300e+04
6.135054919497537776e+04
5.431819925829185377e+04
4.570460998194172134e+04
3.692548048643412767e+04
2.997089334840183437e+04
2.596233505245948982e+04
2.441969957757943484e+04
2.417801064340143785e+04
2.441361881125308719e+04
2.476194179582726065e+04
2.510098231823500464e+04
2.540276796832931723e+04
2.567098740331379304e+04
2.591056886234475678e+04
2.612965786718123854e+04
2.633138064647783540e+04
2.651624635627722091e+04
2.668584268502822306e+04
2.683497206309356989e+04
2.696571159556614293e+04
2.707715429331810810e+04
2.716657455944230969e+04
2.723478123361744292e+04
2.728312195726999926e+04
2.730989901114359236e+04
2.731876398672266805e+04
2.730922089288111601e+04
2.728279274969639664e+04
2.724357760116394638e+04
2.719202078367369177e+04
2.712804998462714502e+04
2.705599718713170660e+04
2.697686046878739944e+04
2.688942469437600084e+04
2.679934567875973516e+04
2.670466292853592677e+04
2.660840453277339111e+04
2.651246291875801398e+04
2.641574828005880045e+04
2.632128942659461609e+04
2.622661145677255990e+04
2.613293729431620159e+04
1.248968643083162533e+01
1.866913274708090142e+01
1.269034218712990203e+01
1.313941775133674383e+01
1.443649223508880119e+01
1.509792923314024193e+01
1.537095628278125758e+01
1.544489245444831482e+01
1.541328456937156943e+01
1.528893679488502855e+01
1.501654885849663934e+01
1.455405743412881492e+01
1.381614329589360324e+01
1.292592405566857039e+01
1.245285192222115356e+01
1.302850738282585041e+01
1.401828660039259411e+01
1.395517550221840253e+01
1.304526089313925041e+01
1.249064678203526846e+01
1.254829051556219177e+01
1.289081150142894217e+01
1.316084264012184235e+01
1.323491779549440039e+01
1.309846156390661420e+01
1.283373548618150650e+01
1.255703783676064589e+01
1.245533978636218464e+01
1.259608598533753110e+01
1.278395539274963966e+01
1.277797948654699667e+01
1.260615716127117558e+01
1.246718240902849217e+01
1.247288311456802923e+01
1.256467375862430913e+01
1.264089170841505627e+01
1.264537034943503357e+01
1.258657195457990596e+01
1.250419554175872605e+01
1.245388984829687828e+01
1.249151143051564006e+01
1.255333128777395046e+01
1.256490936882226350e+01
1.251737692554047143e+01
1.246362780904582834e+01
1.245587355447952760e+01
1.247027189888734178e+01
1.249300715002985562e+01
1.249761415371203732e+01
1.248159069458163728e+01
8.473654832902830947e+00
8.439942438827520377e+00
5.973279327302805086e+00
3.162538101309779748e+00
1.471615646283463530e+00
8.106118507569763931e-01
5.930729062793509421e-01
5.135147352492932527e-01
4.517177461926550341e-01
3.935103091389114960e-01
3.451204060821603248e-01
2.988785964054022637e-01
2.476875496096740126e-01
1.946600988799960241e-01
1.471869961850321429e-01
1.099796561370776915e-01
8.349126866243344880e-02
6.572929553525849733e-02
5.417902522819866701e-02
4.669662128677031648e-02
4.170157226122115507e-02
3.813228272900375665e-02
3.532904134772606175e-02
3.292130103321948970e-02
3.072202410211469573e-02
2.865355577352022079e-02
2.669686691681475571e-02
2.485859651592937231e-02
2.315355380823805667e-02
2.159355609970939685e-02
2.018492006819958690e-02
1.892725010794970783e-02
1.781403222463671943e-02
1.683472722386481976e-02
1.597662269290283862e-02
1.522548087219751690e-02
1.456784527097246783e-02
1.399080146539128516e-02
1.348253937730812396e-02
1.303311024416928081e-02
1.263358831798228055e-02
1.227646354916906053e-02
1.195531749247118539e-02
1.166514756120966452e-02
1.140133731708793154e-02
1.116020980723391072e-02
1.093878864096596570e-02
1.073463361936432582e-02
1.054528341058457233e-02
1.036913038084256479e-02
1.176023287833398781e-02
2.504036283485282406e-03
7.596076437103306891e-03
7.187173973499743317e-03
3.316357765927389033e-03
2.527280045326623335e-03
3.681705335832937808e-03
4.896040133363286501e-03
5.122287121575763887e-03
4.339691065778960091e-03
3.240562645460112225e-03
2.519226966129285792e-03
2.621598691927525850e-03
3.390384566230864039e-03
3.834851701168415228e-03
3.398896169312058940e-03
2.708956692129543993e-03
2.449681664200497981e-03
2.650374146912798379e-03
2.989296601768259148e-03
3.168745517214298021e-03
3.073279602989440439e-03
2.789613757792243701e-03
2.521994957673723801e-03
2.458099524816993731e-03
2.623386531434220102e-03
2.814730131963530911e-03
2.802083770890104707e-03
2.614780546417143445e-03
2.465828793759307185e-03
2.471645266243377350e-03
2.575424313989381139e-03
2.656807638437159655e-03
2.643613519708581678e-03
2.553650931790842592e-03
2.467092603482422611e-03
2.456231666112419255e-03
2.516662162662513039e-03
2.568039641752214997e-03
2.547821850266394645e-03
2.484801631643477129e-03
2.449938236696451097e-03
2.467967217196920336e-03
2.505254464977056585e-03
2.517562292402908842e-03
2.493903646881920864e-03
2.460293912651910324e-03
2.450205017300374679e-03
2.468846392083974030e-03
2.488387901854907484e-03
