5.225567719417135417e+07
5.158549744437719882e+07
5.072161282533587515e+07
4.963660254218088835e+07
4.829973010422034562e+07
4.668134803823938966e+07
4.476035149275516719e+07
4.252361534736723453e+07
3.996301999916329980e+07
3.709532054682405293e+07
3.395932942270512879e+07
3.061348473218489438e+07
2.714123752241695672e+07
2.363962402355067432e+07
2.021488702844648063e+07
1.695759208731864393e+07
1.396078744409927540e+07
1.129515093994875252e+07
9.028926389886554331e+06
7.222868027169421315e+06
5.916455300269227475e+06
5.110105782035809010e+06
4.754967441861172207e+06
4.757458357807559893e+06
4.998932033416151069e+06
5.369309540626767091e+06
5.780954530416104943e+06
6.175653074311425909e+06
6.521561810824487358e+06
6.803394497688954696e+06
7.017303258997449651e+06
7.164163036442318931e+06
7.248307950811484829e+06
7.274781148366360925e+06
7.248093535284795798e+06
7.172912139338785782e+06
7.053741236356792040e+06
6.895463986260312609e+06
6.703197010007627308e+06
6.483145286562873982e+06
6.242490467262230814e+06
5.989839405600434169e+06
5.735607420427782461e+06
5.490301283085396513e+06
5.265263719860034063e+06
5.070913814081676304e+06
4.915501913076138124e+06
4.805078889082202688e+06
4.740520185254559852e+06
4.718278840013170615e+06
6.327713122803744507e+10
6.017551893946244049e+10
5.742901956539306641e+10
5.508084746873256683e+10
5.306058901831648254e+10
5.124627489268898010e+10
4.963470973424095154e+10
4.821103057868402100e+10
4.688236934077986145e+10
4.565183783281275940e+10
4.453587785829491425e+10
4.353345523230410767e+10
4.257113733427930450e+10
4.166149708201928711e+10
4.081267619487902069e+10
4.009399738268504333e+10
3.959602772000457001e+10
3.925951558866242218e+10
3.905156010231678772e+10
3.897834910136079407e+10
3.900916967131754303e+10
3.909405626429439545e+10
3.921417222316802979e+10
3.937506748842936707e+10
3.954858009650279236e+10
3.973169413782250977e+10
3.988357045983214569e+10
4.000345451510260773e+10
4.006731126146613312e+10
4.012132446932607269e+10
4.011779223391537476e+10
4.008542333295152283e+10
4.004958743467799377e+10
3.998059299236966705e+10
3.985982791344645691e+10
3.972130900037028503e+10
3.956844205629650879e+10
3.943771894139918518e+10
3.933005230483320618e+10
3.925071954713381958e+10
3.917528123290422058e+10
3.910797546076148987e+10
3.904925654624951172e+10
3.901092808300749207e+10
3.898145798163958740e+10
3.897842122184474945e+10
3.899270983401285553e+10
3.901541981728268433e+10
3.906328082902912140e+10
3.911814150284062195e+10
3.368182684607343376e+07
2.964125387198249623e+07
3.239199508682635054e+07
3.165165322146512195e+07
2.983795551821196079e+07
2.943461676515791938e+07
3.038999091748913378e+07
3.093503674086285755e+07
3.034161646724286303e+07
2.956184870638202131e+07
2.938444277706755325e+07
2.966154835975855589e+07
2.999092946056758612e+07
2.990636653471043333e+07
2.957237739264399931e+07
2.937041499570471048e+07
2.948279419602967426e+07
2.968234106794455647e+07
2.972491044855758175e+07
2.954475192279003561e+07
2.937799389056654274e+07
2.940061210205470771e+07
2.948807829995994270e+07
2.948724306848785654e+07
2.941801924141972512e+07
2.937551503845036775e+07
2.938510812904248014e+07
2.942909052914461866e+07
2.943041691967331991e+07
2.938397515761185437e+07
2.936995057582254335e+07
2.940492597723508999e+07
2.943546281647797301e+07
2.941112206956066564e+07
2.937671916392114013e+07
2.937303930143609270e+07
2.938241818290659040e+07
2.938047434666026011e+07
2.939186146072416753e+07
2.941435888071613014e+07
2.940561584119449183e+07
2.937669957634773105e+07
2.937645265847287700e+07
2.943492701344039664e+07
2.948478383437206969e+07
2.944652194397234917e+07
2.939049236563781276e+07
2.937514513021998107e+07
2.939257797148945183e+07
2.939912237332232669e+07
1.820042733216903731e+07
1.407675368206897378e+07
1.594626807731305994e+07
1.642872692896533944e+07
1.521585473703793995e+07
1.417578173655651696e+07
1.426415914295368642e+07
1.498873454108143225e+07
1.523721303060575388e+07
1.479944113929725625e+07
1.424400973237999715e+07
1.407928494805739634e+07
1.432863527608607337e+07
1.462380991739091463e+07
1.464526736934507266e+07
1.440444426852369681e+07
1.414067872337179258e+07
1.408112213930311799e+07
1.422786981830603071e+07
1.438618314672485366e+07
1.437360981433100067e+07
1.422528825188449025e+07
1.409201137908794172e+07
1.408635978001524135e+07
1.417540907441041060e+07
1.424586922657643259e+07
1.422064740576390922e+07
1.413517336637570709e+07
1.407520540201720223e+07
1.408940043282327056e+07
1.414399552476612478e+07
1.416814955967248976e+07
1.413501572705552168e+07
1.408504495092964545e+07
1.407433490610225871e+07
1.410239869541520998e+07
1.412879890780507959e+07
1.411896194924635440e+07
1.408871449890194461e+07
1.407213853713021614e+07
1.408587130034246296e+07
1.410824682531031966e+07
1.411465036148316599e+07
1.409310319513035007e+07
1.407322386779216118e+07
1.407808299635823816e+07
1.409587179428427108e+07
1.410333191664807126e+07
1.409160396482050419e+07
1.407499814202051237e+07
1.145050900585707463e+07
7.958405448491282761e+06
8.838859897223666310e+06
9.667385036758162081e+06
8.865926030094495043e+06
7.992245076238383539e+06
7.911825636502774432e+06
8.378693389968956821e+06
8.696850144362295046e+06
8.573525202963698655e+06
8.181009129841636866e+06
7.880720203203915618e+06
7.883670180284022354e+06
8.105711736983515322e+06
8.275066411889256909e+06
8.220215089976640418e+06
8.014212841003730893e+06
7.860224185874202289e+06
7.868274790483974852e+06
7.990745702405508608e+06
8.092492227399084717e+06
8.079174509587828070e+06
7.971073237943802960e+06
7.866300101798862219e+06
7.849353316751113161e+06
7.915412435768116266e+06
7.980055485659750178e+06
7.967535981498647481e+06
7.901874365300579928e+06
7.848940475475687534e+06
7.850968075016515329e+06
7.890370483744788915e+06
7.914143921361745335e+06
7.899304056770937517e+06
7.862869965584171936e+06
7.843267931585485116e+06
7.856578423950114287e+06
7.880648609819894657e+06
7.884576171667196788e+06
7.866576398842246272e+06
7.846389781113404781e+06
7.846141023626448587e+06
7.862504402110266499e+06
7.872960634410065599e+06
7.865731813664492220e+06
7.851407237740572542e+06
7.843550318689897656e+06
7.846809782498057000e+06
7.855622998835552484e+06
7.857751691992470995e+06
7.565393534475292079e+06
6.198684814364491031e+06
6.701436115295869298e+06
6.910686144378757104e+06
6.486782213779400103e+06
6.187125109461895190e+06
6.255743872929533944e+06
6.469081747880555689e+06
6.553242389070017263e+06
6.441876466104080901e+06
6.265994746395766735e+06
6.174821728899722919e+06
6.215443303453268483e+06
6.314446942809578031e+06
6.352508222122138366e+06
6.294188922018945217e+06
6.210969644168470986e+06
6.173148485845623538e+06
6.203149656618727371e+06
6.253562667030887678e+06
6.269831369206687436e+06
6.239612289802573621e+06
6.196856529393646866e+06
6.174138556816520169e+06
6.180303063600989059e+06
6.197498471562905237e+06
6.206217604604569264e+06
6.196931918712484650e+06
6.179700586364839226e+06
6.173182133375743404e+06
6.180102299496245570e+06
6.188289329163203016e+06
6.190586642081918195e+06
6.182459432583453134e+06
6.174641810155592859e+06
6.175232455881794915e+06
6.183366884796991944e+06
6.190194182182741351e+06
6.185231839893613011e+06
6.176134626904789358e+06
6.173055288104099222e+06
6.180225739771129563e+06
6.185835330511069857e+06
6.181726956420909613e+06
6.175882771000184119e+06
6.173506997752178460e+06
6.175702784149608575e+06
6.178253181458432227e+06
6.176367659622160718e+06
6.173765144267844036e+06
5.263137301834819838e+06
4.645827724024085328e+06
4.121662814972712193e+06
3.683685597722694743e+06
3.329995128283332568e+06
3.046307444243854377e+06
2.816253073901291005e+06
2.619466424547437578e+06
2.439727352664099075e+06
2.263193801779282279e+06
2.082472036050551571e+06
1.907373471358084586e+06
1.767398672251108103e+06
1.716553897484286223e+06
1.806090616272906074e+06
1.985374066333104623e+06
2.113749724681365769e+06
2.099947190121528693e+06
1.992246212149903644e+06
1.857746143067606725e+06
1.760440638242687332e+06
1.718184949835701380e+06
1.723100866528762272e+06
1.753275844458862208e+06
1.790003702681488125e+06
1.822656955101702362e+06
1.847290875726425787e+06
1.859414098316085991e+06
1.858897564194783568e+06
1.845887302263267338e+06
1.825509357878905255e+06
1.800246933046691353e+06
1.770983463606447913e+06
1.743574313226186903e+06
1.723025679598185467e+06
1.715626988696956309e+06
1.722085937936756760e+06
1.737584770614038222e+06
1.754229893033583649e+06
1.760213058760921471e+06
1.754257746516070329e+06
1.739753538925131317e+06
1.725779433345360449e+06
1.717200425585111603e+06
1.716675269095632713e+06
1.722616480786745204e+06
1.731230902957458748e+06
1.741456026263030246e+06
1.749339918865756597e+06
1.751157518127714749e+06
1.585457936768671963e+06
1.180081376718856394e+06
1.089215945712340530e+06
1.222382558538856916e+06
1.276825647191330791e+06
1.217567619736189023e+06
1.128420144124599174e+06
1.081141215906228870e+06
1.095955704247192945e+06
1.138757153723038267e+06
1.165998187671735417e+06
1.159548394375908189e+06
1.128652292166610947e+06
1.095282241964382585e+06
1.079822643209944014e+06
1.087708898250618251e+06
1.107280808526006062e+06
1.119913995556233451e+06
1.116173948042831616e+06
1.100258406530432403e+06
1.084867952598800883e+06
1.079679441459444119e+06
1.085430058608624619e+06
1.094922539973733947e+06
1.099855730504754465e+06
1.097045736619568430e+06
1.089063020623237360e+06
1.081777480175353820e+06
1.079698442422336200e+06
1.083288364077996928e+06
1.088149525480851531e+06
1.089663164158869069e+06
1.086754114060608204e+06
1.082316110956109595e+06
1.079705640509102959e+06
1.080471309404843487e+06
1.083156372345486889e+06
1.085017806406129850e+06
1.084287817385524279e+06
1.081902426555398852e+06
1.079941200716269901e+06
1.079853390825788956e+06
1.081357469526164234e+06
1.082783961347892182e+06
1.082726182427703403e+06
1.081313212941634702e+06
1.079918701369009679e+06
1.079682173966254806e+06
1.080380408532080706e+06
1.080917538258322282e+06
3.450745399930928834e+05
1.871675252218515379e+05
1.884289451046562463e+05
2.276372244077828072e+05
2.462483655972484848e+05
2.405649649823915097e+05
2.191284672359864344e+05
1.935851433191973483e+05
1.770744257621709257e+05
1.785285323912590975e+05
1.935664588659535220e+05
2.055533851980597246e+05
2.034256825186010101e+05
1.911154597021009540e+05
1.793531358462587232e+05
1.753619890702979756e+05
1.790057259858636535e+05
1.853862968499010894e+05
1.895969922464321426e+05
1.893373393651346269e+05
1.851647379333916178e+05
1.796286426411050488e+05
1.758643499641735107e+05
1.758383247643724317e+05
1.788437931164581096e+05
1.819159988422320166e+05
1.823529144244753988e+05
1.799760134202910122e+05
1.769211076347368944e+05
1.753894657522018533e+05
1.759918226319557871e+05
1.776706112672449381e+05
1.789010266584008059e+05
1.787786775371285621e+05
1.774918844116894761e+05
1.760172659889293718e+05
1.753520191052145674e+05
1.758273770430641598e+05
1.767930533809821936e+05
1.772795878416694468e+05
1.768820317937720683e+05
1.760042159467449528e+05
1.754049699016663362e+05
1.754772268126601120e+05
1.759701374203825253e+05
1.763577690629317949e+05
1.763031266150850279e+05
1.758768946628948324e+05
1.754630421788818494e+05
1.753709427948446537e+05
2.379858432790170773e+05
1.784484852018548409e+05
2.079667179719153501e+05
1.656389542120506521e+05
1.691609004744332633e+05
1.873535528401872434e+05
1.817401877065109438e+05
1.651403696374909778e+05
1.625036611742239620e+05
1.741110025364047615e+05
1.755946304068206809e+05
1.653581428196448833e+05
1.611007406497569464e+05
1.664804603618641850e+05
1.706977979078217759e+05
1.677015930095541698e+05
1.621301920993271051e+05
1.615646135105703725e+05
1.655766046646267641e+05
1.666855690041708294e+05
1.631740020883183752e+05
1.609645774983913288e+05
1.626653993082916713e+05
1.646083625069474219e+05
1.637025853866623365e+05
1.614804701480886433e+05
1.611813829223608482e+05
1.627526692330489750e+05
1.632317979557509825e+05
1.618020559516855574e+05
1.609664055959804391e+05
1.617526490118554502e+05
1.624806232313055079e+05
1.619011106523206399e+05
1.610249634320402984e+05
1.612621835257040220e+05
1.619635933803181397e+05
1.617190162430521741e+05
1.610465851138987637e+05
1.611352063585053547e+05
1.616824715860160941e+05
1.615832876717007020e+05
1.610575868671131320e+05
1.610369650423116691e+05
1.613889662124166789e+05
1.613602239409417089e+05
1.610250767228628974e+05
1.610262304620764335e+05
1.612575443818227504e+05
1.612076688598424080e+05
2.374375713573308312e+05
1.709831228200899204e+05
1.478377917136445467e+05
1.382623214482336771e+05
1.318653658198826597e+05
1.257448778343133745e+05
1.191428259834169585e+05
1.118124862849935889e+05
1.036964343027667346e+05
9.493943653859541519e+04
8.587109367997878871e+04
7.706017502551231883e+04
6.927883096962053969e+04
6.322900750614742719e+04
5.918909275519719813e+04
5.695979379521963710e+04
5.604105705300965201e+04
5.591703710399976262e+04
5.621271865026574233e+04
5.670774206093307293e+04
5.727925784814256622e+04
5.786791654138809827e+04
5.843811550120549509e+04
5.897382104883820284e+04
5.946236846793188306e+04
5.989624393688535201e+04
6.026717134783772053e+04
6.057446124124072958e+04
6.081419605538858013e+04
6.098559735395098687e+04
6.109485422997949354e+04
6.113967851825444086e+04
6.112807275243367621e+04
6.106195067545044731e+04
6.095155481962021440e+04
6.080166771807865007e+04
6.061026188781537348e+04
6.038973786790003214e+04
6.014285705232706096e+04
5.987617835864283552e+04
5.959373111645245808e+04
5.930159946453721204e+04
5.900393958814592770e+04
5.870268795520458661e+04
5.840340376331275911e+04
5.811105784574309655e+04
5.782513895324867917e+04
5.754927024450134195e+04
5.728667933918182098e+04
5.703884854538706713e+04
2.083095180506182373e+02
1.042357336104011125e+02
9.233513771032747286e+01
9.835829546927163847e+01
1.064362916056519168e+02
1.128031337375352052e+02
1.171641158436414258e+02
1.199885634346286167e+02
1.217220049105101936e+02
1.226876660201767208e+02
1.230637747115021057e+02
1.229508288721183362e+02
1.223937482582514065e+02
1.213946060584526663e+02
1.199269729031126985e+02
1.179487437277967246e+02
1.153879416595716805e+02
1.122154716152967211e+02
1.084318637304079687e+02
1.041930085666076025e+02
9.984505508410602204e+01
9.593265168572305868e+01
9.318138979856887261e+01
9.225791771068961111e+01
9.344322452369792131e+01
9.620715973278437616e+01
9.911155179654998904e+01
1.004531558051097022e+02
9.956595425765470964e+01
9.706955588009003577e+01
9.447635419008551594e+01
9.277403138162330265e+01
9.225243203353942079e+01
9.263879591831711480e+01
9.347739136155695405e+01
9.436435385534008446e+01
9.501658610087164902e+01
9.527154504136916557e+01
9.510476549147831804e+01
9.459081151980673496e+01
9.387808917615285509e+01
9.313412236255312848e+01
9.255288075528336833e+01
9.227096437666440920e+01
9.232801661774851709e+01
9.265158368309148784e+01
9.305259514312427882e+01
9.332867441355355709e+01
9.333383285588546130e+01
9.305795023244191100e+01
4.076150494747977149e+01
3.859594747093008493e+01
3.867335345182441131e+01
3.345003581030690043e+01
2.079576604053787037e+01
8.537779130434422825e+00
3.175056387398010216e+00
1.719914591058220310e+00
1.395446597930100063e+00
1.372422955711297909e+00
1.308833880327933130e+00
1.159681149094142771e+00
1.018170931688432423e+00
9.379950934357239589e-01
8.956856022683082896e-01
8.483141693365227054e-01
7.769867577230415989e-01
6.870826800764948672e-01
5.927636213864575510e-01
5.060127605685977858e-01
4.331321193866648489e-01
3.756234809733995927e-01
3.322361265294482280e-01
3.006596540056852285e-01
2.784233296492905629e-01
2.632749180561858582e-01
2.533067049159636874e-01
2.469524099779252246e-01
2.429733260656069538e-01
2.404392119940214623e-01
2.386829268956195405e-01
2.372605167496782408e-01
2.358883756418285738e-01
2.344147958479822491e-01
2.327673680849830506e-01
2.309198135128323615e-01
2.288886295690309713e-01
2.266936525840757555e-01
2.243678510825229677e-01
2.219383492912709865e-01
2.194303528114485147e-01
2.168648705789404940e-01
2.142589203234122885e-01
2.116278744306728521e-01
2.089701608340336914e-01
2.062975656747082498e-01
2.036098290555069523e-01
2.009048779476050040e-01
1.981819732512473675e-01
1.954373756111668081e-01
1.592687760312083978e-01
8.710628805887450643e-02
4.381414094494263944e-02
1.650731142403129986e-02
2.539206018741137910e-02
4.913934388358195265e-02
5.330148092576659363e-02
3.993956017311264817e-02
2.484089438497092892e-02
1.597949857085691205e-02
1.621463307971178838e-02
2.235754905311160626e-02
2.829042063487167274e-02
3.102608696168883753e-02
3.020191305641653848e-02
2.644619350694979790e-02
2.113478882381954541e-02
1.655927055696286565e-02
1.499460370300140406e-02
1.674748262855319317e-02
1.986501136077832921e-02
2.197059010149667035e-02
2.181315407182052996e-02
1.969668429408674010e-02
1.699162089300439160e-02
1.522350907115789000e-02
1.517803439625907067e-02
1.643061052292026439e-02
1.782074291460407356e-02
1.838419767488848680e-02
1.784769645043485231e-02
1.660613622600115233e-02
1.542928933182398030e-02
1.498433610984067216e-02
1.538097497719879796e-02
1.613890304871657203e-02
1.661517938711822018e-02
1.647651318298725201e-02
1.586750388125362718e-02
1.523611961460192080e-02
1.498418674804710173e-02
1.518412979853016320e-02
1.557397571196977512e-02
1.580680142791354714e-02
1.571370480205183662e-02
1.538684116606770652e-02
1.507682632997979499e-02
1.498781188158736233e-02
1.512821086989949229e-02
1.533074127770415150e-02
2.510730996678132293e-02
3.378653160322439564e-02
2.796649910278993165e-02
2.152973126676745869e-02
2.700705089824683575e-02
2.683310394990889858e-02
2.227417146455916430e-02
2.220570093966474368e-02
2.480727777696851294e-02
2.499810915389321167e-02
2.286271949120048316e-02
2.152403403799678372e-02
2.269081820936969668e-02
2.384913246734883877e-02
2.294766587093733518e-02
2.164666093310958772e-02
2.182892832013150555e-02
2.275596607390769494e-02
2.285791005097864356e-02
2.205645683991056330e-02
2.152468154449580645e-02
2.193682834962323858e-02
2.243129403991345194e-02
2.213610494241654084e-02
2.159247951524692274e-02
2.163105702119581808e-02
2.202332619891367999e-02
2.206341163768849728e-02
2.170982807205893914e-02
2.152648774172850887e-02
2.174580617843148433e-02
2.190908928300095912e-02
2.171940541177709225e-02
2.152730342213490106e-02
2.162429009807418853e-02
2.177113786364531095e-02
2.169674966823245676e-02
2.154138266597134185e-02
2.156323963766054730e-02
2.167927660009782986e-02
2.165222073042693055e-02
2.154089268494110976e-02
2.154610365289953353e-02
2.162577673881859244e-02
2.161426958736450618e-02
2.153789905804442267e-02
2.153748419841261877e-02
2.159291741179779692e-02
2.158225720825326585e-02
2.153036510189999808e-02
3.963761685272074002e-03
2.069598165798931626e-03
4.497850973417519618e-03
2.733855482619324158e-03
1.191421789329543367e-03
1.375143013872880821e-03
2.587120566480566059e-03
2.403570940095252784e-03
1.397432190304981293e-03
1.046010449300474425e-03
1.372252369145302237e-03
1.816565693384161306e-03
1.896953752148492845e-03
1.575313289332519375e-03
1.184407073889247970e-03
1.045472967009072407e-03
1.241074121379870778e-03
1.500534846982458977e-03
1.465672658571226094e-03
1.208225754094903112e-03
1.048212864856229790e-03
1.099339750763663436e-03
1.243772310902224515e-03
1.314996303263571073e-03
1.247949894012633605e-03
1.116150014253600685e-03
1.043720148596565976e-03
1.087938394299110389e-03
1.177977564097565724e-03
1.191478910061343714e-03
1.115524380435445198e-03
1.049082401826758508e-03
1.056444598674804742e-03
1.107169627650719454e-03
1.134155307257757620e-03
1.108572522608303581e-03
1.061448606046418554e-03
1.043405907440953830e-03
1.067565742703043084e-03
1.095240456887859072e-03
1.087498328492408298e-03
1.057040030317385948e-03
1.043074278449232593e-03
1.056422513823333711e-03
1.073539313485681948e-03
1.071514430043429876e-03
1.054107820327101477e-03
1.043131578517449967e-03
1.049808512705890928e-03
1.061299158173093036e-03
1.183998431471125446e-03
3.264623291636508913e-04
8.893268535947654709e-04
4.991691956919564995e-04
2.685712344124729944e-04
4.682683198415998026e-04
5.834361942010615927e-04
4.621561591229577824e-04
2.934292141669020935e-04
2.915394693749021743e-04
4.163858796259261533e-04
4.386277135377489333e-04
3.357794697040676038e-04
2.662214984493642194e-04
3.037566834114465439e-04
3.656662153213139526e-04
3.641383373093134718e-04
3.068299527888199542e-04
2.663019256235761969e-04
2.877916299219465505e-04
3.277805597677750562e-04
3.218702157519324667e-04
2.822845532888004598e-04
2.660015927666638550e-04
2.866094040947626495e-04
3.061195060514540923e-04
2.965223158403467330e-04
2.727094041256064539e-04
2.668189675777140149e-04
2.825092939044531988e-04
2.913107329508097740e-04
2.793392921082863203e-04
2.663318345283373530e-04
2.699825312363693928e-04
2.803405242310857493e-04
2.798942773936636901e-04
2.699834953926782749e-04
2.657674808954934892e-04
2.718499708973243483e-04
2.761046632637323460e-04
2.711820122848259546e-04
2.658032844337465781e-04
2.678794668009397005e-04
2.720903633992105769e-04
2.707952523523283767e-04
2.664779763917877239e-04
2.661884548267422885e-04
2.692901067759348737e-04
2.695452780657045175e-04
2.666472779694425586e-04
6.842982255976836140e-04
2.955855531934215713e-03
9.037541510102243929e-04
1.341497842769189160e-03
1.882281219283823276e-03
1.089820739941409385e-03
6.612656975628974920e-04
1.013440598591939688e-03
1.325661316536798189e-03
1.202692429256205231e-03
8.440047300143658842e-04
6.594135977148086070e-04
8.386706700955745336e-04
1.044652705735725365e-03
9.551516746216137839e-04
7.292545079180189852e-04
6.658089590895345088e-04
7.844573133758791887e-04
8.856116776394738462e-04
8.467014287718956436e-04
7.231186206874858080e-04
6.592914643625824578e-04
7.182907551596679884e-04
7.943053813047487675e-04
7.708174773535472367e-04
6.887774341853495751e-04
6.608667359024895244e-04
7.048156898995408363e-04
7.436104273137582885e-04
7.242564523008052611e-04
6.755622286172438366e-04
6.608924837203750081e-04
6.913379659857610922e-04
7.125231634744345725e-04
6.913376383117383027e-04
6.624382155788371192e-04
6.653178190021826009e-04
6.867568756560619384e-04
6.907618117438583515e-04
6.724326043484954440e-04
6.593509333093908794e-04
6.680364902774355105e-04
6.801114714318612755e-04
6.745871523683845492e-04
6.615629466764961792e-04
6.610951431022524857e-04
6.702426305314216010e-04
6.720357188779841305e-04
6.639624050192083132e-04
6.592992990699150097e-04
1.200125237069876380e-02
9.943902426851399402e-04
4.920102686811129652e-03
7.853148998816001161e-03
4.684983380669294033e-03
1.749544546458773209e-03
1.006415840975469038e-03
1.953201859145885840e-03
3.505024348508286279e-03
3.887094414715071104e-03
2.831146907787197506e-03
1.590274758394051363e-03
1.017033189271097362e-03
1.163809636731609736e-03
1.736831354541759978e-03
2.261267694454221090e-03
2.311855140334420980e-03
1.890480296160302167e-03
1.356360535028478149e-03
1.033350195384375499e-03
1.034618742315850017e-03
1.284225028042849676e-03
1.562548298100806601e-03
1.637558943633902900e-03
1.461702178452198818e-03
1.192939445584331216e-03
1.017715714239104475e-03
1.012447754473160899e-03
1.133411223322089954e-03
1.268097128037396805e-03
1.310829921407307991e-03
1.235740759735422505e-03
1.105793681497491566e-03
1.010716113444071673e-03
1.001127897696218452e-03
1.062854614977801117e-03
1.133601061366569084e-03
1.152028362606711620e-03
1.106382711133656457e-03
1.037550310668973767e-03
9.967582132323269100e-04
1.004539634117468643e-03
1.042264403890865408e-03
1.072703854405041013e-03
1.070427245549620664e-03
1.039649859147679344e-03
1.006277985699751722e-03
9.942448500776706125e-04
1.007172996903345870e-03
1.028392318440127500e-03
2.982900278437275541e-03
1.243494747524269070e-02
3.374134300948982736e-03
4.695197809509188761e-03
8.772661704308053893e-03
6.911363407245702667e-03
3.815817178278563780e-03
2.961609505113157927e-03
3.939368752079256894e-03
5.361751429942949836e-03
5.616956886892450311e-03
4.587153814303924701e-03
3.431521845067842837e-03
2.947763830101184784e-03
3.266381505439838913e-03
3.982597984628568830e-03
4.325079340879776565e-03
3.956056804329388145e-03
3.319245402095080504e-03
2.963901854676443889e-03
3.042679214560227614e-03
3.370614345392427408e-03
3.628166997619070629e-03
3.594634199429325248e-03
3.321917475203789698e-03
3.041718987825496427e-03
2.946671681882146766e-03
3.064126648066704817e-03
3.251045206126489291e-03
3.314299129246280930e-03
3.199275033473151023e-03
3.027915739508098801e-03
2.946214031522822064e-03
2.992071160844967347e-03
3.092574368371521065e-03
3.144324111081935307e-03
3.102743396108097098e-03
3.011371112528361729e-03
2.949988323051039221e-03
2.961097716407475218e-03
3.017526599921845250e-03
3.053552760989847268e-03
3.032341032112323247e-03
2.979440719399724553e-03
2.946819672906178522e-03
2.957319730323036341e-03
2.989417224434098332e-03
3.005658158602549090e-03
2.990225195480551885e-03
2.960688214025039827e-03
1.197016230928092846e-02
2.378868115060943107e-03
2.970738014197204287e-03
6.206203386187700288e-03
5.162735865798025181e-03
2.778551527880392807e-03
1.632892711446447482e-03
2.096505290859066676e-03
3.242226881284769949e-03
3.729524091167856804e-03
3.209194149104107815e-03
2.266021942854571768e-03
1.661716394374758259e-03
1.716282367157362636e-03
2.190523360559934116e-03
2.596624344859731984e-03
2.587966079930578353e-03
2.214324222750239848e-03
1.792898429418670128e-03
1.608340008350820239e-03
1.732772204384017568e-03
1.995899300210855504e-03
2.138449714489474695e-03
2.042684558380036559e-03
1.809096876483794018e-03
1.632791827113420913e-03
1.626996018003805389e-03
1.749606407221384555e-03
1.866500020425247318e-03
1.872938723736262533e-03
1.771433926725247965e-03
1.652617309240392730e-03
1.607937264026986293e-03
1.655105515489782835e-03
1.730845830747313342e-03
1.755842350652360093e-03
1.709529695908071616e-03
1.639704251219643470e-03
1.607776290596639630e-03
1.630413595771700464e-03
1.672712291309339308e-03
1.688876204421733626e-03
1.664680372271296234e-03
1.625768080620824995e-03
1.607756103011249169e-03
1.621440598533111996e-03
1.645665073658819210e-03
1.652318755438663290e-03
1.635474095181823836e-03
1.613999549233965458e-03
1.719546549106664574e-02
1.386627946544923039e-03
3.286227337134466683e-03
7.743040633877684362e-03
8.678000848732474876e-03
5.951536177272129594e-03
3.093467844589795155e-03
1.513048225274054746e-03
1.351427179045667278e-03
2.596440865446870191e-03
4.107206890140853786e-03
4.191085425753091412e-03
2.950427741176497171e-03
1.717964034832208942e-03
1.242613245757206303e-03
1.425676040425750708e-03
1.915807381116348823e-03
2.389669228429271240e-03
2.604466911418227507e-03
2.473270143441647084e-03
2.090200698476125420e-03
1.646709376025521591e-03
1.324078562519427540e-03
1.241679801597479673e-03
1.413210028692111001e-03
1.696490714997649345e-03
1.852576349610611387e-03
1.755275804446958634e-03
1.505588673400538001e-03
1.297324322171460390e-03
1.237171233042093452e-03
1.307800125323072471e-03
1.427800009917833384e-03
1.513754431917979865e-03
1.518630730864463981e-03
1.445864419820753945e-03
1.339245860591743243e-03
1.256654115827805090e-03
1.238585201255374508e-03
1.284218415277517834e-03
1.348952951340293919e-03
1.376713057171218826e-03
1.346606296690734238e-03
1.287172049779897274e-03
1.243668921690387064e-03
1.239194468383533450e-03
1.264834786202926600e-03
1.294520061961759901e-03
1.305713305615001634e-03
1.292018270460310210e-03
2.147844616646976419e-03
7.192637999100567458e-04
1.688944324896709745e-03
1.041152098690309447e-03
5.777344192693621705e-04
8.881897411151078170e-04
1.142375565278514480e-03
9.620288812331961956e-04
6.521494594040425649e-04
6.010848863147820855e-04
8.060209774997742233e-04
8.971208098633500503e-04
7.504623692258527174e-04
5.929270137065181627e-04
6.104408817005834917e-04
7.253863742146956454e-04
7.644046154033594517e-04
6.855738568205602254e-04
5.919225451947696896e-04
5.916367583194510546e-04
6.628095406311066036e-04
6.902796822832349237e-04
6.372075861358753902e-04
5.821678464659216321e-04
5.915405511244409970e-04
6.348368416365861126e-04
6.450605266280020917e-04
6.105222868133253211e-04
5.792439309332922696e-04
5.891674157367402052e-04
6.167112057095385262e-04
6.164533691046642470e-04
5.905088759750628906e-04
5.777974294918839090e-04
5.914619389572047881e-04
6.050158694608157159e-04
5.972687401704036749e-04
5.809742373474470869e-04
5.795952421925201856e-04
5.912862267518963428e-04
5.945683675811695669e-04
5.844297261831292792e-04
5.776917116001346886e-04
5.830143696161476643e-04
5.889567621420695783e-04
5.852751468187357810e-04
5.785195933214287668e-04
5.791581850815564992e-04
5.841956753559426375e-04
5.839699957914624637e-04
1.419507645349618076e-02
6.327966230129256769e-03
1.278377579690434876e-02
1.227150017088714240e-02
7.954692106745738303e-03
5.015753978162226095e-03
5.686989211257378711e-03
8.659401569484255490e-03
8.367796720020062931e-03
5.857596255875723024e-03
4.769885658631730502e-03
5.409916264279181729e-03
6.484070490585653462e-03
6.978744672425265909e-03
6.587734470713325560e-03
5.675178497643873499e-03
4.906995226542637013e-03
4.853586421351791143e-03
5.495941470066238385e-03
5.973343465394883971e-03
5.645687493471308882e-03
5.007556576398241449e-03
4.770919587108733359e-03
4.998966158381107361e-03
5.328495982571176265e-03
5.433089064444258411e-03
5.241550828396944993e-03
4.931243667001090729e-03
4.770183535494234781e-03
4.885967396807683674e-03
5.104098072106320536e-03
5.128785406680970438e-03
4.939892827430993928e-03
4.782193639567093417e-03
4.803531155778989307e-03
4.924068736087799415e-03
4.990097281899389878e-03
4.935903352974680899e-03
4.823967767866471981e-03
4.769504642697625085e-03
4.818044170467786214e-03
4.889972448292688803e-03
4.883060375481989950e-03
4.811869290065842741e-03
4.769747890329480676e-03
4.794229263073923435e-03
4.837472594428265937e-03
4.841965697488059654e-03
4.804840940118471244e-03
4.771852926153770900e-03
1.334009824067105068e-02
1.209339906985635281e-02
1.084490204720983501e-02
8.164374942894443363e-03
9.896918967061065983e-03
1.046044021558231382e-02
8.949648399127546269e-03
8.184881516027565918e-03
9.174741160515595753e-03
9.576276946573810539e-03
8.675305931123131198e-03
8.166327112002810806e-03
8.666132657690962457e-03
9.072241938734572700e-03
8.723088765629957372e-03
8.213632944759623189e-03
8.296056617293063457e-03
8.691506908497121167e-03
8.642581839619304512e-03
8.265888996371853828e-03
8.190856191378286313e-03
8.438633173359123135e-03
8.523487415660854424e-03
8.313475747551486716e-03
8.162878424383030601e-03
8.285385664833290129e-03
8.408674408411727710e-03
8.299506647088956968e-03
8.166885995329213610e-03
8.223017683241755707e-03
8.321348004778378327e-03
8.273335211242524925e-03
8.172537954627927606e-03
8.191456772666531189e-03
8.265491974365711189e-03
8.240095821946165008e-03
8.169551177286358060e-03
8.183045471717428909e-03
8.232858933162660875e-03
8.214177297631734820e-03
8.166616500191898123e-03
8.178590070272932777e-03
8.211881233398995311e-03
8.193197229050925082e-03
8.163527433087555685e-03
8.178481985831051806e-03
8.197131957007525171e-03
8.178730889627451942e-03
8.162908617643281975e-03
8.178285651512314999e-03
4.471934067082450164e-04
4.046088960241811180e-03
9.376652887242040114e-04
1.364406945282925368e-03
2.054033007651686824e-03
6.060470328941350814e-04
5.106226365266211976e-04
1.177499641202723116e-03
1.364473230334822991e-03
9.471902669037695829e-04
4.340062247302600273e-04
4.534950569109206858e-04
8.968907073623718154e-04
8.852087779837718726e-04
4.862755847410805228e-04
3.645454839068363955e-04
5.653339990493874917e-04
7.226915900619846483e-04
6.457652985736937312e-04
4.402767328508430233e-04
3.563834607616427541e-04
4.864694657237002805e-04
5.872802131334678259e-04
4.829311914009655265e-04
3.609419013058917766e-04
3.891842424369950596e-04
4.793340081830249383e-04
4.893657464454317929e-04
4.111540283552526627e-04
3.539736093559080112e-04
3.917616964200770074e-04
4.456384998312129769e-04
4.168662857999910439e-04
3.603879421455500969e-04
3.645812203772136003e-04
4.040697363878825938e-04
4.086365179024841724e-04
3.732409281254703021e-04
3.536907090977873614e-04
3.756836252534436664e-04
3.926194603473967884e-04
3.726287273526918131e-04
3.537144517479780910e-04
3.645205649013666914e-04
3.788752880912002897e-04
3.706043314668341416e-04
3.550583552762073261e-04
3.579150130590870059e-04
3.696599857909286971e-04
3.659684053739182879e-04
2.959309825276397812e-04
4.769039331425907967e-04
3.052881462465574210e-04
1.678642853571938112e-04
2.959070371442646991e-04
3.008554945112427103e-04
1.910255101736413916e-04
1.773933936974175492e-04
2.388742506550484515e-04
2.548850824242923229e-04
2.083207179721362635e-04
1.684153711868399651e-04
1.856996252696947703e-04
2.202740025773267107e-04
2.097198603478732685e-04
1.755603345729159009e-04
1.694751816364697668e-04
1.902537232220612141e-04
2.010454110079752774e-04
1.871610978806466277e-04
1.692372261449746874e-04
1.710630551088303665e-04
1.854488745665009558e-04
1.864165260635991072e-04
1.732048123923545771e-04
1.672617515736887382e-04
1.746421875474681148e-04
1.807249158455015415e-04
1.759117080982574959e-04
1.681124475750356197e-04
1.687731472653692430e-04
1.748327828487809810e-04
1.748037219254873942e-04
1.690671727036671625e-04
1.674024865596366370e-04
1.711381162743621956e-04
1.727764658718977816e-04
1.695978398631172129e-04
1.671270132225221314e-04
1.689791902423924057e-04
1.709151068409471130e-04
1.691896015589803995e-04
1.671664544545501687e-04
1.681251645452608333e-04
1.695784932698002313e-04
1.686935081723896993e-04
1.672034291989592963e-04
1.676942950185094294e-04
1.687786419814345544e-04
1.681939672076841362e-04
1.053464072486115510e-02
4.138563381126218743e-03
7.171522589036125918e-03
8.163416635067699545e-03
6.536291109863204968e-03
4.627385462654487989e-03
3.980812426199179486e-03
5.049642530727174901e-03
6.034124961157935445e-03
5.471918877014377014e-03
4.365485621611326326e-03
3.959516507501757362e-03
4.315133158908798089e-03
4.834404427387626636e-03
5.033479279556161631e-03
4.798728203677552623e-03
4.337122750462090587e-03
3.994969798446463584e-03
4.026490032227202434e-03
4.343481827802310805e-03
4.541263042710554088e-03
4.386705080557924338e-03
4.088257000623200799e-03
3.957742243168907090e-03
4.055090334271391726e-03
4.219611778656466410e-03
4.279994643564117435e-03
4.190399392734045839e-03
4.038025313741428445e-03
3.958188534151582845e-03
4.011219293484278442e-03
4.114673392216192799e-03
4.134820930317925115e-03
4.052197886242869460e-03
3.969691024149864418e-03
3.967673797012910217e-03
4.023451524004590524e-03
4.062568099099117709e-03
4.043591975772546990e-03
3.989756382710049100e-03
3.958120030116274793e-03
3.976206196340306351e-03
4.012005211427403274e-03
4.016043218975921120e-03
3.984979839863271416e-03
3.959325177508082536e-03
3.965041857320265005e-03
3.986497079586323079e-03
3.993778773385988842e-03
3.979001229818021623e-03
3.330936423265594068e-03
1.620940208885696468e-03
2.673875233759137517e-03
2.367597695859773813e-03
1.622091525633171955e-03
1.536214454416762838e-03
1.999733372617333322e-03
2.065808165829045948e-03
1.707201128489112566e-03
1.460922096743791929e-03
1.578299144880187729e-03
1.788205388522206120e-03
1.798701494256956966e-03
1.621815225668221498e-03
1.468512572462852021e-03
1.501121855379843138e-03
1.633432817697387865e-03
1.665090001034994502e-03
1.562352293168328514e-03
1.465256625050108744e-03
1.481103353422620270e-03
1.558179607814374167e-03
1.583474650197588991e-03
1.529122287117017608e-03
1.466092894282687185e-03
1.467670208305006836e-03
1.516013979353889735e-03
1.534236454511029744e-03
1.498122931446631799e-03
1.460419567485233844e-03
1.466984273837235392e-03
1.497023505682411413e-03
1.503249886880810883e-03
1.478398734895038829e-03
1.457920814035833235e-03
1.466670026001996776e-03
1.485219156120825548e-03
1.483078232688337869e-03
1.464747843427931847e-03
1.457647385638362672e-03
1.468225167980944344e-03
1.476404597890689820e-03
1.469278666422239735e-03
1.458555878726970796e-03
1.459676095061864659e-03
1.467941542148886065e-03
1.468364533207223814e-03
1.460709762412621456e-03
1.457461671210964153e-03
1.462164115867241754e-03
1.102146889921894364e-02
2.784088074911760489e-03
6.913336686213944135e-03
8.504159741370583697e-03
6.175029375587593426e-03
3.576192522849937997e-03
2.451570851680764680e-03
3.453145872788782132e-03
5.158334978914568859e-03
4.873067121815934100e-03
3.332328792585591629e-03
2.481019862333214490e-03
2.675392027156946358e-03
3.313707104091544783e-03
3.799275200029752705e-03
3.813827231315181088e-03
3.395238526704895919e-03
2.835313546821267849e-03
2.477832857569008985e-03
2.546099147580885898e-03
2.935042983738954565e-03
3.188425882718975979e-03
3.013134818603613058e-03
2.644546413280983443e-03
2.453310990543232720e-03
2.527660011089361350e-03
2.716747501071701751e-03
2.836705130467848893e-03
2.799394679560702169e-03
2.643837203911765955e-03
2.490910492161214820e-03
2.454462053158942662e-03
2.546400463190961160e-03
2.650737447205878897e-03
2.643990544254021767e-03
2.541531410776213477e-03
2.458621764211976930e-03
2.462401750551791203e-03
2.521901592524609242e-03
2.565926591983657898e-03
2.553203470963113543e-03
2.499242066096993807e-03
2.454749034093398237e-03
2.457424279034023905e-03
2.494591181232339895e-03
2.516950842278009495e-03
2.498161938887224088e-03
2.462995293522135792e-03
2.449724482677380182e-03
2.464881845829253355e-03
