1.886375183318353410e-02
2.622826269025718693e-02
4.411119935090150601e-02
1.964998368584142813e-02
6.241109150608726772e-03
8.144264376683673853e-03
3.085513829947649292e-02
7.294664509936667728e-03
5.501983193193966254e-03
8.607676199965478073e-03
1.389128180301900557e-02
1.711586369378755371e-02
1.559017280575316494e-02
1.115778825248183240e-02
7.294626311990100656e-03
5.470115124735298699e-03
5.563358794345628355e-03
8.399160784467158899e-03
1.096476462593781731e-02
8.009140060403501307e-03
5.610698879127674205e-03
5.295716448534182677e-03
5.905660989735656355e-03
6.870460394042207826e-03
7.670762977329458922e-03
7.835622823019640706e-03
7.306464432365637578e-03
6.449697209734834430e-03
5.696919211268610186e-03
5.291529562017064509e-03
5.350056687467104680e-03
5.882416076323252960e-03
6.425688551937858844e-03
6.276728862973587203e-03
5.685856048217828584e-03
5.307265744458796938e-03
5.275674147187886173e-03
5.450934275879721139e-03
5.673297828333956870e-03
5.812253374653081860e-03
5.799272774342436806e-03
5.652402403110430400e-03
5.453998078195113411e-03
5.299120087486101742e-03
5.256126376709940873e-03
5.338493266284181915e-03
5.472537931671455670e-03
5.526345963457499760e-03
5.448762840363483885e-03
5.326261134580987516e-03
1.181505600960893257e-02
9.424110884829143414e-03
2.120409867248449626e-02
1.386494073900262046e-02
8.120953853994151636e-03
2.048174214788139793e-03
5.055587126118876035e-03
1.144680815662216244e-02
6.092149244519491288e-03
1.795420104162042101e-03
2.989313184523964204e-03
5.655619930921779517e-03
6.755078303898478728e-03
6.301837931691022313e-03
4.476414351317009079e-03
2.143504926230829950e-03
1.875600782468144802e-03
3.748150126213204824e-03
4.657828151120362026e-03
3.340066421377090814e-03
1.792316079755078371e-03
1.891324095133645319e-03
2.975098853406877956e-03
3.438701816106394006e-03
2.872504231618598115e-03
1.888935740842039197e-03
1.665663538604010519e-03
2.343133352576797467e-03
2.743125554122052834e-03
2.279228068250368795e-03
1.672769230145745075e-03
1.734975187187526042e-03
2.183925665425271063e-03
2.288881769832117313e-03
1.929799062737300218e-03
1.614815128834890369e-03
1.757595373127867396e-03
2.034289160902459648e-03
1.967854003722946214e-03
1.684801806224773234e-03
1.625661095276191917e-03
1.811489197253357206e-03
1.890741676175271627e-03
1.742075614954947038e-03
1.608343824835704872e-03
1.680523744767092572e-03
1.790728454680079289e-03
1.736226724508191941e-03
1.620321912249692974e-03
1.631646590337795192e-03
1.100677648515050767e-02
8.346480626298206917e-02
5.606539283788450866e-03
1.411433058381137036e-02
1.403599147077403200e-02
1.602354821625068607e-02
1.921455407007993665e-02
2.038718047210760775e-02
1.997515416477079961e-02
1.915218419281466272e-02
1.837442648672910073e-02
1.756643403411835627e-02
1.658521354788970031e-02
1.540905911957269302e-02
1.411377758060740686e-02
1.280281584766274246e-02
1.156045308637352123e-02
1.043369159579667083e-02
9.436792765063553579e-03
8.563057879748698156e-03
7.795797901824526657e-03
7.114932627704420587e-03
6.500534988668420222e-03
5.935723042853719225e-03
5.408520976940905771e-03
4.912424597513354203e-03
4.445549581567809563e-03
4.009448915259419127e-03
3.607234139496788648e-03
3.242183861914172457e-03
2.916609513359798376e-03
2.631296871307577719e-03
2.385279402700293816e-03
2.176233290548293398e-03
2.000748164571533160e-03
1.854818748370225430e-03
1.734361067289491055e-03
1.635372225526175380e-03
1.554245680745783634e-03
1.487756849591787564e-03
1.433193622568961802e-03
1.388254222962320272e-03
1.351097449390335162e-03
1.320167718748621729e-03
1.294231706591859963e-03
1.272306222186996840e-03
1.253624255431208361e-03
1.237544041508930551e-03
1.223584405879923637e-03
1.211370715509751082e-03
3.824371233043561574e-04
2.225988580624177894e-04
1.894017856042327203e-04
2.331517608990073395e-04
2.530647281764522431e-04
2.574912869123401234e-04
2.571258512713653311e-04
2.524788867381213978e-04
2.385764689013940049e-04
2.107149643209122413e-04
1.888080271628008431e-04
1.917058543786788027e-04
2.070017786497364365e-04
2.190490587761944924e-04
2.184092896146426813e-04
2.074235039027215064e-04
1.947497963127510381e-04
1.877065655141694231e-04
1.898860141944536681e-04
1.982577643168427495e-04
2.035781182744523198e-04
2.012287252968293421e-04
1.939465446907915919e-04
1.882175954801121776e-04
1.878042264006576814e-04
1.911271783116440161e-04
1.946331369112786923e-04
1.956508052302971393e-04
1.936707122339000118e-04
1.902538203750286884e-04
1.877197247743070407e-04
1.876576576062217376e-04
1.896916292290317502e-04
1.915376530159898396e-04
1.912869472293377568e-04
1.893507287802453204e-04
1.876464229207241833e-04
1.874635429066038054e-04
1.884587220589039507e-04
1.894697893136186139e-04
1.896018451266727077e-04
1.888104635707843829e-04
1.877888395479377194e-04
1.873431900250749653e-04
1.877288791366628167e-04
1.884011549070805313e-04
1.885915369152872385e-04
1.881253038850205870e-04
1.875260127975785960e-04
1.873510321893734972e-04
9.000893992254713335e-04
3.457317669928618555e-04
1.259605498485892605e-04
2.195344161590801672e-04
3.691180816781659520e-04
3.845849468571796740e-04
2.885002960942323769e-04
1.922734196247508748e-04
1.355928974770727736e-04
1.308537939181768893e-04
1.746388993912127545e-04
2.223385276765570291e-04
2.360309830337795696e-04
2.118906603678306281e-04
1.687572097418525859e-04
1.345568717004172563e-04
1.262276603487978558e-04
1.386931138189834351e-04
1.578826899473519401e-04
1.719524619285715751e-04
1.742440076588605460e-04
1.646965961433738521e-04
1.486785708476399525e-04
1.336137419916736790e-04
1.260650308948816712e-04
1.290089519406317450e-04
1.389031545674909761e-04
1.472249284573167512e-04
1.474727331796048106e-04
1.400804960558151046e-04
1.309627002190216923e-04
1.260817651874904385e-04
1.270788368313945766e-04
1.314756985499914625e-04
1.355390760276912543e-04
1.366712989501720106e-04
1.344294490805926013e-04
1.303306624000547908e-04
1.268352200846531669e-04
1.258671524302207821e-04
1.275574252512660706e-04
1.300932529441713214e-04
1.312042818168229698e-04
1.300467817136146103e-04
1.277283721177530822e-04
1.260564811032273392e-04
1.259899239317250892e-04
1.271023007838201094e-04
1.282517806590887125e-04
1.285223341012433891e-04
8.828814095022954824e-05
1.814833623517832597e-04
9.476069649248631903e-05
1.055682306995935191e-04
1.319495280101427902e-04
1.356412831001401571e-04
1.223635774547019556e-04
1.006493972218764764e-04
8.777183442373306856e-05
1.006608955736140086e-04
1.139191878726700220e-04
1.061033070751683230e-04
9.133030561285423185e-05
8.848022070191502930e-05
9.563666713733822876e-05
1.015366406946833133e-04
1.012780341444188749e-04
9.570519447443657417e-05
8.936774252557567989e-05
8.821754501798297369e-05
9.298498979485054898e-05
9.617657270356920170e-05
9.325829568001701769e-05
8.873633690378140146e-05
8.806794305713347871e-05
9.060733609319831096e-05
9.255775245378827115e-05
9.187818557205092065e-05
8.945301220086877283e-05
8.780314809513642751e-05
8.864863468043962861e-05
9.040821847618930765e-05
9.035114853308095204e-05
8.869902878078369060e-05
8.777036293043300233e-05
8.845362567361131118e-05
8.941481156920023834e-05
8.937804664198648052e-05
8.842438829386486780e-05
8.777588610564176217e-05
8.817023191766052261e-05
8.881359098524634109e-05
8.864806358806216595e-05
8.798215230101131960e-05
8.779443010248068292e-05
8.817693002118428191e-05
8.843311804347070795e-05
8.821672848273905403e-05
8.783796860194133553e-05
8.781887418524405502e-05
2.092493100244076235e-04
1.825465822093099073e-04
1.602093274316274899e-04
1.816374374984332696e-04
1.892178389411532428e-04
1.782580901435822009e-04
1.647064154896233160e-04
1.581419477119556949e-04
1.649634948978826701e-04
1.726501727811803903e-04
1.723174052385462889e-04
1.655740253340520600e-04
1.589448523577273963e-04
1.590406291146396101e-04
1.629356479375460216e-04
1.658656424845726359e-04
1.658412683509536681e-04
1.631903045634866957e-04
1.597606742929207090e-04
1.581413764016022044e-04
1.597779783936736670e-04
1.622672915003685312e-04
1.623590127204787453e-04
1.601573700726066922e-04
1.583035359803363587e-04
1.585142906451477405e-04
1.598495567053364187e-04
1.606865766224348040e-04
1.603062373522778125e-04
1.591185214780890941e-04
1.582115825191288605e-04
1.584122683744835797e-04
1.593009136323919053e-04
1.596180250548797090e-04
1.589715792216901897e-04
1.582478908926602396e-04
1.582347511229374650e-04
1.587176855497166364e-04
1.590232546448379293e-04
1.588124072457117999e-04
1.583442579115790976e-04
1.581432660198250580e-04
1.583897447021075881e-04
1.586676299215952768e-04
1.585722989997889569e-04
1.582602657579181330e-04
1.581463811343535291e-04
1.582986694462477526e-04
1.584529207883857041e-04
1.584064532234633852e-04
6.369908021804332292e-04
2.166363414884329129e-04
7.660795030525865881e-05
1.765356059749345543e-04
2.658564336999637702e-04
2.546095208546172366e-04
1.846963499894293463e-04
1.164075600711339867e-04
7.544769346344691477e-05
8.376602804480626132e-05
1.300941412157172118e-04
1.587162089600609952e-04
1.459865057211117919e-04
1.081180625569252269e-04
7.750567221374717421e-05
7.332215158281938988e-05
8.739876411495352704e-05
1.039437363483986686e-04
1.127876445667444234e-04
1.104415348156033384e-04
9.904448970483702023e-05
8.434162406803745189e-05
7.364620209035904741e-05
7.302301104608967025e-05
8.177869114689087374e-05
9.074526175207602735e-05
9.117252629795664573e-05
8.333604263947402661e-05
7.475641804271596362e-05
7.189913895295029877e-05
7.487462464258987874e-05
7.961412160092935883e-05
8.222504698062569500e-05
8.112726843720413042e-05
7.728462399190896609e-05
7.331939659106342304e-05
7.188822813392116450e-05
7.365551618794752764e-05
7.644549560496301114e-05
7.730321397768836653e-05
7.549829197053198120e-05
7.294520911772794936e-05
7.187515112742394203e-05
7.269008013148807110e-05
7.414452627777354439e-05
7.480787810515720810e-05
7.417614881609257602e-05
7.285359524822777183e-05
7.194370343127726923e-05
7.210321575598993495e-05
9.767179887923768547e-05
6.419766858838975234e-05
5.981983954015879170e-05
7.275292591572070670e-05
7.397913940554181570e-05
6.518078775215403113e-05
5.923326011703201286e-05
5.814025697323179921e-05
6.129175887633898619e-05
6.456331256167235693e-05
6.551972652129935972e-05
6.399950588480301009e-05
6.109606031692173093e-05
5.855102321904908161e-05
5.796684790778326555e-05
5.915325220605723445e-05
6.072878307047013986e-05
6.148865539210533748e-05
6.097752392163418125e-05
5.965577858965598801e-05
5.838568451236231032e-05
5.790601596886275172e-05
5.839537358387857346e-05
5.924676221200055536e-05
5.966664506356055822e-05
5.935678582691738479e-05
5.861658581503386816e-05
5.801364520154296469e-05
5.795267773540911795e-05
5.833697296658863646e-05
5.873941699783308159e-05
5.882819322405017005e-05
5.855244569608301778e-05
5.814795732623393527e-05
5.791533487754563946e-05
5.799091353289889618e-05
5.824584256544073231e-05
5.839425682428750096e-05
5.830631585735823361e-05
5.808227495702584728e-05
5.792009747499818724e-05
5.793388998639662077e-05
5.805821576275707239e-05
5.815809172687114924e-05
5.813763138891972661e-05
5.802277909494596821e-05
5.791942587288146022e-05
5.791706373863969983e-05
5.799153787760365707e-05
5.804790345580059760e-05
6.840789044013195330e-04
1.203057251069878075e-04
7.504525111333002396e-05
2.411513979958748591e-04
3.010337324624743293e-04
2.178879142413766104e-04
1.113133361272610443e-04
4.287643417045480424e-05
4.630984652802283032e-05
1.100172856889886070e-04
1.525739589731856416e-04
1.352499114987420093e-04
8.194032967520715528e-05
4.041920458695818098e-05
3.699225414545934414e-05
5.871173667533976267e-05
8.192812421541856923e-05
9.160968080676134520e-05
8.381079857150942826e-05
6.417885807096944308e-05
4.373916051975942015e-05
3.404838137474657184e-05
4.059078019872241637e-05
5.543655725386455581e-05
6.303481908232093692e-05
5.651286091188276162e-05
4.306644709870214736e-05
3.457808391610943990e-05
3.583583438563524222e-05
4.264438528125397669e-05
4.819138639635103853e-05
4.843159938610623643e-05
4.357908494361379921e-05
3.727939671981159023e-05
3.402911342139296007e-05
3.580444478474519292e-05
4.003892662695259641e-05
4.203525817357968257e-05
3.985764766376535947e-05
3.597312494109530741e-05
3.400541672483265099e-05
3.502508160207460269e-05
3.727027827616051779e-05
3.837605506949841327e-05
3.742371435016719186e-05
3.538345715130494649e-05
3.405247004996836169e-05
3.442201413250036958e-05
3.574250110270994952e-05
3.641668255029302368e-05
1.548300870754913011e-04
2.753291253599794968e-04
1.614480168804973965e-04
1.681454616565368617e-04
2.128585160416321561e-04
1.784727719798829540e-04
1.457212827776075055e-04
1.577388613356288925e-04
1.789472532960713661e-04
1.770316718755809071e-04
1.579138973011642291e-04
1.451971931683588169e-04
1.522812366715111526e-04
1.649656669961126285e-04
1.626502338931568189e-04
1.502121592900230031e-04
1.450719039549601820e-04
1.507067102332675058e-04
1.570475207563871794e-04
1.557939856467827424e-04
1.491136559761028981e-04
1.450241799581727118e-04
1.477728328747462288e-04
1.521020990408990595e-04
1.511952754389348083e-04
1.467421325889468192e-04
1.450656920746918742e-04
1.474198757365551915e-04
1.495735945642799841e-04
1.485084784177100926e-04
1.458461243435095955e-04
1.451052384741721864e-04
1.467915413695369928e-04
1.479135491048576712e-04
1.466878906588140082e-04
1.451478627231425839e-04
1.453698088749666103e-04
1.465227778237382025e-04
1.466410379518927754e-04
1.456014878462800869e-04
1.450051273852037020e-04
1.455643037151985435e-04
1.461545035359253686e-04
1.457363701888525151e-04
1.450761673691861151e-04
1.451577594830961299e-04
1.456507790617172539e-04
1.456611268429963387e-04
1.451939037917220217e-04
1.450190175696723356e-04
1.670113261083120977e-04
3.615420760760460319e-04
1.798573906700187512e-04
2.084741054122832282e-04
2.723613356614867681e-04
2.407909772663780141e-04
1.827623474422538643e-04
1.669046278846809885e-04
2.012353048645963976e-04
2.218306506531679361e-04
2.024367643107556202e-04
1.724638566181442892e-04
1.661340970961263785e-04
1.819663079094181897e-04
1.954894717775718408e-04
1.919939267373300810e-04
1.768136982360902327e-04
1.655145525606093707e-04
1.685505010370244550e-04
1.793414005774422184e-04
1.825873148570565836e-04
1.748357391341041032e-04
1.661819090089416322e-04
1.658772567003914775e-04
1.717249122541878782e-04
1.754172551893333465e-04
1.728540758653008668e-04
1.672957368859822767e-04
1.648626810117398607e-04
1.675584894156541597e-04
1.708680519092758596e-04
1.701129242655194124e-04
1.665827967756384402e-04
1.648507802250342069e-04
1.663979591629900941e-04
1.684401155813689183e-04
1.681717127801217091e-04
1.660820107781777345e-04
1.648513667807638395e-04
1.657642887120885184e-04
1.670997970189021372e-04
1.668291807474721767e-04
1.654351265197764984e-04
1.648605560717266599e-04
1.655937243193979832e-04
1.663009849124971848e-04
1.659387717633728769e-04
1.650822677235304814e-04
1.648977598717373406e-04
1.654505895031518697e-04
1.616961342161961726e-04
2.423730623716106620e-04
1.683363424561567980e-04
1.766560766550020860e-04
1.988270195338771190e-04
1.998408747793097647e-04
1.861300836162964854e-04
1.643781092286062393e-04
1.627945897258591156e-04
1.798260176007728450e-04
1.813549217998737897e-04
1.677106122769756531e-04
1.594099943124187551e-04
1.651254741827601574e-04
1.723666543872885747e-04
1.720945599436634807e-04
1.654054343005790942e-04
1.596818109149524879e-04
1.616738626821546975e-04
1.669225967577464206e-04
1.669263912192590221e-04
1.621185378131455757e-04
1.594049747935032211e-04
1.615587546845292390e-04
1.642911825040963925e-04
1.637907416475677970e-04
1.609166655186089609e-04
1.594067022534001368e-04
1.609280267797687388e-04
1.625784418438748296e-04
1.617011511629124713e-04
1.597927589994656717e-04
1.596033468953031150e-04
1.608876525105091594e-04
1.614045065871167937e-04
1.604352863343131981e-04
1.594504172083700648e-04
1.597883219744495524e-04
1.606138875810359738e-04
1.604489033866121725e-04
1.596256441034714499e-04
1.594666717666959072e-04
1.600185453763301952e-04
1.602272814500480913e-04
1.597606966611005001e-04
1.594053927322188120e-04
1.596589451268741922e-04
1.599538771562830240e-04
1.597364401020909502e-04
1.594238238719085019e-04
9.601626919244682693e-05
1.098379744285744224e-04
1.030003563560758970e-04
9.256995087470499823e-05
1.008691789067911416e-04
1.004281449491222389e-04
9.350579628501309946e-05
9.386572974252741560e-05
9.770545982441326046e-05
9.777199080578761743e-05
9.450190315848501998e-05
9.255580068100359241e-05
9.456015201746493007e-05
9.615420446058470824e-05
9.450754941406714694e-05
9.263301813178674072e-05
9.322399243835305393e-05
9.459974164283123409e-05
9.451301089134412259e-05
9.321006144984313570e-05
9.256026452786409917e-05
9.336680252723460844e-05
9.397771501583481422e-05
9.332478340151328662e-05
9.258251604480718954e-05
9.284564014440827582e-05
9.340950351054478121e-05
9.326868807200296824e-05
9.270481821431929487e-05
9.259933832266189048e-05
9.300788798931036445e-05
9.310058735229992085e-05
9.272027760995454871e-05
9.255839172458890022e-05
9.278091495230284869e-05
9.291892002649092535e-05
9.272607251433425172e-05
9.255210244203413501e-05
9.266881649086547944e-05
9.279931530344243020e-05
9.268177402319718286e-05
9.255368742022113495e-05
9.262605985650067351e-05
9.270792961108410661e-05
9.263926020928074992e-05
9.255169336528542277e-05
9.260053842840735650e-05
9.266469227049522030e-05
9.261003050894566684e-05
9.255142449497110433e-05
1.483563893997325521e-04
1.854348029520091904e-04
1.473430033608760597e-04
1.530080009317361296e-04
1.629981938572362264e-04
1.654217094692121801e-04
1.614927539179558203e-04
1.537708763668957867e-04
1.466438447637996416e-04
1.480445374516596547e-04
1.555955894660428348e-04
1.545821904900723700e-04
1.479733754998197428e-04
1.458853104151692668e-04
1.485114774245542785e-04
1.511907459912496701e-04
1.516512367462876829e-04
1.498277086894442061e-04
1.470882570900821859e-04
1.457846916175489966e-04
1.473332758360101273e-04
1.491959744820690913e-04
1.483510474010147706e-04
1.463228038512833884e-04
1.458576739275843615e-04
1.468648334553630157e-04
1.477484066396564724e-04
1.475848389514181850e-04
1.465889905649355915e-04
1.458171016596877920e-04
1.461013503266792490e-04
1.468876593820342760e-04
1.468543294793230839e-04
1.461252630423719428e-04
1.457824580191629691e-04
1.461104490111992294e-04
1.464723692812833981e-04
1.464030270223202275e-04
1.460045928011353348e-04
1.457793506206119048e-04
1.459891787144304218e-04
1.462446837527267107e-04
1.461195602746757222e-04
1.458351311036590727e-04
1.458110505795530009e-04
1.459958172273999018e-04
1.460783691589007203e-04
1.459436236728199263e-04
1.457920053704356257e-04
1.458380464506628914e-04
9.665951285738652024e-05
5.174014330060854435e-05
6.010888130170024510e-05
7.304979390908767939e-05
6.964554007285491516e-05
5.832260400401898892e-05
5.043988907335569724e-05
5.185458880304930833e-05
5.747394556215239763e-05
6.075736819158426459e-05
5.917629852899472769e-05
5.474479459247539768e-05
5.090465984411844430e-05
5.013335322827261616e-05
5.244992591747390371e-05
5.497208603502812268e-05
5.519250101287954925e-05
5.314902253179021758e-05
5.077644692456379373e-05
4.998450687720186068e-05
5.091254233997740102e-05
5.227221841311713161e-05
5.280307460650700995e-05
5.214367417120663854e-05
5.090006998304297844e-05
5.004315991707171309e-05
5.017149916837947349e-05
5.095378858553686847e-05
5.148176061033433646e-05
5.122604869026167545e-05
5.049374032424668908e-05
5.000247205236661713e-05
5.010592569397541424e-05
5.054033752253451247e-05
5.080787067366106095e-05
5.066177466387197141e-05
5.026558809535674912e-05
4.999006820808982534e-05
5.005529928685961238e-05
5.032075823099606894e-05
5.045701064890188042e-05
5.031267109995000731e-05
5.006734323313668958e-05
4.997391472315081205e-05
5.007861322475343744e-05
5.021972762750570747e-05
5.023655096620681967e-05
5.011701743803611040e-05
4.999329911848861177e-05
4.998621435655693101e-05
3.316126873167855264e-04
1.264528608416312021e-04
1.421383570630337220e-04
2.073952760199403861e-04
1.895189327847488934e-04
1.400658502173657033e-04
1.102527583298883868e-04
1.183092829453061636e-04
1.462825990483115728e-04
1.558916811280404598e-04
1.404944315360312068e-04
1.179773449353057539e-04
1.085600824226451021e-04
1.151277439256615757e-04
1.268331807106970271e-04
1.326394229109570833e-04
1.286264916333777373e-04
1.187721207339273118e-04
1.103770051776302197e-04
1.090435147653932000e-04
1.145721843666771037e-04
1.203690368864444323e-04
1.202724169876270616e-04
1.148609441168287645e-04
1.096631938222056236e-04
1.088029384026877153e-04
1.116043186475199208e-04
1.146194939838880234e-04
1.150346453996933750e-04
1.127186111968170215e-04
1.097666260537948980e-04
1.085604265025352111e-04
1.097780042592905571e-04
1.117129636530320630e-04
1.121152501500401064e-04
1.106444485972151402e-04
1.089675569936104569e-04
1.086247461748543898e-04
1.095304138890067295e-04
1.104618850006657942e-04
1.104341340795897771e-04
1.095306955035654149e-04
1.086855909501845596e-04
1.086618062474474348e-04
1.092811161450411210e-04
1.097022409721200666e-04
1.094262646605205963e-04
1.088192362027336175e-04
1.085595508241915178e-04
1.088145096439026196e-04
8.771691703955480576e-05
2.532280081947810443e-04
9.371133428553031193e-05
1.154431720837269465e-04
1.708978011538191078e-04
1.536295198930813738e-04
1.056413453812561474e-04
8.211621744931752896e-05
1.055931310191176914e-04
1.304068751461546387e-04
1.174390874263073621e-04
9.023941328171816169e-05
8.273446666438315938e-05
9.528382633261575239e-05
1.076410259975089364e-04
1.068735954336196513e-04
9.500849395812130914e-05
8.381015736881055429e-05
8.375642538857095538e-05
9.292794473826141680e-05
9.764304358249256829e-05
9.177708680786040522e-05
8.376283311608468025e-05
8.265944821983701486e-05
8.737635323383885152e-05
9.102592221259989504e-05
8.956596977036146749e-05
8.492380754568902373e-05
8.212765390743755132e-05
8.389746173086479186e-05
8.708260532487544728e-05
8.696803904307114238e-05
8.391302077968393032e-05
8.211265017515216363e-05
8.322550710642090486e-05
8.504063383582788436e-05
8.505720173256288744e-05
8.338973441874623330e-05
8.213880639104266372e-05
8.269129346722281103e-05
8.389605536181708419e-05
8.384117347951964834e-05
8.268610994164095633e-05
8.210760775840210868e-05
8.268078493593009775e-05
8.332674761229426428e-05
8.308948136260452440e-05
8.234944185691217729e-05
8.213019692940613315e-05
8.259749168380381510e-05
1.098748117369871286e-04
8.181027141887070022e-05
7.690984995805403082e-05
8.576833826734795276e-05
7.457457129742689483e-05
6.994616707607146755e-05
7.563206508334231748e-05
7.854670153566274888e-05
7.561477904280717731e-05
7.081836806563088281e-05
7.019324654016184488e-05
7.344051432962557611e-05
7.479458951012259095e-05
7.256763409913314397e-05
7.003614440825760084e-05
7.022496028198130333e-05
7.209824370777604622e-05
7.273890571636877351e-05
7.144710850142534195e-05
6.993212254906908522e-05
7.001259425240896552e-05
7.116291104773174252e-05
7.153175344173770057e-05
7.065986307625037651e-05
6.979742974963318726e-05
6.999000827768264265e-05
7.070161185124787561e-05
7.080672080053569933e-05
7.019677536844268629e-05
6.974442940524751310e-05
6.998397461601159049e-05
7.040930470621659413e-05
7.033738501476415777e-05
6.990606038831239722e-05
6.974723529533513123e-05
7.000356364496812891e-05
7.019124297139034147e-05
7.001092738803354316e-05
6.976173525084352419e-05
6.979849135572933623e-05
6.998650964604748159e-05
6.998346996561041115e-05
6.980648466521004007e-05
6.974361774632096092e-05
6.986118898967414435e-05
6.991981941808131352e-05
6.982042274347709796e-05
6.973756434340786111e-05
6.979266877128631366e-05
6.985734333007626148e-05
1.056885713525355366e-03
3.098260507624446200e-04
1.314642042099745871e-04
3.256337485849290477e-04
4.743424572275978983e-04
4.000569929162319611e-04
2.541841496350575637e-04
1.494864427055510358e-04
1.178494028091735246e-04
1.687218364081551785e-04
2.433495521842471833e-04
2.676865074983403336e-04
2.300301496303684169e-04
1.659224354890868642e-04
1.228665417240652226e-04
1.206713417270445943e-04
1.446484905862254671e-04
1.720210377822199645e-04
1.861267118463502570e-04
1.805236445089904813e-04
1.599337641664508628e-04
1.355883658879476154e-04
1.193693517983274502e-04
1.190296001767370459e-04
1.324956470658471904e-04
1.469119764807296120e-04
1.495290779122919315e-04
1.390337946524806674e-04
1.248738053046420172e-04
1.173613531791475656e-04
1.193228765723207451e-04
1.264206180953419436e-04
1.324012714362121927e-04
1.332518662385757718e-04
1.288305093231013518e-04
1.222252331984108884e-04
1.176341647358283913e-04
1.176917316220914641e-04
1.214375578967386905e-04
1.249769276576057379e-04
1.250043832913385938e-04
1.217481429857644645e-04
1.182220862936025338e-04
1.170608761269115736e-04
1.184205130218702869e-04
1.205151267343863663e-04
1.214405849110068117e-04
1.205490253102972208e-04
1.186476811484213486e-04
1.172277320628909054e-04
1.157646113510933097e-04
1.251278473590050893e-04
1.183286196582450812e-04
1.171455556245979302e-04
1.161744091247727184e-04
1.176142094478478212e-04
1.160319272975737434e-04
1.159945381789575223e-04
1.169288186854964325e-04
1.158705448922652740e-04
1.157810336285627114e-04
1.164944540038242537e-04
1.160215819686815850e-04
1.155877500800961822e-04
1.161171655286072596e-04
1.160739013993182360e-04
1.155887825271073946e-04
1.158431859600519585e-04
1.160555771685121203e-04
1.156841943504478978e-04
1.156415560213010631e-04
1.159337786183783252e-04
1.157592243754443318e-04
1.155787655654911655e-04
1.157788754931958182e-04
1.157802728918474989e-04
1.155843988482747572e-04
1.156724921856445624e-04
1.157464540197427672e-04
1.156059568183873674e-04
1.156049693478298688e-04
1.157018656334643319e-04
1.156281168993494922e-04
1.155827540928707267e-04
1.156561113539165443e-04
1.156193071933029053e-04
1.155773520375300218e-04
1.156282002951382614e-04
1.156092390611054762e-04
1.155766769416518148e-04
1.156244494238858048e-04
1.156006276028177153e-04
1.155788079913833648e-04
1.156138888148680653e-04
1.155931033508059299e-04
1.155787449025287762e-04
1.156047104741768589e-04
1.155877960571130537e-04
1.155774736639730697e-04
1.155951180337346353e-04
6.674128549382641034e-04
2.684217257031913575e-04
1.538886619742723554e-04
2.846263956118202216e-04
3.441798842951688414e-04
2.947800598072417531e-04
2.093040801947473276e-04
1.482101195887921218e-04
1.508394921992507005e-04
2.027400335226440522e-04
2.338486674848784736e-04
2.189873218068543804e-04
1.767298686104599342e-04
1.441848469570021724e-04
1.440039818555883665e-04
1.642161364238882057e-04
1.827275116323855608e-04
1.864692317429569976e-04
1.746746031511401320e-04
1.557612361122240395e-04
1.419542007189888370e-04
1.422913774995846620e-04
1.541134174141538260e-04
1.638409222674951245e-04
1.617551104471457585e-04
1.508437255216467539e-04
1.416189785399686574e-04
1.409884236418183887e-04
1.467264272579351585e-04
1.521735948022181887e-04
1.526910752724345720e-04
1.482330843351082077e-04
1.425764898697043695e-04
1.401609970402562509e-04
1.424000798734406442e-04
1.461469563402051266e-04
1.470902472210853487e-04
1.444130956229314764e-04
1.411052092901784614e-04
1.402325164132141473e-04
1.418637439705258305e-04
1.437438837109606055e-04
1.439101233678478345e-04
1.423267305139810045e-04
1.405806079799362110e-04
1.402464680033989320e-04
1.413232000654867488e-04
1.423242566902091152e-04
1.420570497722655856e-04
1.409134829151762153e-04
3.396287007091393340e-04
3.234207112478390978e-04
3.452757480003574306e-04
3.400979816383151557e-04
3.236078742374386879e-04
3.235703229459437709e-04
3.233469447027157578e-04
3.215777124475963349e-04
3.258280533128249238e-04
3.298355719873606899e-04
3.248901452441202669e-04
3.216138852533635055e-04
3.223831029030394218e-04
3.234895746659583122e-04
3.239167239352883912e-04
3.238442350699322677e-04
3.234430388908044493e-04
3.229010934565306043e-04
3.226622837594208355e-04
3.231658157277381106e-04
3.238880788578823956e-04
3.237791328521666097e-04
3.230598975059146378e-04
3.226643017778177544e-04
3.227730706897754794e-04
3.230377517978495370e-04
3.232362596690186753e-04
3.233175663727669313e-04
3.232911230596705997e-04
3.231550639080559223e-04
3.229373789127258773e-04
3.227193032731330720e-04
3.226691548675343613e-04
3.228577118469716295e-04
3.230497950614755892e-04
3.229708750142531721e-04
3.227436729711006223e-04
3.226557659953120270e-04
3.227253835360820687e-04
3.228377371012210151e-04
3.228903703428566353e-04
3.228544504356326093e-04
3.227638586281518138e-04
3.226743372674028697e-04
3.226632138071280865e-04
3.227423135887603134e-04
3.227856510897400858e-04
3.227426757478104582e-04
3.226736837325279439e-04
3.226620765221436377e-04
7.764854207158313577e-05
8.736342679836741015e-05
7.855590205416970511e-05
7.440083067863010843e-05
7.993566921585667985e-05
7.909923919007381715e-05
7.468544464280921951e-05
7.441612546251173156e-05
7.729306911841572324e-05
7.728695090767339498e-05
7.483279978208426007e-05
7.381433482497211851e-05
7.530950930193614857e-05
7.619341428742056575e-05
7.513230807767644576e-05
7.384797963803566272e-05
7.417959804274359146e-05
7.516235160986836021e-05
7.505228363344672510e-05
7.410651266468080652e-05
7.379941701722362560e-05
7.441201794525388992e-05
7.473717221601026430e-05
7.424830465208575594e-05
7.377396223989738093e-05
7.400039972368642493e-05
7.437912320539658267e-05
7.422139994198201807e-05
7.382461329207267451e-05
7.383458483592488506e-05
7.412755689478271986e-05
7.412872330257087882e-05
7.384845491570315881e-05
7.378283018961085597e-05
7.396993887207678616e-05
7.401047102886112940e-05
7.383959033875653907e-05
7.376935120582305471e-05
7.388533724677236647e-05
7.393428630181203835e-05
7.381929744926419993e-05
7.376578166440015424e-05
7.384218566335537884e-05
7.386902704343009738e-05
7.379557965798456964e-05
7.376718170853878670e-05
7.382744105756828537e-05
7.383248394022879941e-05
7.377711333512291148e-05
7.377013033937847080e-05
1.117897935638125591e-04
1.079708080311613341e-04
1.212467498227879774e-04
1.099103485444554329e-04
1.075652746864985947e-04
1.100145470918076687e-04
1.105582944020867960e-04
1.107447882625117779e-04
1.115839277471521651e-04
1.122088779318082866e-04
1.117990978666666120e-04
1.109936445192200982e-04
1.106109496732736138e-04
1.105541461639644079e-04
1.103882190763639165e-04
1.098067132883319625e-04
1.085207210058744548e-04
1.070333856386586780e-04
1.076326780589632952e-04
1.092951461063059441e-04
1.086124736931327021e-04
1.070714501638175505e-04
1.071569914096451092e-04
1.079872261867520077e-04
1.083897052329388551e-04
1.082066033711418548e-04
1.075586257439809120e-04
1.069354863198912909e-04
1.072322419075580238e-04
1.078985049616341008e-04
1.076172715977148956e-04
1.069804269685532280e-04
1.070106687427713579e-04
1.073977106208029940e-04
1.075300316619382305e-04
1.072932517340230760e-04
1.069668984039315627e-04
1.069421101442335847e-04
1.072262043689892538e-04
1.072762761090499786e-04
1.069929616201796384e-04
1.069075799756976470e-04
1.070664105596747255e-04
1.071566736682796233e-04
1.070530219810461538e-04
1.069098269150225018e-04
1.069444101618277583e-04
1.070838115279543787e-04
1.070780035510847264e-04
1.069487412132606025e-04
3.821553201464510325e-04
6.099699133544142634e-04
3.945012020263437974e-04
4.228350824302914198e-04
4.955207484401860738e-04
5.033000816374976882e-04
4.594318295020047359e-04
4.029915605346863798e-04
3.815798200407690679e-04
4.135571353864052639e-04
4.448803976134347270e-04
4.342474419394004581e-04
4.005718071837880822e-04
3.812241150572592331e-04
3.895797612843702106e-04
4.078204064602998068e-04
4.158359587014495316e-04
4.083708048908554853e-04
3.923917751475523375e-04
3.814440472864192352e-04
3.846827842030861632e-04
3.957255391570575786e-04
4.003155206115339634e-04
3.936139559587580766e-04
3.838894536859747985e-04
3.810672209891108157e-04
3.858648872939987769e-04
3.911638939497945420e-04
3.911832335208787663e-04
3.862896840945330293e-04
3.815770604744440518e-04
3.815468343601493531e-04
3.851605314750426376e-04
3.873137779695901939e-04
3.853806316897451624e-04
3.819719965647738920e-04
3.809619421824251510e-04
3.827546515437441565e-04
3.845405517140430504e-04
3.840996275018737551e-04
3.820993462256656523e-04
3.808933977177866425e-04
3.816304403220840144e-04
3.829304543983225932e-04
3.829267946606523983e-04
3.817070867190082320e-04
3.808980630643376717e-04
3.813208540467676478e-04
3.821095261580276258e-04
3.821270177482910188e-04
1.012545401433071737e-04
1.813231305275063367e-04
1.062086580933183484e-04
1.109473569243429257e-04
1.185914747687584904e-04
1.208372351052789632e-04
1.277790216412202397e-04
1.331911191317673910e-04
1.320138991561414679e-04
1.263150860489978418e-04
1.211841745526938700e-04
1.191999949914204543e-04
1.183273853496537509e-04
1.158064381022143595e-04
1.098936335838709689e-04
1.023781841379770436e-04
1.036564521717007017e-04
1.131929611678853372e-04
1.133697804388066705e-04
1.051138868641751780e-04
1.012100867158142727e-04
1.041324377982141700e-04
1.076170851868734615e-04
1.089266648045451614e-04
1.080142833596341097e-04
1.052270543134126819e-04
1.019768822375139475e-04
1.015609353606947921e-04
1.045196299484230627e-04
1.058034757761663924e-04
1.034014666097205425e-04
1.012802393614303407e-04
1.018875542218738474e-04
1.034369646091927642e-04
1.039463121454566963e-04
1.030804209493744067e-04
1.016692983335454542e-04
1.012525039573145582e-04
1.022429822502180804e-04
1.028837701084343360e-04
1.021213597408467648e-04
1.012545494340978854e-04
1.014369467995282872e-04
1.020772461903739193e-04
1.022122639694632887e-04
1.017128418265522108e-04
1.012258029399546583e-04
1.013798259311284006e-04
1.018096178523183532e-04
1.017486289334340350e-04
2.031144838498879514e-04
3.824253563933033089e-04
2.141366812127158182e-04
2.284325714933039446e-04
2.631213135528010232e-04
2.808874479904763222e-04
2.897849438864025934e-04
2.889308946563198528e-04
2.803607845548510501e-04
2.674319402215975133e-04
2.495031179272299247e-04
2.233769700025329240e-04
2.032875301603946638e-04
2.197736360400309849e-04
2.456068089869110904e-04
2.387444099076615686e-04
2.137633963974377483e-04
2.031001284328171194e-04
2.117036627690984621e-04
2.226731507773457961e-04
2.270394339174713774e-04
2.239080969299283967e-04
2.149234704944450011e-04
2.053236903934729806e-04
2.039183981246228228e-04
2.117211477700497513e-04
2.168115169549152577e-04
2.121746140963202954e-04
2.047799682381403385e-04
2.034635445122098710e-04
2.074207733723398448e-04
2.107635255834875267e-04
2.103202638242742274e-04
2.067253607424750597e-04
2.034269355802598438e-04
2.038176677549910758e-04
2.067819037519529784e-04
2.077370968072150424e-04
2.054119217015416843e-04
2.032163745945512470e-04
2.036376002150602728e-04
2.053120288634551394e-04
2.058755357356724077e-04
2.047479745898273212e-04
2.033219939191743808e-04
2.032485349312029334e-04
2.043493519296413175e-04
2.047944498199788770e-04
2.039186442049199669e-04
2.031054414242939286e-04
3.221016110092702364e-04
4.740451474256947859e-04
3.298028686633415864e-04
3.328851740992240190e-04
3.228164527687560478e-04
3.006609695041437529e-04
3.078090361049731034e-04
3.258259245841812080e-04
3.427936076361656498e-04
3.458911705944260357e-04
3.347927906462786342e-04
3.197603270342640235e-04
3.076519411381226066e-04
3.006739016711496362e-04
3.021445639569225153e-04
3.101367753403316786e-04
3.169445962467543282e-04
3.193478348288481851e-04
3.174479525205358603e-04
3.118516657658204367e-04
3.047413128578668122e-04
3.004230434274962115e-04
3.009152754474383107e-04
3.040840511084002109e-04
3.072111277863826006e-04
3.088152290695170884e-04
3.083608212388067038e-04
3.062037246352298679e-04
3.032645683923345303e-04
3.008299744995679165e-04
3.001394087109477294e-04
3.014628664941593639e-04
3.034151609952773524e-04
3.043030151569008166e-04
3.034766013305072044e-04
3.016965422120260979e-04
3.003344519260292339e-04
3.001973833123971081e-04
3.009880595835703085e-04
3.018762104591745233e-04
3.022297810901705120e-04
3.018878751505532404e-04
3.010960113055627602e-04
3.003449729026407434e-04
3.001094129328492734e-04
3.004596959688244999e-04
3.009838889875158727e-04
3.011799315266508979e-04
3.008877075983352393e-04
3.003944292508521998e-04
9.802781016106814661e-04
2.364948365646858403e-04
5.086952021632345925e-05
2.364611483600375101e-04
3.909987604574539921e-04
3.292676684683600421e-04
1.869561831367299058e-04
7.896673011165040730e-05
3.861779781918854153e-05
8.041716083784743434e-05
1.557909408351651438e-04
1.882501923353434206e-04
1.581995957740921774e-04
9.579886514463650631e-05
4.812804094850593587e-05
4.027766728759377287e-05
6.140228871884411310e-05
8.899710957810914804e-05
1.057315168137141603e-04
1.036747741920898279e-04
8.561687884308711877e-05
6.152501191508350788e-05
4.311233256351524272e-05
3.923322018218106984e-05
5.035255312451260431e-05
6.559236318858107533e-05
7.125491003267929186e-05
6.324373413314995939e-05
4.912579150853999276e-05
3.972891357362131736e-05
3.973809098579483086e-05
4.608842558773216646e-05
5.265077016138168281e-05
5.481214934254045315e-05
5.153306440517334952e-05
4.521429507540805485e-05
3.991225568241032291e-05
3.878686963979454072e-05
4.183818928879666797e-05
4.573417189697139484e-05
4.675652924548380702e-05
4.418425975996354829e-05
4.049898757159918223e-05
3.864210263127962130e-05
3.944264643252081326e-05
4.150313975707373767e-05
4.283465957226180806e-05
4.240527434365762554e-05
4.066970867395281977e-05
3.902783365798189130e-05
