3.087043384279384045e+05
2.498852545199840097e+05
2.110954104591911891e+05
2.508308546767519729e+05
2.391056216916803969e+05
2.152811702291244001e+05
2.121990298658975225e+05
2.212252513513722224e+05
2.286473876725361915e+05
2.295642931883402925e+05
2.245852809411457856e+05
2.169595272882118297e+05
2.115371728783670696e+05
2.123498398596038751e+05
2.178991691068915243e+05
2.208307729162141331e+05
2.176910258713172225e+05
2.127966134983758384e+05
2.110306585696761322e+05
2.126606313141481660e+05
2.151608019292276585e+05
2.162120125539676519e+05
2.152038677398268774e+05
2.129898043223195127e+05
2.112569615820197505e+05
2.113017926683654368e+05
2.128085302777851466e+05
2.138729998683930025e+05
2.132418128956637811e+05
2.117660504759758187e+05
2.110264889202932827e+05
2.114437633083227556e+05
2.122752029286398902e+05
2.126098369490383775e+05
2.121786732556574570e+05
2.114109096848466434e+05
2.110171052908558340e+05
2.112936732392620179e+05
2.118108549324452179e+05
2.118933632228747010e+05
2.114617086491702066e+05
2.110681532404237660e+05
2.110814810137765307e+05
2.113776116259365808e+05
2.115389246022198349e+05
2.114222508232926484e+05
2.111396273501909454e+05
2.110124341472100350e+05
2.111286693290944677e+05
2.112982857238921861e+05
5.294303174394348171e+05
2.583797722179130360e+05
1.703674942923877097e+05
1.634150063493942725e+05
1.780362548846208083e+05
1.933832447245415242e+05
2.048861555349146947e+05
2.126436247307551967e+05
2.176764935166181240e+05
2.209260584777327604e+05
2.229930818456582783e+05
2.243221877572598751e+05
2.251714198078312911e+05
2.257089294724082574e+05
2.260495744808042655e+05
2.262580290214598353e+05
2.263672414726022107e+05
2.264170750445976446e+05
2.264040794692478376e+05
2.263596792016392574e+05
2.262527866824610683e+05
2.260817903249995725e+05
2.258321248250222416e+05
2.254843449997963035e+05
2.250166948773289041e+05
2.243650255258461111e+05
2.234938499869095976e+05
2.223081190785642248e+05
2.207149547016184661e+05
2.185965475902342878e+05
2.158080566049544141e+05
2.121789789989576093e+05
2.075172030562221771e+05
2.016699489544993558e+05
1.945946460751136474e+05
1.864116109034494730e+05
1.776701681680338806e+05
1.694433064646434505e+05
1.634164676916144090e+05
1.614230092641031370e+05
1.643072253512507596e+05
1.707316007900804689e+05
1.767131047576476121e+05
1.784833103158805170e+05
1.754184693681127683e+05
1.697065879565921496e+05
1.646889927464848151e+05
1.618497383677361358e+05
1.615539800684879883e+05
1.629085111102625378e+05
1.456193774713167222e+05
1.392323272474519326e+05
1.427455263207681710e+05
1.443113845691611059e+05
1.446150375633409712e+05
1.440854652383790526e+05
1.428713475111696753e+05
1.410355479517796775e+05
1.390553808389901824e+05
1.386138198748119758e+05
1.406346215064345160e+05
1.422290100465865107e+05
1.406947256187780004e+05
1.387656582658949774e+05
1.386685253033794288e+05
1.396691989476253511e+05
1.404441892064106942e+05
1.407990436558235670e+05
1.406423831687107158e+05
1.399758488562091370e+05
1.391055191192012862e+05
1.385285792317563901e+05
1.387710385415514756e+05
1.396292952123040450e+05
1.398448404901055619e+05
1.392562538177513634e+05
1.386492692804586841e+05
1.385297224737190118e+05
1.388653143796766526e+05
1.392341641271126573e+05
1.393987822408158099e+05
1.391684353968632058e+05
1.387877221527997172e+05
1.385106918683201948e+05
1.385868203992504568e+05
1.390162426929512876e+05
1.392656433823546104e+05
1.389427733424475300e+05
1.385719354834005353e+05
1.385297744789610733e+05
1.387789702246178058e+05
1.389650088122597663e+05
1.389541708273130935e+05
1.387191486603297526e+05
1.385116335068404151e+05
1.385685327347521379e+05
1.387569825942382158e+05
1.388116219186332310e+05
1.387086284089870460e+05
1.385228076051740791e+05
1.831544547084117075e+05
1.679702225674262154e+05
1.617727853374978295e+05
1.520136399573255330e+05
1.346942873953045637e+05
1.091648223365628219e+05
7.799894117124202603e+04
4.644156100887308276e+04
2.167507882533306838e+04
8.605342673499859302e+03
5.082719638329459485e+03
5.547524876944679818e+03
6.696317774506742353e+03
7.585954924685484002e+03
8.148023461413802579e+03
8.491179013344299165e+03
8.712316282317791774e+03
8.873915536068892834e+03
9.010291947531393816e+03
9.139952633386426896e+03
9.269993270947201381e+03
9.402610600870830240e+03
9.537108014621266193e+03
9.670872375771954466e+03
9.801136885338230059e+03
9.925650819814647548e+03
1.004220479818436797e+04
1.014921030909245383e+04
1.024587667118699392e+04
1.033147537728388488e+04
1.040500229706762730e+04
1.046707607998030653e+04
1.051760957092789977e+04
1.055726094085118530e+04
1.058653922574953322e+04
1.060511904966679867e+04
1.061482220755461094e+04
1.061526423629105193e+04
1.060817265710932043e+04
1.059321357153771169e+04
1.057204384357337040e+04
1.054441222567321165e+04
1.051143052329730926e+04
1.047363291902187120e+04
1.043246884512306315e+04
1.038723739426169595e+04
1.033934979262671186e+04
1.028919779709789691e+04
1.023718847386736161e+04
1.018420307873189449e+04
1.569821003638735490e+01
8.617702580560466785e+00
7.262823008995816565e+00
7.575511570669679173e+00
7.678470140159632251e+00
7.271973592209967308e+00
6.471981798615127346e+00
5.678993610110659063e+00
5.411366013805111841e+00
5.629223461187899069e+00
5.885715586372957553e+00
5.977086863279442497e+00
5.895273656549882446e+00
5.647786280792903568e+00
5.247563410518280236e+00
4.802205356620828702e+00
4.593207548920209327e+00
4.834977372613822766e+00
5.279314047089168405e+00
5.462420661758053519e+00
5.247999274912335643e+00
4.861519600669649499e+00
4.615795740581505768e+00
4.630188721060735979e+00
4.791475264401398704e+00
4.945586879922649004e+00
5.016958895026118803e+00
4.993679514290101373e+00
4.888121619910498872e+00
4.740478783768500293e+00
4.618689718562109192e+00
4.600997842554784611e+00
4.685194898960097554e+00
4.782281148694581319e+00
4.794628460906205980e+00
4.714776187268676644e+00
4.623866204664780710e+00
4.593555057769125760e+00
4.625442600619376066e+00
4.674972630733468471e+00
4.699238334634279646e+00
4.684306957711703134e+00
4.644446202014600900e+00
4.604979723485862486e+00
4.593999376940260504e+00
4.615472280979787456e+00
4.643786037187879856e+00
4.648868050671007168e+00
4.628242348850772458e+00
4.601618592155441334e+00
3.311595293700504011e-02
2.042828912141114034e-02
2.034402899391478739e-02
1.810270079136126059e-02
1.236206296507753703e-02
6.455123282724251239e-03
2.980464946865619708e-03
9.751228779981926291e-04
4.485233793515595391e-04
1.741344220933437482e-03
4.044122906496760289e-03
6.041744443232013526e-03
6.719294019011430238e-03
5.933880751318941840e-03
4.280867029114513583e-03
2.511515841999428702e-03
1.160417364877761644e-03
4.866173964963457451e-04
4.582429953207838892e-04
8.307079791346907256e-04
1.340160820569568419e-03
1.811107520775683596e-03
2.152145761197148989e-03
2.322555011398759126e-03
2.314163952355416908e-03
2.143139303751934698e-03
1.844047196389608703e-03
1.464337295981757350e-03
1.062633560439033183e-03
7.083134023922960446e-04
4.727205398255362556e-04
4.053899384021246465e-04
5.044881212208743608e-04
7.060702923230592534e-04
9.088982605986292620e-04
1.021539354984272140e-03
1.002016214522651050e-03
8.689725935918715932e-04
6.840192398594505639e-04
5.186396032285122727e-04
4.223353125762714807e-04
4.074183363918814672e-04
4.541743118109022991e-04
5.275357893578278912e-04
5.935885914787148929e-04
6.293396662666651299e-04
6.258436744241409420e-04
5.872471763221294742e-04
5.275843996142430591e-04
4.660580568119517247e-04
5.791423279795367834e-03
1.213079209407916075e-03
5.113070269836128209e-03
2.137403883217182509e-03
9.246341983882621143e-04
1.948279640786182172e-03
2.866599371514876645e-03
2.493065427480841562e-03
1.484459268986817885e-03
9.166297675381716598e-04
1.242623878924140274e-03
1.898607570805555022e-03
1.856742294891726257e-03
1.259454173561394986e-03
9.147963124743819282e-04
1.060958853555927194e-03
1.387548311638309292e-03
1.507051754378447650e-03
1.315179612498799163e-03
1.023950072049284107e-03
9.103002312019247474e-04
1.051366268189610252e-03
1.235504834087953552e-03
1.209161210611527180e-03
1.022712506873381215e-03
9.107340111212863581e-04
9.637552144052977197e-04
1.076038318906938915e-03
1.106119008698844839e-03
1.025897558776079233e-03
9.292375205460493741e-04
9.170653661815474349e-04
9.842981755749180897e-04
1.028921967093584383e-03
9.898761990919571069e-04
9.248052836761871476e-04
9.127642577573825402e-04
9.517552064983264516e-04
9.806136949720547016e-04
9.623407491965207993e-04
9.226484583103668506e-04
9.100226984266939975e-04
9.331785258833284226e-04
9.528216098996642640e-04
9.398721112772331042e-04
9.148238823857633532e-04
9.109427351564221547e-04
9.269890088002112356e-04
9.360921050342934594e-04
9.256073688129549514e-04
2.304007317953444406e-02
1.026448045962128838e-02
1.802227606168123331e-02
1.792857961900071878e-02
1.290264393123461209e-02
8.910987795553508908e-03
1.064941544985546426e-02
1.392658438722053395e-02
1.276512626404898917e-02
9.687859884731970031e-03
8.835547092565889868e-03
1.024188932131215798e-02
1.153823853485915797e-02
1.139351828393227357e-02
1.009883945942252614e-02
8.911357690186706357e-03
8.985065424679528068e-03
1.000204056423566711e-02
1.042328346293265075e-02
9.713287872778164980e-03
8.885717100477972738e-03
8.860599050323122658e-03
9.401488707164172218e-03
9.739027766861609731e-03
9.510975864231371868e-03
8.998645743264999455e-03
8.762366123375636695e-03
9.011997316236025971e-03
9.326379136189990801e-03
9.243213123786828134e-03
8.904649017286360435e-03
8.763553334682703741e-03
8.925047915931643219e-03
9.104594499292305992e-03
9.061328086134474991e-03
8.863460180758878440e-03
8.761728707731373383e-03
8.859048501621455754e-03
8.976587187053264652e-03
8.930569269388708570e-03
8.799547068152327109e-03
8.767803477823247343e-03
8.846861467322148995e-03
8.898194213495486810e-03
8.848139111963415626e-03
8.772815591355292639e-03
8.774245735661462264e-03
8.831425077856887990e-03
8.843434558436577206e-03
8.793350379597617353e-03
8.619808774856758471e-04
3.061467689341190040e-03
8.982538170312220904e-04
1.180636685539203628e-03
1.932810965966673270e-03
1.671029134031947957e-03
9.941302259089119901e-04
7.355960141578233875e-04
1.113972784041566879e-03
1.393188843426098125e-03
1.156729275058815138e-03
8.005067820737001624e-04
7.517118606233347093e-04
9.534783970939374924e-04
1.097373724053758801e-03
1.028592719039695888e-03
8.386878176040483360e-04
7.278012748376295766e-04
7.973171254162330322e-04
9.239567803756339875e-04
9.246900168375217586e-04
8.088917978823935689e-04
7.288935161033913493e-04
7.610953658287670631e-04
8.350921361111014003e-04
8.515897256512105964e-04
7.954684896574955614e-04
7.351349637321326434e-04
7.369227781472278494e-04
7.845707759311800443e-04
8.036834238801780512e-04
7.686851616144069329e-04
7.306442955234708405e-04
7.349996923072834015e-04
7.640809439824834248e-04
7.733687774498887273e-04
7.516656807839481973e-04
7.288926888734400351e-04
7.327521269937888916e-04
7.515753985046498380e-04
7.543154040512574897e-04
7.377523820474415819e-04
7.269169319940150349e-04
7.341696702284016517e-04
7.445074262823515865e-04
7.416416002897641005e-04
7.305757386016581510e-04
7.273083421893204682e-04
7.343012313359238621e-04
7.384105742079307691e-04
2.984710525929566011e-02
2.861520642606955184e-02
3.353855277661160761e-02
2.684524876121931192e-02
2.042317161840105991e-02
2.433170199868673125e-02
2.747517586266516598e-02
2.284588627413427012e-02
2.027745066516085243e-02
2.224998157994004591e-02
2.427127567738223551e-02
2.387399922748126638e-02
2.175617465755982916e-02
2.029021517597561636e-02
2.120614087086861166e-02
2.271147154369386120e-02
2.213770904903398368e-02
2.061486306941297253e-02
2.037834874076316014e-02
2.125553266592460772e-02
2.178999081176928240e-02
2.134572930220496323e-02
2.051072537471524196e-02
2.031948030998032353e-02
2.090982690774470174e-02
2.121398815914676828e-02
2.073310002612415923e-02
2.028466040204833162e-02
2.045167893933919415e-02
2.081284602423076960e-02
2.080291051948859535e-02
2.045898162662680708e-02
2.027117815013119301e-02
2.046733741188725211e-02
2.065556530418217324e-02
2.050065219426916788e-02
2.028573194418727826e-02
2.033427290257927914e-02
2.049427822493059964e-02
2.048409126999091792e-02
2.032994359029714412e-02
2.027612583466790325e-02
2.038030778393020229e-02
2.042872324677346557e-02
2.033401208367000002e-02
2.027064665727918921e-02
2.032784918339215069e-02
2.037779614850397311e-02
2.033107212343111120e-02
2.027271211427959796e-02
2.456735585490946346e-03
4.925156913205794816e-03
2.773923975703226734e-03
1.645107544007059271e-03
3.179100295629801263e-03
2.666759362144484856e-03
1.654659474186180070e-03
1.884120374203523615e-03
2.447646034083808195e-03
2.454817711858537158e-03
1.975752348290765043e-03
1.620841940517892335e-03
1.800334979906257921e-03
2.151652532467127239e-03
2.015891877363713489e-03
1.677016633275185686e-03
1.640375937835289802e-03
1.836365918786252334e-03
1.946840951042472668e-03
1.838701598114152267e-03
1.657543498254131567e-03
1.624753010729310717e-03
1.756910283130976328e-03
1.817161979190049220e-03
1.706034181443564536e-03
1.613357906960973063e-03
1.653537947856836702e-03
1.730633673204124041e-03
1.726611711102818848e-03
1.652325706285736120e-03
1.611520053619615658e-03
1.652938562096516965e-03
1.694680189093711233e-03
1.662474051674076199e-03
1.615364983547727413e-03
1.623619370246807796e-03
1.658266001996176698e-03
1.659144272785348980e-03
1.626820080349847828e-03
1.611836597187356595e-03
1.632433715257751005e-03
1.645953056974310165e-03
1.627512616981846051e-03
1.611540762876174622e-03
1.621401014095706552e-03
1.633744388490228610e-03
1.626248901842363651e-03
1.612682162887109447e-03
1.615271854448837360e-03
1.625571165301879523e-03
1.414221033696218960e-02
2.570771947651098732e-02
1.247628777199905580e-02
1.441733623124176120e-02
1.844313223099285776e-02
1.783394544691780173e-02
1.430466823620101663e-02
1.174607436064799802e-02
1.335101007471835299e-02
1.565651361250909937e-02
1.433925377883569358e-02
1.206392923672704870e-02
1.195467247219217551e-02
1.325474542943480376e-02
1.397764845523479654e-02
1.343101171118297500e-02
1.225580494696927938e-02
1.170932987155621011e-02
1.234763167018211247e-02
1.305472683308163059e-02
1.269915302699934148e-02
1.190152499955431445e-02
1.175160776424267681e-02
1.220766530332569738e-02
1.252729105403802348e-02
1.232359066047030230e-02
1.186956432627610421e-02
1.171738256551310871e-02
1.200223366111817340e-02
1.222019730296750560e-02
1.202114846332919158e-02
1.173894784366244677e-02
1.175898728475445291e-02
1.196088727035123436e-02
1.201629343073025435e-02
1.185734819415064541e-02
1.171172535492331739e-02
1.176834539784954795e-02
1.189728996285214536e-02
1.187081423002636638e-02
1.174171792732307991e-02
1.171436304033047354e-02
1.179671003644023122e-02
1.183490039995799617e-02
1.177078620532334870e-02
1.170789695993620927e-02
1.173576207753727549e-02
1.178779815622580177e-02
1.176678105667100169e-02
1.171386484783946275e-02
2.677298609486387579e-02
1.508439629087539660e-02
2.414155790235158680e-02
1.556203811927773725e-02
1.239476379126319347e-02
1.628875984947319305e-02
1.825797203093046384e-02
1.552726420382516924e-02
1.258331191389512257e-02
1.281302820578988921e-02
1.496874559998761720e-02
1.553708168596903624e-02
1.388426274055101078e-02
1.238825779290278310e-02
1.260340188802238671e-02
1.378327777633926721e-02
1.419727184113769337e-02
1.337846027708621509e-02
1.241920433942740598e-02
1.237538376021549320e-02
1.305720663055421824e-02
1.342517141366634560e-02
1.300042309090067641e-02
1.238812018062995096e-02
1.231213196567115982e-02
1.271551779919220110e-02
1.296335291940511197e-02
1.272637860176189205e-02
1.234549082149534113e-02
1.229165059225404213e-02
1.254512618667456836e-02
1.269113970425450773e-02
1.252383541298371719e-02
1.229484358329752461e-02
1.229648475612626218e-02
1.246457944888275382e-02
1.252122129977574841e-02
1.238940333565827917e-02
1.226679228759726056e-02
1.230759983017769808e-02
1.241237856994774867e-02
1.240662581769335152e-02
1.230578591990165102e-02
1.226248241433664475e-02
1.232012209948015607e-02
1.236680954949172934e-02
1.232675145469379861e-02
1.226750802283551288e-02
1.227527868038136814e-02
1.232035352153953642e-02
1.943176730097038660e-02
2.383865976097535380e-02
1.970817812504238944e-02
1.499359729201098571e-02
1.863705963782798236e-02
1.922873364568736254e-02
1.605105420710417272e-02
1.515289057048512487e-02
1.707395467650019150e-02
1.765577515295599711e-02
1.613049854613133466e-02
1.499148567696387789e-02
1.571378994938212731e-02
1.665649072990168719e-02
1.620677198462791221e-02
1.518871867672122802e-02
1.510085667354111802e-02
1.579844004178028449e-02
1.600903773463489138e-02
1.544042443008626295e-02
1.499015596541546959e-02
1.524906963854222135e-02
1.564132976349350695e-02
1.548821709818911339e-02
1.507124754506685912e-02
1.503368544257407437e-02
1.532637845794390143e-02
1.539681861622217013e-02
1.514018500847752816e-02
1.498540046186128474e-02
1.513606605442385962e-02
1.526823586562431855e-02
1.514439361725926705e-02
1.499129830625169774e-02
1.504832864078520759e-02
1.516441917806652002e-02
1.511677956885106727e-02
1.499938260768651950e-02
1.501218827486571275e-02
1.509801337847509195e-02
1.508136542695321519e-02
1.499891069569962709e-02
1.500015438501008450e-02
1.505950345530068443e-02
1.505122402080222126e-02
1.499475880773537724e-02
1.499555434213996688e-02
1.503609899024863777e-02
1.502741763808352130e-02
1.498945579387389593e-02
2.261234096326503878e-02
3.839468348433214273e-02
2.536524097279594173e-02
2.409665319618368995e-02
3.005740250902900340e-02
2.489674112848620779e-02
2.153982082858703351e-02
2.433564347072847758e-02
2.630046466056053245e-02
2.466276620426407357e-02
2.200010100695978105e-02
2.192585652007125047e-02
2.392068843126121669e-02
2.417425964025991109e-02
2.245194070595018382e-02
2.152631898818244127e-02
2.236270888606124024e-02
2.325150459534892217e-02
2.289593123626960589e-02
2.186883773945028087e-02
2.156427099585609200e-02
2.223724984161186066e-02
2.262851014659002929e-02
2.210535617922537721e-02
2.155046182754710715e-02
2.172340293407416106e-02
2.216284210091178791e-02
2.213424548358604652e-02
2.171038909971543043e-02
2.153103944674296388e-02
2.179561996913072577e-02
2.197676288853036425e-02
2.176003060019694388e-02
2.153110167175431577e-02
2.162540456573026904e-02
2.180539357666986394e-02
2.174804989531294377e-02
2.156207504012158660e-02
2.154884263981919970e-02
2.168456116489615032e-02
2.169652757062373594e-02
2.156847920508007249e-02
2.153113862507605517e-02
2.161822753036560935e-02
2.164603598257910932e-02
2.156637673208785036e-02
2.152535564059605833e-02
2.158021092311097899e-02
2.160735303116774475e-02
2.155421441103927416e-02
4.138330673605227113e-03
1.998360862516330733e-03
4.610683535696873982e-03
2.917345540425118726e-03
1.258571214852148654e-03
1.288976839273105277e-03
2.527663378210015695e-03
2.549892475315210152e-03
1.525907188938691690e-03
1.044612214652014797e-03
1.297993984195052602e-03
1.767379057683768915e-03
1.937261971876495098e-03
1.674343111889999665e-03
1.263094669898088369e-03
1.045990525062580985e-03
1.171382840926487191e-03
1.456838846372067063e-03
1.516065815381335618e-03
1.287776562145630200e-03
1.073542906352916142e-03
1.065486082304822934e-03
1.199553366599826138e-03
1.308820132189147684e-03
1.286901111352923861e-03
1.164063166871838082e-03
1.057695884696033869e-03
1.058933174574327400e-03
1.145881420398073194e-03
1.199998708302483369e-03
1.152608454159324142e-03
1.069922499641768558e-03
1.044256769397985778e-03
1.083435134211297021e-03
1.127858593661367490e-03
1.126035611464458117e-03
1.083062678736204697e-03
1.046377816915540666e-03
1.051706038207426280e-03
1.083723374327858185e-03
1.096091215871705486e-03
1.073231043466561091e-03
1.046853615503704144e-03
1.046573913459295912e-03
1.064965381472373403e-03
1.074915546107455986e-03
1.064440085349883025e-03
1.047479423923670288e-03
1.043944706672122287e-03
1.054770537066246090e-03
1.177476810801053684e-03
3.286233979352389607e-04
8.861964764032158239e-04
4.950195632120902179e-04
2.690406691862464133e-04
4.697200468006535986e-04
5.818805169729207496e-04
4.588714287661298241e-04
2.917537356638521119e-04
2.930470034544907640e-04
4.176888350101393100e-04
4.369287408267093329e-04
3.332730736580019311e-04
2.659824096088725387e-04
3.052701858802121652e-04
3.663173417047725059e-04
3.628779917919147105e-04
3.050566617370428215e-04
2.660457857352179563e-04
2.890644844927259499e-04
3.282928491449568710e-04
3.207562917948977637e-04
2.811057068659778327e-04
2.662224868977821159e-04
2.875600909050376932e-04
3.063209572868654538e-04
2.956888218218089613e-04
2.719794285199300362e-04
2.671688880652340627e-04
2.832687653569488642e-04
2.912763465349725730e-04
2.786552391905966855e-04
2.661152701044469291e-04
2.704833302414706361e-04
2.806869774594514212e-04
2.795897149221246566e-04
2.695317505403210193e-04
2.658860006959681398e-04
2.722953701260217175e-04
2.760887764152615814e-04
2.708045393534613929e-04
2.657141214740481165e-04
2.681916159872377065e-04
2.722582638413517555e-04
2.705996220916054447e-04
2.663136980984392001e-04
2.663408129282058721e-04
2.694825562553762664e-04
2.694777714697949565e-04
2.664967017035320494e-04
6.829587020847106837e-04
2.965651566994114557e-03
9.021887468895941741e-04
1.349690058521613948e-03
1.889299664140812324e-03
1.092480622968758667e-03
6.612007841434394424e-04
1.014149178970790441e-03
1.328578413528398120e-03
1.207547403473258930e-03
8.476132819347073416e-04
6.593346911391234980e-04
8.365237004051991575e-04
1.045865655154572076e-03
9.598253207486357472e-04
7.324432100746073888e-04
6.649696098444850875e-04
7.825006583537718816e-04
8.860996230344198466e-04
8.496946902659331842e-04
7.259950732047884808e-04
6.592808576714360861e-04
7.163349150392033741e-04
7.941106511062208037e-04
7.732977494619766839e-04
6.909107561481488526e-04
6.604323151022030870e-04
7.032998174577822408e-04
7.437409712990699327e-04
7.262759743771058773e-04
6.772768567885230351e-04
6.604058881128774868e-04
6.899676549100197589e-04
7.129104970903835884e-04
6.931929614939346274e-04
6.632530752292695782e-04
6.644614477056281924e-04
6.860924438433788422e-04
6.915499305986440044e-04
6.736415084322385817e-04
6.594709174120565870e-04
6.673350984113253330e-04
6.800341196294681576e-04
6.754264325031264331e-04
6.620650180148097887e-04
6.607516310627675835e-04
6.699047731953564023e-04
6.724333590470475772e-04
6.645545031691915683e-04
6.592819944809412327e-04
1.196310436329551391e-02
9.944990944027426016e-04
4.930520352178397424e-03
7.838181210838098337e-03
4.663434865332290354e-03
1.739580386072868239e-03
1.007639247878247719e-03
1.962364874994945718e-03
3.510500914484068931e-03
3.878974237817595788e-03
2.816421186638727418e-03
1.580049422824388820e-03
1.015127459333399224e-03
1.168477309195323222e-03
1.743710435264420738e-03
2.264039340945928416e-03
2.306922820154919552e-03
1.881315379090337404e-03
1.348816696738541722e-03
1.030765337245155523e-03
1.037097274972837097e-03
1.289231413438729924e-03
1.565463265176487550e-03
1.635279013976889207e-03
1.455801822891618184e-03
1.187513552621010434e-03
1.015690386895510937e-03
1.014193868655892047e-03
1.137082676143394075e-03
1.270633772612087117e-03
1.310274208452285758e-03
1.232720779960276569e-03
1.102569119467104904e-03
1.009283045921869531e-03
1.002087006672451250e-03
1.065155881938136592e-03
1.135158109916082356e-03
1.151458499367896378e-03
1.104168023555478738e-03
1.035411866476839684e-03
9.961772375817927808e-04
1.005659020625211068e-03
1.043842764396297682e-03
1.073348443188890545e-03
1.069669860902284879e-03
1.038172353551934440e-03
1.005258477946222289e-03
9.943437089749782975e-04
1.008095488165648831e-03
1.029181603649748566e-03
2.982833870811879041e-03
1.243790906542536004e-02
3.374146139872591550e-03
4.695528663437787374e-03
8.778428733627913205e-03
6.918433810056591124e-03
3.819196822725498368e-03
2.961166082690664531e-03
3.936630661221721464e-03
5.360743528498005187e-03
5.620278222064211890e-03
4.591296292219616479e-03
3.433929851347754074e-03
2.947897249637622310e-03
3.265010940892187560e-03
3.981892468478341086e-03
4.327081618566559068e-03
3.960264444596239830e-03
3.322519791829948305e-03
2.964599808774542183e-03
3.041173568999985463e-03
3.368621447298997783e-03
3.627647281683733967e-03
3.596720688817882372e-03
3.324727067012528316e-03
3.043414804825577205e-03
2.946528326011321145e-03
3.062948655327488688e-03
3.250604306401504683e-03
3.315747278531259654e-03
3.201744267554744276e-03
3.029637863757787472e-03
2.946351310796412742e-03
2.991216749639833816e-03
3.092208643017218834e-03
3.145351192025936174e-03
3.104728416421593563e-03
3.013016089747356553e-03
2.950443096626481198e-03
2.960529751250897800e-03
3.016990020707463298e-03
3.053957454867488232e-03
3.033528083359431082e-03
2.980516499608718006e-03
2.947019088747308054e-03
2.956900781268173139e-03
2.989092805553885367e-03
3.005958673804823983e-03
2.990987054591390509e-03
2.961320754672527953e-03
1.198232452404328005e-02
2.382734385068442477e-03
2.967562384862344228e-03
6.210087914582945387e-03
5.176070381865501523e-03
2.786975953907763238e-03
1.634043803872534464e-03
2.093085413724187459e-03
3.239685909075505372e-03
3.732332687609613876e-03
3.216856347603794849e-03
2.273589535125401361e-03
1.664155442028497200e-03
1.713264388445501175e-03
2.185658894350643068e-03
2.594894431208566617e-03
2.591772647429241728e-03
2.220577331329263993e-03
1.797465571392370745e-03
1.608642864689481880e-03
1.729634768813695942e-03
1.993054036636442324e-03
2.139214508571609698e-03
2.046886606850462607e-03
1.813731207797495207e-03
1.634664264531232938e-03
1.625600559370572479e-03
1.747061170644169641e-03
1.865604625071370405e-03
1.874421075892805525e-03
1.774298254499293492e-03
1.654570976173785858e-03
1.607816383329245492e-03
1.653613901650960449e-03
1.729757325124876843e-03
1.756425998719259463e-03
1.711215524346388446e-03
1.641084628633591481e-03
1.607837824079311282e-03
1.629691549212511359e-03
1.672500157966957165e-03
1.689644949266156694e-03
1.666031713038436781e-03
1.626722293577674040e-03
1.607772300839834315e-03
1.620930620799980676e-03
1.645487588603638651e-03
1.652853678829187874e-03
1.636325133362798558e-03
1.614479558022042464e-03
1.715687232995617706e-02
1.384051274804861450e-03
3.291815477742638003e-03
7.741017854832275488e-03
8.666292455211815210e-03
5.937312687795074512e-03
3.085047883134777597e-03
1.510175681096176089e-03
1.353106622302222310e-03
2.600079048171448533e-03
4.104812341171337926e-03
4.181017487963701977e-03
2.940268013825682140e-03
1.712697121312215919e-03
1.242125953497844873e-03
1.427540159980972192e-03
1.917716895566029187e-03
2.389780748134984287e-03
2.602297439163487637e-03
2.468942423122059970e-03
2.085836063993957035e-03
1.643286191077372119e-03
1.322461997555299251e-03
1.242078745771927045e-03
1.414825228209465628e-03
1.697426848880635416e-03
1.851529590356844768e-03
1.752641208061016861e-03
1.502967840680096735e-03
1.296066909566060722e-03
1.237316036620929836e-03
1.308521343164972990e-03
1.428144511086447584e-03
1.513220680076943561e-03
1.517312483255272215e-03
1.444109148074792072e-03
1.337955251320707781e-03
1.256168114911252170e-03
1.238711698975423093e-03
1.284414099517345968e-03
1.348741209153823256e-03
1.375904960239584737e-03
1.345510997116258333e-03
1.286386069388258417e-03
1.243408912699645128e-03
1.239330514015483465e-03
1.265045033243215053e-03
1.294522190719295598e-03
1.305407514405301740e-03
1.291552700427419254e-03
2.145850456428320847e-03
7.199455286741002040e-04
1.688863709572760875e-03
1.040677360454853734e-03
5.777333450590462025e-04
8.878770069747582514e-04
1.141472783632766896e-03
9.617376758514272839e-04
6.522468118253710225e-04
6.009695702801357486e-04
8.057221226933687381e-04
8.969308011301502757e-04
7.504793819137827934e-04
5.929660472395012656e-04
6.103966063855973626e-04
7.253475935551474078e-04
7.643622624355260941e-04
6.855369602579818988e-04
5.919083532184986514e-04
5.916864234192893354e-04
6.629280795078910677e-04
6.903677664973945256e-04
6.371875298941870108e-04
5.821598656789326795e-04
5.915964733710744406e-04
6.349815457164786903e-04
6.453168765067523235e-04
6.107010027022138389e-04
5.792680749224353052e-04
5.891980598096979715e-04
6.168832889184318585e-04
6.166958098356252124e-04
5.906147159434618982e-04
5.777911895065891571e-04
5.914211637682791718e-04
6.050454282275718023e-04
5.973195568125894356e-04
5.809955446905529187e-04
5.795750269957759826e-04
5.912448799964620857e-04
5.945308808474123862e-04
5.844412207034885764e-04
5.776953076372145623e-04
5.829534095599129889e-04
5.888518168972185340e-04
5.852118349439121639e-04
5.785196506111044829e-04
5.791405486363669294e-04
5.841890264983860999e-04
5.839630447226027430e-04
1.419458365707345140e-02
6.328063082127390049e-03
1.278167116137226417e-02
1.226409863688230836e-02
7.950118794385967538e-03
5.014618946903366681e-03
5.687934101020113674e-03
8.656790817144138089e-03
8.364839561210294164e-03
5.856597854964222527e-03
4.769964084486925937e-03
5.409104580767220422e-03
6.482129548338506214e-03
6.975947198187186851e-03
6.585505059894512271e-03
5.673729211732196631e-03
4.906548931059319212e-03
4.853840372457689581e-03
5.495895432996133513e-03
5.971929279949052607e-03
5.644737128224947519e-03
5.006874139464660006e-03
4.771082889122948284e-03
5.000164653757223354e-03
5.329644056468300223e-03
5.433638818083647883e-03
5.241646202418030233e-03
4.931179939573226458e-03
4.770238949898679241e-03
4.885768815672277519e-03
5.103467256823242780e-03
5.128109670158616587e-03
4.939704137125233534e-03
4.782294215942760503e-03
4.803398193578873807e-03
4.923826617082066939e-03
4.990109019270163107e-03
4.936146263414182590e-03
4.824026171815209985e-03
4.769508855793215367e-03
4.818064307006841331e-03
4.890366179554724545e-03
4.883984913108862028e-03
4.812467862087977354e-03
4.769768411740857306e-03
4.793962820732930105e-03
4.837740210873871412e-03
4.842534908466426986e-03
4.805413633816376685e-03
4.772061482187392630e-03
1.334588409247125691e-02
1.208748448149643204e-02
1.085802391240120110e-02
8.163945475927482029e-03
9.890838053106672592e-03
1.046167259859055558e-02
8.954160309224547948e-03
8.183923994574043848e-03
9.171064442517093754e-03
9.577504770756695152e-03
8.678561105470475670e-03
8.165962657130950916e-03
8.663360773939874152e-03
9.071597175359078641e-03
8.725306272543283462e-03
8.214710264186979652e-03
8.294786273683579444e-03
8.690435133407160145e-03
8.643165020990670536e-03
8.266878326721870118e-03
8.190223556868188662e-03
8.437020797746930950e-03
8.522923688709105328e-03
8.314290967274028457e-03
8.162825704803334040e-03
8.283851664282044364e-03
8.407091990701397871e-03
8.299326129964642446e-03
8.166997303596554639e-03
8.222220047108147814e-03
8.320304340629355172e-03
8.273562262107646281e-03
8.172808277344772304e-03
8.191025965541652923e-03
8.265495131995204137e-03
8.240908124166192866e-03
8.169914543154398537e-03
8.182357776307288763e-03
8.232138308228697729e-03
8.214328140359739364e-03
8.166921630646493957e-03
8.177876606947083460e-03
8.211222989764873151e-03
8.193293429206381304e-03
8.163518725271431270e-03
8.178258989330647669e-03
8.196893487872523865e-03
8.178639838483771698e-03
8.162859401427888933e-03
8.178047514608934379e-03
4.469141021990078529e-04
4.047265419647397972e-03
9.368015797097262046e-04
1.366769575203885707e-03
2.049799606033588049e-03
6.040357331180773665e-04
5.114586229897084401e-04
1.177523504017690195e-03
1.363096930860910761e-03
9.453993502015565348e-04
4.331311093200607728e-04
4.543800339020918509e-04
8.974537815871281221e-04
8.841167884923804409e-04
4.853903254349768042e-04
3.647228595308386976e-04
5.656250182292637402e-04
7.224813515709399732e-04
6.451171862010495438e-04
4.397657416457002584e-04
3.564693591782866055e-04
4.868236579545752061e-04
5.873741317760308332e-04
4.826151784277046722e-04
3.608242746472435734e-04
3.893881794812069754e-04
4.795099448151754029e-04
4.893019880659167740e-04
4.109291873829497418e-04
3.539513632543385283e-04
3.920130494325804000e-04
4.457140925495081999e-04
4.166233651857903248e-04
3.602568837547725838e-04
3.647688324494891303e-04
4.043411368038756382e-04
4.086793675420837446e-04
3.731259083851628557e-04
3.537053193651423528e-04
3.758658372570667034e-04
3.927467875732226451e-04
3.725429539949676161e-04
3.536980038344602023e-04
3.646549480974149303e-04
3.789619569241540445e-04
3.705505008835479437e-04
3.550144943034177093e-04
3.580036487844441041e-04
3.697473231046537320e-04
3.659039985241410806e-04
2.960962378391977508e-04
4.766757214493839295e-04
3.054164954672416478e-04
1.678435661295901054e-04
2.956880199745053452e-04
3.009247729686036145e-04
1.910980273924437877e-04
1.773908579072238929e-04
2.389236597455758409e-04
2.550170663095350804e-04
2.084076413993440088e-04
1.684197993005115759e-04
1.857560371348106361e-04
2.205005723485915282e-04
2.099524723927237457e-04
1.756520708531244927e-04
1.694605018127444819e-04
1.903338928088575471e-04
2.012583193978816814e-04
1.873272665432643114e-04
1.692547596283133522e-04
1.710653047571866119e-04
1.855489684172822984e-04
1.865948230340122495e-04
1.732987717905213915e-04
1.672549910275069468e-04
1.746667230222711208e-04
1.808557476328797610e-04
1.760176328157446490e-04
1.681348658514228000e-04
1.687765654962341611e-04
1.748780792677408647e-04
1.748861772623692989e-04
1.691045074431797872e-04
1.673897943300571805e-04
1.711049516207187695e-04
1.727851882235105691e-04
1.696350689885302862e-04
1.671281884503076894e-04
1.689569903086938270e-04
1.709300935866985493e-04
1.692305701363739073e-04
1.671764880574783021e-04
1.680991924047315017e-04
1.695726417619855086e-04
1.687131273590124377e-04
1.672158154600955713e-04
1.676603956955097013e-04
1.687404897191467049e-04
1.681922479671396381e-04
1.052952013247906125e-02
4.139205094088767994e-03
7.170640046416248276e-03
8.156366252894158703e-03
6.529289345992441047e-03
4.623152376386135097e-03
3.981522904406195260e-03
5.052256985296713770e-03
6.033082337189081719e-03
5.468310833820380461e-03
4.362636999220745673e-03
3.959675359906732195e-03
4.316663467818036143e-03
4.835125379517572763e-03
5.032988330275642297e-03
4.797315931397280395e-03
4.335724253650891091e-03
3.994377906066949244e-03
4.027378554574231884e-03
4.345172699492251892e-03
4.541602624438697416e-03
4.385257879320843613e-03
4.086918940396901123e-03
3.957776526364546223e-03
4.055841805635245281e-03
4.219679970022936592e-03
4.278945316232196823e-03
4.189067929185850969e-03
4.037226425812239297e-03
3.958188133410743895e-03
4.011532165361157871e-03
4.114644418741334776e-03
4.134257701111566062e-03
4.051590234720369756e-03
3.969473519141589364e-03
3.967859279253680739e-03
4.023804122664833768e-03
4.062379921669267459e-03
4.042560542687603786e-03
3.988976708785535452e-03
3.958034128624294407e-03
3.976878323368399429e-03
4.012717678503262102e-03
4.016128770958960620e-03
3.984646370860027258e-03
3.959147169224691218e-03
3.965459460535659258e-03
3.987138573530862005e-03
3.994068263714420017e-03
3.978791930796998257e-03
3.327812270008329368e-03
1.621858851413502094e-03
2.673549939852404994e-03
2.365373029970089819e-03
1.620929966588039763e-03
1.536783789888114884e-03
2.000058288951256456e-03
2.065005122176661548e-03
1.706209674577340149e-03
1.460772450116971195e-03
1.578701526053569474e-03
1.787823662644064419e-03
1.797813410066488897e-03
1.621025466650931118e-03
1.468302499376715649e-03
1.501364085714066527e-03
1.633400594018972161e-03
1.664431041052040310e-03
1.561571953370010637e-03
1.465086839220267924e-03
1.481132292048439273e-03
1.557847696377700954e-03
1.582917998869598237e-03
1.528451951405560352e-03
1.465855138774763231e-03
1.467805974532074590e-03
1.516058810280569887e-03
1.533961295114601945e-03
1.497920126143202028e-03
1.460380702512765680e-03
1.467038771240217025e-03
1.497080247702139641e-03
1.503235626069107048e-03
1.478257610585137754e-03
1.457881977913621238e-03
1.466785575774919893e-03
1.485145750253089904e-03
1.482865323385875681e-03
1.464618066390993394e-03
1.457673518403083956e-03
1.468324736054675778e-03
1.476387232478168672e-03
1.469143429278191998e-03
1.458529379028795404e-03
1.459682949295111175e-03
1.467858758052749532e-03
1.468203077364883770e-03
1.460631590099069864e-03
1.457457706187235318e-03
1.462066168189481369e-03
1.100692613141254772e-02
2.785991012729162157e-03
6.914258536401435805e-03
8.494084646714274850e-03
6.164804127398940646e-03
3.570425433633337472e-03
2.451326080071578907e-03
3.458469726123724990e-03
5.159487388650992393e-03
4.865537027961647394e-03
3.325638021867345726e-03
2.479706957090112816e-03
2.678369491747078709e-03
3.317705392274180806e-03
3.801776668161671591e-03
3.812831945349326197e-03
3.391607708894029457e-03
2.831557291165402723e-03
2.476621103967190790e-03
2.548251598033733720e-03
2.938010190869133880e-03
3.188049122232436070e-03
3.009243122835832205e-03
2.641084062816268820e-03
2.452878863571060497e-03
2.529263048439086420e-03
2.718307842988404444e-03
2.836533864514016387e-03
2.797499042258601732e-03
2.641262699919744248e-03
2.489420365238341308e-03
2.455000810310366700e-03
2.548110401540678444e-03
2.651770578882642251e-03
2.643213738819147514e-03
2.540119918494222924e-03
2.457987505636031328e-03
2.463167783124117251e-03
2.523203068384902679e-03
2.566653642630622231e-03
2.552905119674501490e-03
2.498459514337218398e-03
2.454343027892629068e-03
2.457955271562980385e-03
2.495428908762439921e-03
2.517329804754177801e-03
2.497834337076829114e-03
2.462563008331701726e-03
2.449759163533985970e-03
2.465240343127171694e-03
