3.694628026716075093e+07
3.691302503360821307e+07
3.686988308651671559e+07
3.683218326843778044e+07
3.678839343892701715e+07
3.675170968063206971e+07
3.670873068344264477e+07
3.667415648797592521e+07
3.663434935862964392e+07
3.658844541101502627e+07
3.654679146681904048e+07
3.650299926807814091e+07
3.645846989955972880e+07
3.641447459644429386e+07
3.636780148511634767e+07
3.632314731957581639e+07
3.628079175008672476e+07
3.623241324160122871e+07
3.618636404144527018e+07
3.613623404692727327e+07
3.609905930688399076e+07
3.604741687807689607e+07
3.599795486516049504e+07
3.594964667203573138e+07
3.590228925489898771e+07
3.584695634431008995e+07
3.580639386898232996e+07
3.575690850392067432e+07
3.571426906583014131e+07
3.566673665930578113e+07
3.562192578529486060e+07
3.558067480156378448e+07
3.553519769614408910e+07
3.549807808298332989e+07
3.546053743955465406e+07
3.542215951219452173e+07
3.538484889441920817e+07
3.535699591753701121e+07
3.532579881980855763e+07
3.529814475601530075e+07
3.527249108932164311e+07
3.524539972002723813e+07
3.522576436449714005e+07
3.520839746812035143e+07
3.519035105416055024e+07
3.517475781689462811e+07
3.516054794332347810e+07
3.515694361459307373e+07
3.514786042202129960e+07
3.513617500814325362e+07
1.948879276533820160e+17
1.949080680592926720e+17
1.948825077922094720e+17
1.948747123865055360e+17
1.948694334502672640e+17
1.948808466908257600e+17
1.948469336124076800e+17
1.948385348168548480e+17
1.948209857163590400e+17
1.948333976192647680e+17
1.948171284704213760e+17
1.948228488431097600e+17
1.948183170811661760e+17
1.948213953139326720e+17
1.948236112391059520e+17
1.948105194875629440e+17
1.948321383208135680e+17
1.948081717468102400e+17
1.948223340897214400e+17
1.948095488817735040e+17
1.948240654912560640e+17
1.948127480768845760e+17
1.948200268931564160e+17
1.948185877596056000e+17
1.948183716965306880e+17
1.948261454133603840e+17
1.948294664536763520e+17
1.948197341317383360e+17
1.948104281424791360e+17
1.948113357037720000e+17
1.948149054228845440e+17
1.948019809931266560e+17
1.947849938800622080e+17
1.948003794932847360e+17
1.948028591695080320e+17
1.947970853355629120e+17
1.947931825363717760e+17
1.948026711229498880e+17
1.947932117980127360e+17
1.948088859843387520e+17
1.947966504208042880e+17
1.947993867824563200e+17
1.947942524532406400e+17
1.948139156212401280e+17
1.948098518016600320e+17
1.948132005511233920e+17
1.948128497158703360e+17
1.948114086226974080e+17
1.948073617286433280e+17
1.948171402507533440e+17
3.122785606266193359e+12
3.115970643631490234e+12
3.115229633949372070e+12
3.116337864967545898e+12
3.116079610355960449e+12
3.118016171450603516e+12
3.115796880404161133e+12
3.115628238204863770e+12
3.113165286676766113e+12
3.114688596862813965e+12
3.115477521649708008e+12
3.114933345037281738e+12
3.116678716221736328e+12
3.118068186039712891e+12
3.117219086215504883e+12
3.115699056303262695e+12
3.117340817993279297e+12
3.117628486797964355e+12
3.117042810828166992e+12
3.116841885369751953e+12
3.119066827857414062e+12
3.116379638430395996e+12
3.115204753809161621e+12
3.118411018631313965e+12
3.114280700786044922e+12
3.115885703860880859e+12
3.115497308216981445e+12
3.116404217953505859e+12
3.115551859424899902e+12
3.115527332048193359e+12
3.116133068725346191e+12
3.115187780060229492e+12
3.114305036074880371e+12
3.117479551777229004e+12
3.116355158562760254e+12
3.114940372902958008e+12
3.114751128030183105e+12
3.114610893595108398e+12
3.115663892081489258e+12
3.118309240436683105e+12
3.116271883959783691e+12
3.118022884773248535e+12
3.117021237208209473e+12
3.114282159674399414e+12
3.115725233333862793e+12
3.116958104523213867e+12
3.115261896230613281e+12
3.113755512268458008e+12
3.113029315140850098e+12
3.115752342858447266e+12
2.537978566256238770e+12
2.546884428864653809e+12
2.555942239078364746e+12
2.554051316178800781e+12
2.551267582586401367e+12
2.547165170535730469e+12
2.540922474325756836e+12
2.535767276817517578e+12
2.528455760506782715e+12
2.520808296068152832e+12
2.514149962190949219e+12
2.506263160109269531e+12
2.498602038357298828e+12
2.492511273915098145e+12
2.485275285800630371e+12
2.479208007240870117e+12
2.471727339635715820e+12
2.465995687445071289e+12
2.459164839637389648e+12
2.451576047245104980e+12
2.442644517906307617e+12
2.436974873376098633e+12
2.426670525845322754e+12
2.420015871512754395e+12
2.411617708870601074e+12
2.403830252469355469e+12
2.394029748328378906e+12
2.388298248872124023e+12
2.382049489547751465e+12
2.373297019163916016e+12
2.365657955098253418e+12
2.359733715511741211e+12
2.353889111207629395e+12
2.346059936601452148e+12
2.340063978731637207e+12
2.332466622174772461e+12
2.328983823660752441e+12
2.322094382720393555e+12
2.317561569855826172e+12
2.311633535305126953e+12
2.307851962032586914e+12
2.304860844327608398e+12
2.299111096739847168e+12
2.297402102844815918e+12
2.294439836551097168e+12
2.291471401312848633e+12
2.289294082522911133e+12
2.290172786274415039e+12
2.286717074264226562e+12
2.283334065162078125e+12
1.319748078508861084e+11
1.304244870754343872e+11
1.288955547377216949e+11
1.276593602060367279e+11
1.263930753719396210e+11
1.257093532427678528e+11
1.252265201364739380e+11
1.247276200889270630e+11
1.240012617477613831e+11
1.236123014785013428e+11
1.232992707380283203e+11
1.228219294174113770e+11
1.225145369645828400e+11
1.220779658596516113e+11
1.216529035149578552e+11
1.213522663802872925e+11
1.208910540487839355e+11
1.205281960669365845e+11
1.201388805048072815e+11
1.198320328997902527e+11
1.194979772136039276e+11
1.189656058165928955e+11
1.186533621414230804e+11
1.183640835855251770e+11
1.181180757385399628e+11
1.178260151745930328e+11
1.176292445136078339e+11
1.173490703374094543e+11
1.172159501671888428e+11
1.171114015439346161e+11
1.169926679464982300e+11
1.168573048947973633e+11
1.168643001140660706e+11
1.167589547640672302e+11
1.167395280936931000e+11
1.168461358978490906e+11
1.167207994976710052e+11
1.167297729977254944e+11
1.167478366284808960e+11
1.167024941578726349e+11
1.166070765299270325e+11
1.166651889154859924e+11
1.166681257071496277e+11
1.167063228000660553e+11
1.167327954063350983e+11
1.168409369618240051e+11
1.167507888496604309e+11
1.168386299089394226e+11
1.169848938587521210e+11
1.170406507318060150e+11
3.065356653387016678e+10
2.977193627442121506e+10
2.894585200076855469e+10
2.817349041751586151e+10
2.745232146758929443e+10
2.666805199931526184e+10
2.592565334893103409e+10
2.518290618542324829e+10
2.450411382030284119e+10
2.392149628213887024e+10
2.330783339901465607e+10
2.271219936143951035e+10
2.211986204442683411e+10
2.154650128106836700e+10
2.103002864718854141e+10
2.054607888696026611e+10
2.003448877325614929e+10
1.951353833126407623e+10
1.909411837458220673e+10
1.870930740720450211e+10
1.828367202400722885e+10
1.790068767056013489e+10
1.750007862802217865e+10
1.711172714782292557e+10
1.675075039723446274e+10
1.642938340084000015e+10
1.612624221866629791e+10
1.585139815424508286e+10
1.557209431242353821e+10
1.528799697171920586e+10
1.497381980625136566e+10
1.472970455123945618e+10
1.446216489499146080e+10
1.423240372980301476e+10
1.403664961732546616e+10
1.383809776300889587e+10
1.366458142005391121e+10
1.348854041435872650e+10
1.330534527561300087e+10
1.315118374089161682e+10
1.297870141501933289e+10
1.279648828571068001e+10
1.262375476191325188e+10
1.247615312189835739e+10
1.228883473555532455e+10
1.211541420698844910e+10
1.197134613665657425e+10
1.182365349807714653e+10
1.169346687906420517e+10
1.155234604496071243e+10
1.652645693045236111e+09
1.644023697913908720e+09
1.643440519982463360e+09
1.648768956037595272e+09
1.644283590900673389e+09
1.639001296998327017e+09
1.632097603948304415e+09
1.624532630977790356e+09
1.616431324198462963e+09
1.609013492699963093e+09
1.601153308467698574e+09
1.593364865080338955e+09
1.585605003631648540e+09
1.576529472588126659e+09
1.569833938734264851e+09
1.562248839264322042e+09
1.554729028661036015e+09
1.548701403582655191e+09
1.544613873965867996e+09
1.539174486691523790e+09
1.534380367346589088e+09
1.530223974439709187e+09
1.526244985437348843e+09
1.524268991727666378e+09
1.522303421329851627e+09
1.521304389642770290e+09
1.519342628789295673e+09
1.517809227741852283e+09
1.516426194435417652e+09
1.515301720662732601e+09
1.515161039105969429e+09
1.514402835817289114e+09
1.514257181822679996e+09
1.514381787135211706e+09
1.514893480624247551e+09
1.516247806798180103e+09
1.516350082893294334e+09
1.517246940650104046e+09
1.517888095349853039e+09
1.519119667494169950e+09
1.520498244669291973e+09
1.520360028079519272e+09
1.521333933538044453e+09
1.522218990682891369e+09
1.524434715581152916e+09
1.527273742105593681e+09
1.527809477475939512e+09
1.529623132272209406e+09
1.530101391618565083e+09
1.531815939289596081e+09
3.275183970322031975e+08
3.168220958744774461e+08
3.065847798207588196e+08
2.972098938834036589e+08
2.889863331928428411e+08
2.810472579364959002e+08
2.744471235907886624e+08
2.674741456526356041e+08
2.615889921568083465e+08
2.557572519966852069e+08
2.501436578057539463e+08
2.455599880591176748e+08
2.411489826115066111e+08
2.369835377221766412e+08
2.330367266956333518e+08
2.297210523231319189e+08
2.267277877434514761e+08
2.240322701634512246e+08
2.213788300154229403e+08
2.190014477917893529e+08
2.170891890705180764e+08
2.150590137781029344e+08
2.137212197491062284e+08
2.118441933834066987e+08
2.109126361014871597e+08
2.100251586202824712e+08
2.092462871238943338e+08
2.081122144483911395e+08
2.073596972756445408e+08
2.066984900425093174e+08
2.061258905690383017e+08
2.057712383929714561e+08
2.055134216795040369e+08
2.052257872895862758e+08
2.049725907277210951e+08
2.047578205528077185e+08
2.045733048263582289e+08
2.044182342941350341e+08
2.041938590349047184e+08
2.041040340358390212e+08
2.035735713954587579e+08
2.034076368166828454e+08
2.031689803729219735e+08
2.029652344444405138e+08
2.028770387388459444e+08
2.025744120980974436e+08
2.021771314408075511e+08
2.021359265667464137e+08
2.019954947094957232e+08
2.018114313607033491e+08
1.742066519116238356e+08
1.745831675959708691e+08
1.744636168815146089e+08
1.745033000334814787e+08
1.745780815061015487e+08
1.745756802373523116e+08
1.747687174238335788e+08
1.749339258455448151e+08
1.748665739450484812e+08
1.748185977134102583e+08
1.748685232900268435e+08
1.748915895166321397e+08
1.749383965153020620e+08
1.750047942997549772e+08
1.749439854760603011e+08
1.749571424097073674e+08
1.749695782734631300e+08
1.749157787479467690e+08
1.749516119050813317e+08
1.750750874501994848e+08
1.749258842156389356e+08
1.749249557906342745e+08
1.749685470707578063e+08
1.750073262295602560e+08
1.749743168763717413e+08
1.750711406350086331e+08
1.749848475391499996e+08
1.750739608256019950e+08
1.751065768428691328e+08
1.751809195042392313e+08
1.751407100990636647e+08
1.750741436744733453e+08
1.752255633463687003e+08
1.750787416683802307e+08
1.750585676789231300e+08
1.750288218709626496e+08
1.750032805102621913e+08
1.750248467986209393e+08
1.750049256597388983e+08
1.748392060781420469e+08
1.746121202684949636e+08
1.744740525348171592e+08
1.742642294914873242e+08
1.741467403583936095e+08
1.740040392035222650e+08
1.737598955175728202e+08
1.734916012826106846e+08
1.731968415875176489e+08
1.729578923992684484e+08
1.727578295904638767e+08
1.440545975075854063e+08
1.425731703339931965e+08
1.411751987172955573e+08
1.398057178233937323e+08
1.384541604217726290e+08
1.370856067479970455e+08
1.358407907133993208e+08
1.345290531993436813e+08
1.331706549811766595e+08
1.319552223330463618e+08
1.307146167744183540e+08
1.295153065655917078e+08
1.281627483780414760e+08
1.269523112024360597e+08
1.257963542169704139e+08
1.246133161775700152e+08
1.234178920091247261e+08
1.222349162609914392e+08
1.211373957109578550e+08
1.199144856772649884e+08
1.187489650883919448e+08
1.176610974763031453e+08
1.165559889041108340e+08
1.154769951419081986e+08
1.145184529497348368e+08
1.134491398253512383e+08
1.124328594741389304e+08
1.114815198315375447e+08
1.106025617675223947e+08
1.096595304159025848e+08
1.088209178030341417e+08
1.080084596598176658e+08
1.072057690181229860e+08
1.064793227530434430e+08
1.058142168322321326e+08
1.051549092742585540e+08
1.045856835996358991e+08
1.040879965676504970e+08
1.036065217760542780e+08
1.032039613689575195e+08
1.028320270003209710e+08
1.025040944383235574e+08
1.022546860028372407e+08
1.020171747700512260e+08
1.018552259602670521e+08
1.016935816401051283e+08
1.015993335083463490e+08
1.015167475436607748e+08
1.014440627612093687e+08
1.014076566342878491e+08
6.236994430799306929e+07
6.227582832910742611e+07
6.229938379940345138e+07
6.235648888877172768e+07
6.235810421968010813e+07
6.232309174471352994e+07
6.232577793801006675e+07
6.230642664104939997e+07
6.226133828923004121e+07
6.226328192838432640e+07
6.221036825873035192e+07
6.217292673200517893e+07
6.212400911323799193e+07
6.209600286555010825e+07
6.203977049795822799e+07
6.200481456621602178e+07
6.198335174265922606e+07
6.194820884428451955e+07
6.189476332107231766e+07
6.186166063103491068e+07
6.185872855207512528e+07
6.183848034141282737e+07
6.182206867304420471e+07
6.181124936886893213e+07
6.177820210544660687e+07
6.176684878040022403e+07
6.176834907054559141e+07
6.176064553072705865e+07
6.175218350983379781e+07
6.172487028364959359e+07
6.171501152705929428e+07
6.171063521564462781e+07
6.170031455681039393e+07
6.167641828387788683e+07
6.167523260477262735e+07
6.166093237992013991e+07
6.165272270319828391e+07
6.162411753845243901e+07
6.161492901945962012e+07
6.160298581716382504e+07
6.158610959558712691e+07
6.156862027197301388e+07
6.154690019585128874e+07
6.152685188805992901e+07
6.155340061042545736e+07
6.153508241824040562e+07
6.152895713952350616e+07
6.154373110965164006e+07
6.153192578828214854e+07
6.153484761315873265e+07
5.700038023378148675e+07
5.704218990465696901e+07
5.705984268689766526e+07
5.706213613541145623e+07
5.705216119333405048e+07
5.703482515326157212e+07
5.701993267188687623e+07
5.700049828670412302e+07
5.700564862905462086e+07
5.699377742453543842e+07
5.701207750514212251e+07
5.701203907690253109e+07
5.701038755802437663e+07
5.700489083706650883e+07
5.702130572096043825e+07
5.699932825074501336e+07
5.700844396154634655e+07
5.698643735160307586e+07
5.698440487809988856e+07
5.699887745626671612e+07
5.698926045256280899e+07
5.698999315981566906e+07
5.698151611204385012e+07
5.697356743357618898e+07
5.698944767915619910e+07
5.699121685544129461e+07
5.700087673160484433e+07
5.698639438639415056e+07
5.698187530286283791e+07
5.698606033153530955e+07
5.699590530200195312e+07
5.698363535800935328e+07
5.697430550083278120e+07
5.696397721939235181e+07
5.695378673990637064e+07
5.694051714406548440e+07
5.694032118570059538e+07
5.693296597714831680e+07
5.692398347959886491e+07
5.691438065178757906e+07
5.689230569783322513e+07
5.688671140542469174e+07
5.688133978645624220e+07
5.687684376362912357e+07
5.688063486123001575e+07
5.687284351205122471e+07
5.686652427688638121e+07
5.686366688799646497e+07
5.686134057300801575e+07
5.686689177924630046e+07
3.819167548858518153e+07
3.825130165966522694e+07
3.825207646605731547e+07
3.824890660644555092e+07
3.823736212940350175e+07
3.821295591835176945e+07
3.817526110980877280e+07
3.814974432075233757e+07
3.811303400156389177e+07
3.807728060080979764e+07
3.803026824940141290e+07
3.798339605551724881e+07
3.794484656414899230e+07
3.788896214869263023e+07
3.784494473562128842e+07
3.780251007295746356e+07
3.778102156118704379e+07
3.776515773901402205e+07
3.774940048921081424e+07
3.774422757756280899e+07
3.772063656942442060e+07
3.770745075263118744e+07
3.768519057812196016e+07
3.764770631211180985e+07
3.761542039487291873e+07
3.758701989262866974e+07
3.755193561027328670e+07
3.752779373400685191e+07
3.750422086508230120e+07
3.749511576276421547e+07
3.747551355959438533e+07
3.746747457765426487e+07
3.744976373869247735e+07
3.743886161614203453e+07
3.743290887072438747e+07
3.742542543193307519e+07
3.741414955304872990e+07
3.740613859079420567e+07
3.740279712928651273e+07
3.741011036176195741e+07
3.739849262327568978e+07
3.738697311422581971e+07
3.737047099829802662e+07
3.735005870241054147e+07
3.733481401511313021e+07
3.731917718085747957e+07
3.730354911677132547e+07
3.728477592705891281e+07
3.727067820182010531e+07
3.725776552792687714e+07
3.845353804301628470e+07
3.833148723725394905e+07
3.821167900595511496e+07
3.809439468220212311e+07
3.797843476253390312e+07
3.786498803506276757e+07
3.775582511510371417e+07
3.764841820592317730e+07
3.754501041837871075e+07
3.744486880911445618e+07
3.734676921542446315e+07
3.725436347440171242e+07
3.716327210668581724e+07
3.707781348648369312e+07
3.699564889573505521e+07
3.692127692882759869e+07
3.684344008995307982e+07
3.677650355991085619e+07
3.670967765839736164e+07
3.665158156764239073e+07
3.659103986741389334e+07
3.653701982394319028e+07
3.648332049614670128e+07
3.643642249139951169e+07
3.639395364889864624e+07
3.635238106825689971e+07
3.631690805082488805e+07
3.628552663073031604e+07
3.625301053641091287e+07
3.622585235801616311e+07
3.619786539520633221e+07
3.617483973990969360e+07
3.615031093647342175e+07
3.612977545902729034e+07
3.610811060263192654e+07
3.609074448763783276e+07
3.607424579479350150e+07
3.605800006578639895e+07
3.604600688256977499e+07
3.603347744539900124e+07
3.601905771731466055e+07
3.600830365786051005e+07
3.599862729923534393e+07
3.598971554111861438e+07
3.597935835077024996e+07
3.597023481970448792e+07
3.596538733455833048e+07
3.595485922089432180e+07
3.594955025971861184e+07
3.594077386472629011e+07
3.663431371359142661e+07
3.653628451308602095e+07
3.644181142420753837e+07
3.634839706275545806e+07
3.626044706188158691e+07
3.617669274019365013e+07
3.609148609051218629e+07
3.601364616370581836e+07
3.594086792874886841e+07
3.587179477075020224e+07
3.580505806086111069e+07
3.574077368185530603e+07
3.567760387539017200e+07
3.561946975320659578e+07
3.556206728298948705e+07
3.550874782564543933e+07
3.545579001030891389e+07
3.540826238950388134e+07
3.536137515679621696e+07
3.531991247088909894e+07
3.528034854746280611e+07
3.524178389125627279e+07
3.520722117926487327e+07
3.517690143294824660e+07
3.514842543538567424e+07
3.512521330656845868e+07
3.510250484172705561e+07
3.508237656135641783e+07
3.506630817837944627e+07
3.505160504977719486e+07
3.504049902682267874e+07
3.502916300101810694e+07
3.502085317985585332e+07
3.501624276357208192e+07
3.500933384071773291e+07
3.500535584246264398e+07
3.500514020513287187e+07
3.500175590018253028e+07
3.500153040946884453e+07
3.500005721205879748e+07
3.500148897282513976e+07
3.499957368873647600e+07
3.499920090448811650e+07
3.500170701369724423e+07
3.500328194064249098e+07
3.500429254962840676e+07
3.500592990062472224e+07
3.500725262300205231e+07
3.500594422083888948e+07
3.500463187491639704e+07
3.610705224939216673e+07
3.594613029733829945e+07
3.582745180156153440e+07
3.570090616081272066e+07
3.557303103918443620e+07
3.546137628738161922e+07
3.532951943502240628e+07
3.523134678241313249e+07
3.512282487533722073e+07
3.502873530898006260e+07
3.496425430369216949e+07
3.487769737669299543e+07
3.480045225217003375e+07
3.476598112958665192e+07
3.468618176072797179e+07
3.463257592223075777e+07
3.458481990720156580e+07
3.452578511808593571e+07
3.448476743128357083e+07
3.443499541727757454e+07
3.438517665982954204e+07
3.436043690796366334e+07
3.432112137973700464e+07
3.430023381300175190e+07
3.427477889982351661e+07
3.423911213865010440e+07
3.422585051671060920e+07
3.420720351522345841e+07
3.419558838648115844e+07
3.417571050258753449e+07
3.416914597790810466e+07
3.414158042142060399e+07
3.413250341543613374e+07
3.413755042164427042e+07
3.411474034280629456e+07
3.410456029011490941e+07
3.410848401887617260e+07
3.409218724013605714e+07
3.409098652160756290e+07
3.408024616536824405e+07
3.407563050745846331e+07
3.406903836908926070e+07
3.406698273314559460e+07
3.406439673056236655e+07
3.405544880051080883e+07
3.405653029197005183e+07
3.405252202143426239e+07
3.405183234378165752e+07
3.404661812312483788e+07
3.405510457289332896e+07
4.487704604678753763e+07
4.485743798296117783e+07
4.483696572705501318e+07
4.481649813304288685e+07
4.479464872844734788e+07
4.477140431076193601e+07
4.474733781893979013e+07
4.472284952495344728e+07
4.469778093887862563e+07
4.467176386297005415e+07
4.464420648053418100e+07
4.461620760365689546e+07
4.458634689598256350e+07
4.455573586842983961e+07
4.452465324349191785e+07
4.449164205228637159e+07
4.445804127324948460e+07
4.442301266523672640e+07
4.438740984798100591e+07
4.435016300027409196e+07
4.431234694944793731e+07
4.427429623002181947e+07
4.423480256164507568e+07
4.419488729055015743e+07
4.415438351136771590e+07
4.411304061142140627e+07
4.407111121890392900e+07
4.402808051910214126e+07
4.398479754817000031e+07
4.394171765518774092e+07
4.389860200547324121e+07
4.385484853874292225e+07
4.381187351339148730e+07
4.376916820668298006e+07
4.372686418985619396e+07
4.368488108644667268e+07
4.364388651484450698e+07
4.360276078997567296e+07
4.356296785216087848e+07
4.352411604484425485e+07
4.348493444981081784e+07
4.344643362011300772e+07
4.340950992706890404e+07
4.337222323215672374e+07
4.333576849430711567e+07
4.330086029318089783e+07
4.326643756563250721e+07
4.323319301073730737e+07
4.319991217001532018e+07
4.316774286136148870e+07
4.012698972911496460e+07
4.012952520690781623e+07
4.013191799033461511e+07
4.013279822693248093e+07
4.013314566164060682e+07
4.013215118752748519e+07
4.013203334534092247e+07
4.013010026621959358e+07
4.012919488425388932e+07
4.012790530380624533e+07
4.012767538789348304e+07
4.012721836168944836e+07
4.012619462892651558e+07
4.012777979987931252e+07
4.012643046206663549e+07
4.012579542079812288e+07
4.012365289815008640e+07
4.012321650738755614e+07
4.012291875771361589e+07
4.012214045117931813e+07
4.012242448629915714e+07
4.012179186657219380e+07
4.012208116168574244e+07
4.012098938281910121e+07
4.012228616632157564e+07
4.012291011189356446e+07
4.012283053581772000e+07
4.012306990764362365e+07
4.012280477001516521e+07
4.012215376409194618e+07
4.012145467820706964e+07
4.012191356830670685e+07
4.012106481063532084e+07
4.011997620585763454e+07
4.011972967117004097e+07
4.011787990406218916e+07
4.011716942554908991e+07
4.011671585032932460e+07
4.011445844949045777e+07
4.011207594822159410e+07
4.011075398427002877e+07
4.010967270055668056e+07
4.010873589198523760e+07
4.010713532936538756e+07
4.010804169581826031e+07
4.010663620336025953e+07
4.010604687819533050e+07
4.010510993467979878e+07
4.010512887414974719e+07
4.010381385755835474e+07
3.144926154080424085e+07
3.145138806695845723e+07
3.145133577807570249e+07
3.145339727298966423e+07
3.145256293178669736e+07
3.145173075659700483e+07
3.145126350193713605e+07
3.145019276079155505e+07
3.145052830255024135e+07
3.144862278212713450e+07
3.144899666343791038e+07
3.144933912217377126e+07
3.144913901536151022e+07
3.144839288740137592e+07
3.144736239626929164e+07
3.144773739421091601e+07
3.144853935195228457e+07
3.144935669502856955e+07
3.144916982437139377e+07
3.144963524378263950e+07
3.145026713025158271e+07
3.144957054446129128e+07
3.144967903317870572e+07
3.144886899274071306e+07
3.144813887108777463e+07
3.144901553821336105e+07
3.144803798109245300e+07
3.144814145891043544e+07
3.144853076192872226e+07
3.144802110334664211e+07
3.144954817024632543e+07
3.144968741862270236e+07
3.144889142009428889e+07
3.144856997295138985e+07
3.144939242815481871e+07
3.144813171015235037e+07
3.144932921325264126e+07
3.144932421678693220e+07
3.144960382063831389e+07
3.144965475144270435e+07
3.144854765419260040e+07
3.144797683237865567e+07
3.144805950723357126e+07
3.144590429557116702e+07
3.144794800105781853e+07
3.144647177148008347e+07
3.144682430970428512e+07
3.144708905142385885e+07
3.144684453692857176e+07
3.144682473483588547e+07
3.466878502571932226e+07
3.461802057497649640e+07
3.456755092434388399e+07
3.452063326043771952e+07
3.447137711386388540e+07
3.442320225583438575e+07
3.437444385273914039e+07
3.432523100792276114e+07
3.427616524003033340e+07
3.422694710707467049e+07
3.417756829538717866e+07
3.412929643844610453e+07
3.408209278793594241e+07
3.403362807845371962e+07
3.398790562804583460e+07
3.394365737853154540e+07
3.390042732496035844e+07
3.385821374418988824e+07
3.381604120660518110e+07
3.377639883670237660e+07
3.373699028150816262e+07
3.369876719643595815e+07
3.366184289196994156e+07
3.362659410953096300e+07
3.359275712129433453e+07
3.356007858682802320e+07
3.352919296761438251e+07
3.349903838803913444e+07
3.347077771264626458e+07
3.344415520013930649e+07
3.341890210326984897e+07
3.339540720807384700e+07
3.337207718114291877e+07
3.335125988151412457e+07
3.333048086531369761e+07
3.331208482566988841e+07
3.329612461192167178e+07
3.327880479926121980e+07
3.326253051266000047e+07
3.324813228104728833e+07
3.323303193657857180e+07
3.321886455988752469e+07
3.320705276515017077e+07
3.319469097711746395e+07
3.318306348971817642e+07
3.317239412354360521e+07
3.316358893938945234e+07
3.315435659420979768e+07
3.314643925578538328e+07
3.313886915597949177e+07
3.535642791118144989e+07
3.535370909992444515e+07
3.535062029488497972e+07
3.534768114090763032e+07
3.534469339612717181e+07
3.534188549674014747e+07
3.533869794239625335e+07
3.533577108324072510e+07
3.533260519425292313e+07
3.532942451285344362e+07
3.532619579969331622e+07
3.532301305548822880e+07
3.531965819828943908e+07
3.531624434366025031e+07
3.531292874027960002e+07
3.530947480626448244e+07
3.530611195455189049e+07
3.530257150156854093e+07
3.529882880915366113e+07
3.529508998211117834e+07
3.529136223111992329e+07
3.528744443196395785e+07
3.528340763096773624e+07
3.527931427810464799e+07
3.527534986016605794e+07
3.527094312706412375e+07
3.526664588112550974e+07
3.526233815396083891e+07
3.525761771075618267e+07
3.525292595501941442e+07
3.524816301066628098e+07
3.524313855540680140e+07
3.523798712063637376e+07
3.523287084142557532e+07
3.522743621178671718e+07
3.522200745072190464e+07
3.521624874945035577e+07
3.521070843857769668e+07
3.520481204473732412e+07
3.519890167079955339e+07
3.519301207188746333e+07
3.518683551425367594e+07
3.518068226752252132e+07
3.517443620921063423e+07
3.516839719688130915e+07
3.516226048421764374e+07
3.515612866935369372e+07
3.515005557182551920e+07
3.514382389696583897e+07
3.513802636878010631e+07
2.924899781832466274e+07
2.922716638400386274e+07
2.920497271620505676e+07
2.918285454230595380e+07
2.916073575328508392e+07
2.913846332930221036e+07
2.911606001647398993e+07
2.909347890798235685e+07
2.907059987968116999e+07
2.904775863165297359e+07
2.902478579550942406e+07
2.900134868934061006e+07
2.897803580096679926e+07
2.895434953047506511e+07
2.893130331012877449e+07
2.890796699051313102e+07
2.888411068826161325e+07
2.886019293200963363e+07
2.883727733769622818e+07
2.881409380303364992e+07
2.879088639343219250e+07
2.876779468267817050e+07
2.874487357961660624e+07
2.872177247384493053e+07
2.869929432438406721e+07
2.867655479089252278e+07
2.865421137953797728e+07
2.863224323376659304e+07
2.861047390263973549e+07
2.858888805893602595e+07
2.856746783257496357e+07
2.854646125173808262e+07
2.852590898340596631e+07
2.850593638500530273e+07
2.848584182120352983e+07
2.846648159613165259e+07
2.844837512374874204e+07
2.843010579755422100e+07
2.841222004243309051e+07
2.839548977901009470e+07
2.837885624590905011e+07
2.836271291314324364e+07
2.834717758790490776e+07
2.833248271421663463e+07
2.831807914900619537e+07
2.830397117363209277e+07
2.829058526340221614e+07
2.827772685336797312e+07
2.826543361925865710e+07
2.825378738306293264e+07
3.210624739832737297e+07
3.210525441090694815e+07
3.210460077506487817e+07
3.210384416294915974e+07
3.210376293546497822e+07
3.210345740649022907e+07
3.210334899862392247e+07
3.210389263721878827e+07
3.210382275146217272e+07
3.210423197686154395e+07
3.210423570608156174e+07
3.210445167824862525e+07
3.210452134391802549e+07
3.210450830443842709e+07
3.210432091578328237e+07
3.210437396841900796e+07
3.210428449321964383e+07
3.210407792804905027e+07
3.210389555643675476e+07
3.210375625827264413e+07
3.210360266820921004e+07
3.210362307523454353e+07
3.210353004368754476e+07
3.210362329928466678e+07
3.210350821296126395e+07
3.210363827928649262e+07
3.210350021483167633e+07
3.210346620830249414e+07
3.210348989527554810e+07
3.210358723714580387e+07
3.210368395135146379e+07
3.210370981294919178e+07
3.210356691468127072e+07
3.210349012699305266e+07
3.210366510721436888e+07
3.210365903038759157e+07
3.210356814273761213e+07
3.210343434495224059e+07
3.210343938028670102e+07
3.210326864482900128e+07
3.210339495876592770e+07
3.210348437968084961e+07
3.210366373005655408e+07
3.210378991882988811e+07
3.210343995058577508e+07
3.210365641475570202e+07
3.210368592003747076e+07
3.210354893294248357e+07
3.210370087422547489e+07
3.210357016430640966e+07
3.264545908774407580e+07
3.264338598040960729e+07
3.264137344947855175e+07
3.263935394518778473e+07
3.263758361145924404e+07
3.263574562607285380e+07
3.263391645255081728e+07
3.263214083624517918e+07
3.263058544398874044e+07
3.262900565843266621e+07
3.262765322566185892e+07
3.262632287603255734e+07
3.262513992215726897e+07
3.262387920563697070e+07
3.262288358196257427e+07
3.262191286536277086e+07
3.262094311286372691e+07
3.262017175242134929e+07
3.261951264781956375e+07
3.261888125801102817e+07
3.261837506168847159e+07
3.261798594723158702e+07
3.261772914041107893e+07
3.261743332698385790e+07
3.261721310421746597e+07
3.261713461219397187e+07
3.261703331810032949e+07
3.261712318122455478e+07
3.261710479797262698e+07
3.261713284372186661e+07
3.261716131877090037e+07
3.261719784065952525e+07
3.261719588469360769e+07
3.261738891569089144e+07
3.261732719142444432e+07
3.261735253013372049e+07
3.261735690845276788e+07
3.261747083345179260e+07
3.261750287115292624e+07
3.261739255758634210e+07
3.261750088613685966e+07
3.261729682866272703e+07
3.261737211498087645e+07
3.261749057380803674e+07
3.261733394537246972e+07
3.261732431616506726e+07
3.261709296052289754e+07
3.261719937444861606e+07
3.261719228608796000e+07
3.261708625498328358e+07
3.671229236972153932e+07
3.670788464484358579e+07
3.670431080486991256e+07
3.670100389738543332e+07
3.669827452244973183e+07
3.669618587507156283e+07
3.669440355948317796e+07
3.669339187318374217e+07
3.669259691628773510e+07
3.669230186432811618e+07
3.669228808877581358e+07
3.669243702500365674e+07
3.669279601148943603e+07
3.669315195676408708e+07
3.669338340211766958e+07
3.669374772829293460e+07
3.669397310544255376e+07
3.669414582664091140e+07
3.669420014420591295e+07
3.669382008507671952e+07
3.669369666677240282e+07
3.669348571325076371e+07
3.669329587700334191e+07
3.669292905221725255e+07
3.669263602120136470e+07
3.669255556509975344e+07
3.669250773982928693e+07
3.669233521808212996e+07
3.669223266326518357e+07
3.669237005480885506e+07
3.669234726460784674e+07
3.669236919871681184e+07
3.669247737569616735e+07
3.669244368505553901e+07
3.669255836912238598e+07
3.669253209589647502e+07
3.669257479323635995e+07
3.669271898560139537e+07
3.669244839258764684e+07
3.669252116494344175e+07
3.669237671089653671e+07
3.669240521063481271e+07
3.669236322358700633e+07
3.669230828006350994e+07
3.669228812175113708e+07
3.669225363363355398e+07
3.669220915947298706e+07
3.669223362001620233e+07
3.669230885459189117e+07
3.669224963647720963e+07
3.621569907101288438e+07
3.621463141843843460e+07
3.621433390847724676e+07
3.621388243689676374e+07
3.621380319426479936e+07
3.621407087333751470e+07
3.621402804465250671e+07
3.621418270779228210e+07
3.621380873678630590e+07
3.621392600825589150e+07
3.621397909950201213e+07
3.621392545620854944e+07
3.621383672871550918e+07
3.621398717597118765e+07
3.621401664883007109e+07
3.621406997328279912e+07
3.621394512206681073e+07
3.621399783467312902e+07
3.621398626266862452e+07
3.621396752937378734e+07
3.621389795281422138e+07
3.621394367447280884e+07
3.621377602675931156e+07
3.621389018793754280e+07
3.621394092376903445e+07
3.621394073061612248e+07
3.621396889822916687e+07
3.621389471334098279e+07
3.621398474607883394e+07
3.621395624574313313e+07
3.621393177046118677e+07
3.621387184221865237e+07
3.621379895341774821e+07
3.621392904585932195e+07
3.621386236831323802e+07
3.621386030340436846e+07
3.621391382068841159e+07
3.621397195450501889e+07
3.621401856920988858e+07
3.621395372533145547e+07
3.621390692285920680e+07
3.621392322436808050e+07
3.621392092558058351e+07
3.621382890942632407e+07
3.621392942072132230e+07
3.621392324081079662e+07
3.621391618617385626e+07
3.621389800368278474e+07
3.621401639120839536e+07
3.621379609704092145e+07
3.096678142182147503e+07
3.095962983450830728e+07
3.095254864154189453e+07
3.094548069233746082e+07
3.093837828638885915e+07
3.093129611235943437e+07
3.092431705509840697e+07
3.091723479303742200e+07
3.091024120141243562e+07
3.090331221894998103e+07
3.089641207649450749e+07
3.088954402151291445e+07
3.088280596372365579e+07
3.087607498118365183e+07
3.086941613735303655e+07
3.086286772535862774e+07
3.085632778619046509e+07
3.084986699006480351e+07
3.084356930249323696e+07
3.083729972944710031e+07
3.083117410170451552e+07
3.082508148894064873e+07
3.081909885176051781e+07
3.081318216248921305e+07
3.080752652695011720e+07
3.080182755240678415e+07
3.079637107837502658e+07
3.079100007031803578e+07
3.078571718815366179e+07
3.078057250019008294e+07
3.077567249915880710e+07
3.077074396666924283e+07
3.076608029555585608e+07
3.076150924886608496e+07
3.075708626790447533e+07
3.075274784625846520e+07
3.074860456273756176e+07
3.074460422775282711e+07
3.074067842521933094e+07
3.073700749971064925e+07
3.073334565826631710e+07
3.072981053208760172e+07
3.072646890913736075e+07
3.072325825414749607e+07
3.072017454317338392e+07
3.071715988770747185e+07
3.071433662004616857e+07
3.071159143637873232e+07
3.070899001771668345e+07
3.070644554687134176e+07
2.997693800101580471e+07
2.996326472449500114e+07
2.994914876542065293e+07
2.993532465765998513e+07
2.992089799408030137e+07
2.990655287338490039e+07
2.989202766216740012e+07
2.987719386079718918e+07
2.986249298882542551e+07
2.984745624521541595e+07
2.983245708488766104e+07
2.981717932270643860e+07
2.980185471583832055e+07
2.978625028876706213e+07
2.977047941688099504e+07
2.975471788804194704e+07
2.973876663933385164e+07
2.972274463717813045e+07
2.970656299773653597e+07
2.969016503289008141e+07
2.967387921571569145e+07
2.965727453834098205e+07
2.964062440556142479e+07
2.962404782212679088e+07
2.960718230965555459e+07
2.959030752603009716e+07
2.957323696154339612e+07
2.955621125937169790e+07
2.953913655247626826e+07
2.952198069480388612e+07
2.950468123866098002e+07
2.948765329798109829e+07
2.947042166178356856e+07
2.945306278609205410e+07
2.943589382466718554e+07
2.941873608408232033e+07
2.940144974052181095e+07
2.938444638926958293e+07
2.936741909366152063e+07
2.935043913079824299e+07
2.933358649924539775e+07
2.931681407215366885e+07
2.930010912881786376e+07
2.928371330900703743e+07
2.926731378270372376e+07
2.925114402124201879e+07
2.923511183013530821e+07
2.921940193419840932e+07
2.920384979955120012e+07
2.918852880374627560e+07
2.668136720322638378e+07
2.667988115781300887e+07
2.667874310796013102e+07
2.667783551188287511e+07
2.667729365493569523e+07
2.667685388821901381e+07
2.667669128728478402e+07
2.667681128375388309e+07
2.667699724794749916e+07
2.667721186675133556e+07
2.667742721327672526e+07
2.667747277263493091e+07
2.667749622710750252e+07
2.667739821081347764e+07
2.667714284038939327e+07
2.667709921598421410e+07
2.667692465845078230e+07
2.667682022546746582e+07
2.667667171213965118e+07
2.667668286160897464e+07
2.667661789878826961e+07
2.667676229697670043e+07
2.667675513261500373e+07
2.667688007193939388e+07
2.667682833391063660e+07
2.667689317771525681e+07
2.667680552801246569e+07
2.667682230966898054e+07
2.667686753722752631e+07
2.667676690847966447e+07
2.667674933343344927e+07
2.667671738089673966e+07
2.667677553913857788e+07
2.667673397486755997e+07
2.667676064152241498e+07
2.667675586138163134e+07
2.667670382219440490e+07
2.667669298399523646e+07
2.667679893313955888e+07
2.667671606295857206e+07
2.667680136641979590e+07
2.667682032387682796e+07
2.667681005977396294e+07
2.667671892612559348e+07
2.667679632751751691e+07
2.667669022166415676e+07
2.667670710813648254e+07
2.667675191818185151e+07
2.667669954378367588e+07
2.667670587458216026e+07
3.499056365179282427e+07
3.498848414193959534e+07
3.498623002139532566e+07
3.498395313694030046e+07
3.498146838300105929e+07
3.497895946686254442e+07
3.497628467071997374e+07
3.497343834775543213e+07
3.497069747890447080e+07
3.496778485483033955e+07
3.496470601184123009e+07
3.496150266292035580e+07
3.495834229558990151e+07
3.495509633148990571e+07
3.495173271139915287e+07
3.494842203429320455e+07
3.494502591546665132e+07
3.494160980597425997e+07
3.493805643981247395e+07
3.493443979803830385e+07
3.493094461551196128e+07
3.492739741220615804e+07
3.492390978100254387e+07
3.492045553530481458e+07
3.491691158761174232e+07
3.491346775392114371e+07
3.491000928081516176e+07
3.490669595780507475e+07
3.490331473985378444e+07
3.490003094791010022e+07
3.489686501629665494e+07
3.489378325158545375e+07
3.489074747949926555e+07
3.488776252071092278e+07
3.488493117473013699e+07
3.488215137666960061e+07
3.487945415468003601e+07
3.487688646124450117e+07
3.487443688722761720e+07
3.487208694416391104e+07
3.486978503846454620e+07
3.486759284498976171e+07
3.486546849195892364e+07
3.486354540160212666e+07
3.486164309854651242e+07
3.485978196273422986e+07
3.485807330407194793e+07
3.485640821875501424e+07
3.485484560627381504e+07
3.485339999120238423e+07
