7.104764876822551014e+05
2.619266481177055539e+04
4.751612590922885829e+03
1.016035495515112984e+03
2.822247412081578659e+02
9.052643643929062023e+01
3.165919335729206452e+01
1.236056494037954501e+01
5.276741450508808384e+00
2.345827922500150819e+00
1.045216716070533458e+00
4.601748188461635691e-01
2.023323461275404467e-01
8.885407173761422639e-02
3.890696360930245845e-02
1.765675590015589394e-02
9.230505953132555480e-03
6.216734674702015413e-03
5.338696936381870026e-03
5.302194342385338488e-03
5.664627418221428179e-03
6.295660968716240702e-03
7.156208004309192600e-03
8.222621862758324254e-03
9.466390937706334330e-03
1.085308571056513120e-02
1.234563183009001856e-02
1.390794264316397820e-02
1.550718541343315549e-02
1.711557640904412189e-02
1.871030700206672420e-02
2.027327149355381136e-02
2.179061055726382035e-02
2.325244426282880097e-02
2.465108864956239848e-02
2.598233844622167832e-02
2.724277920189423913e-02
2.843177266615980192e-02
2.954890654133760994e-02
3.059539886661263863e-02
3.157252667930486589e-02
3.248282259563605584e-02
3.332862437619113494e-02
3.411334270143077940e-02
3.483930990362112123e-02
3.551031521691170451e-02
3.612902504559494660e-02
3.669903731746562703e-02
3.722334435890198995e-02
3.770488264901220715e-02
5.950179118980735739e-03
3.114707971520018839e-02
1.615733083117344227e-03
8.881639060722375245e-03
1.599928236966223841e-02
2.487072274300543284e-02
2.067733664325536666e-02
1.341605212686382449e-02
9.166062738351812844e-03
4.628778423017287924e-03
1.610257089907134610e-03
4.183884675867784175e-03
9.450220839607699833e-03
1.095712083409207567e-02
6.792540302120508855e-03
2.840998859627276007e-03
1.633265185836983886e-03
3.111222040670260855e-03
5.031310930857904422e-03
6.115234557009508604e-03
6.253492356480762696e-03
5.527843255738898107e-03
4.058864159645273265e-03
2.366049757049618583e-03
1.606367858669530699e-03
2.324243566997453471e-03
3.556850977261748377e-03
4.035548772636017578e-03
3.355581706165142696e-03
2.223115247157379532e-03
1.615998232994708596e-03
1.899515352763475606e-03
2.555467346519220070e-03
2.911829530001503515e-03
2.722849761009344359e-03
2.158080066823350393e-03
1.675226646038934300e-03
1.671152926747013516e-03
2.041211669053983897e-03
2.321620599132861312e-03
2.217045196927982121e-03
1.860840452392763331e-03
1.618048998017115100e-03
1.683709651813647141e-03
1.906661609911578957e-03
2.016340555201846015e-03
1.908519269321765424e-03
1.703357229658753781e-03
1.606039638201069543e-03
1.687107114553317976e-03
8.794875690985937480e-03
1.636088432885086652e-01
3.839483166295490271e-03
1.339259975872019240e-02
1.410364069352051247e-02
1.543703344532614333e-02
1.883042701532625096e-02
2.036173423050830975e-02
2.000862477437563916e-02
1.914069614132962033e-02
1.832232422914491232e-02
1.746375955407077768e-02
1.641982774004579690e-02
1.519977851469171172e-02
1.390693062257880759e-02
1.264813575336799778e-02
1.149170246745184407e-02
1.046512395109276509e-02
9.568742881551274559e-03
8.789359803070297822e-03
8.109445115311579577e-03
7.510933675341312406e-03
6.977460677738884544e-03
6.495145947169995125e-03
6.053163560762461932e-03
5.643440206019178715e-03
5.260678666132607810e-03
4.901569959624524526e-03
4.564399734956520356e-03
4.248401662656065177e-03
3.953444581007630430e-03
3.679480139738715121e-03
3.426495590103920911e-03
3.194361914849258143e-03
2.982670003813313580e-03
2.790722351134906562e-03
2.617677775708188333e-03
2.462441564575956407e-03
2.323790967818028901e-03
2.200392563266490541e-03
2.090912938241686059e-03
1.994026332564030873e-03
1.908406110681174373e-03
1.832843092106614885e-03
1.766175829055464507e-03
1.707361163441455804e-03
1.655466810989068838e-03
1.609611867352944399e-03
1.569060237402163192e-03
1.533146307479298304e-03
4.416476637078058727e-04
2.717779269323837240e-04
1.899029875537357128e-04
2.177185392292539591e-04
2.465463468611533461e-04
2.512864194983941172e-04
2.449855554542753754e-04
2.239156301090944995e-04
1.949672033310749237e-04
1.882386575688950285e-04
2.011544512348518846e-04
2.152781835010082333e-04
2.173843165203222043e-04
2.075999388148892072e-04
1.949361988122109350e-04
1.877049855685557125e-04
1.900290932835624943e-04
1.984573566011151469e-04
2.029998747466272777e-04
1.995418245569011845e-04
1.920718242307555446e-04
1.875642226416707333e-04
1.885615093962855282e-04
1.923620813178070470e-04
1.952031887613581824e-04
1.949360781140048937e-04
1.920176452383170421e-04
1.887087419606477026e-04
1.873452944025766201e-04
1.886818627149373082e-04
1.909847283534754593e-04
1.916293133952975242e-04
1.900356096781827687e-04
1.880024527785518411e-04
1.873626184856986903e-04
1.882157394397306234e-04
1.893749414861857451e-04
1.896947711678168501e-04
1.889643724522193096e-04
1.878718736850221063e-04
1.873465803290051928e-04
1.877307830665504522e-04
1.884533042067014887e-04
1.886342060631116121e-04
1.881028574441188765e-04
1.874815616614856884e-04
1.873719413320075737e-04
1.877167658725883200e-04
1.880480347792739832e-04
1.880103544907065481e-04
9.034020898538015721e-04
3.476251562757539000e-04
1.260142888512733343e-04
2.187585897386582119e-04
3.689811162724670741e-04
3.862248483304336856e-04
2.903109998690879198e-04
1.935097849922791532e-04
1.361085687809021161e-04
1.304824855883789569e-04
1.737755678624255755e-04
2.218785134214184499e-04
2.363696596198415218e-04
2.128711478346690419e-04
1.698255895618505055e-04
1.351154784478864762e-04
1.261288509795000651e-04
1.382669939950897497e-04
1.574916619319599012e-04
1.718275147372140001e-04
1.744397882928163594e-04
1.651282869008849482e-04
1.491770973834486477e-04
1.339731822943653527e-04
1.261356598943094817e-04
1.288020308675798047e-04
1.386265835087016271e-04
1.471166468336568191e-04
1.476220685984144148e-04
1.403735823758224858e-04
1.312079115362291401e-04
1.261425917247476641e-04
1.269780366168653588e-04
1.313355486953047429e-04
1.354634004954421490e-04
1.367119673706909569e-04
1.345672938399787035e-04
1.304859022064559012e-04
1.269213368529321581e-04
1.258515447437521802e-04
1.274756176936998138e-04
1.300352330214483531e-04
1.312324903108919646e-04
1.301359628835862051e-04
1.278201626944641353e-04
1.260960995704595369e-04
1.259579510289029005e-04
1.270342723235695279e-04
1.281905854743343553e-04
1.284956433681963734e-04
8.829125122514859319e-05
1.814512042326094565e-04
9.470907685808865027e-05
1.055337407332990467e-04
1.313193095603299191e-04
1.347427923424024420e-04
1.214904912644550368e-04
1.000815068405152967e-04
8.776997017488017685e-05
1.006799287108146754e-04
1.133254007611520642e-04
1.052630809460355173e-04
9.095476243930588744e-05
8.858957436414650985e-05
9.571649558641724404e-05
1.013956481188448211e-04
1.010497645046335910e-04
9.546235713512869585e-05
8.923638522374855461e-05
8.828717209705971044e-05
9.308470729551732614e-05
9.600720586167219559e-05
9.298569236833217335e-05
8.862011116851902653e-05
8.811131867772157829e-05
9.061591448439142290e-05
9.242071949651529050e-05
9.168082541837944228e-05
8.927597445351665871e-05
8.778228009857219215e-05
8.876883226378059870e-05
9.049074424122245186e-05
9.026397657852720563e-05
8.853899583820910705e-05
8.777803009430985544e-05
8.860038591310156315e-05
8.951996708089308963e-05
8.932456191386876150e-05
8.831096116482259144e-05
8.777136491264282453e-05
8.826934867554144719e-05
8.886875723651893534e-05
8.859547472107232220e-05
8.792385045474027322e-05
8.782495682861291464e-05
8.825027692751793529e-05
8.848188034089456513e-05
8.818423205459812017e-05
8.781049890565852697e-05
8.784915484149794602e-05
2.090655719341967035e-04
1.824429344439969789e-04
1.602869325199722007e-04
1.817641237290342372e-04
1.891170305699789336e-04
1.780299909794279788e-04
1.645013784085708110e-04
1.581478205907587298e-04
1.651773929329757831e-04
1.726721026639995511e-04
1.721127527537448434e-04
1.652280970044748306e-04
1.588035092436955020e-04
1.591685125578874141e-04
1.631221515896825937e-04
1.659380334728701150e-04
1.657623463336304920e-04
1.630186029435542051e-04
1.596141509835859108e-04
1.581492136895926929e-04
1.599167311703786289e-04
1.623303920922653117e-04
1.622614708536939765e-04
1.600002313711608773e-04
1.582526231117233268e-04
1.585836782261767271e-04
1.599268872031067842e-04
1.606762753514705787e-04
1.602284678144107969e-04
1.590350258472925386e-04
1.581837221531767756e-04
1.584690907459069403e-04
1.593506188397292680e-04
1.595808047097637089e-04
1.588939354513952849e-04
1.582144269901598096e-04
1.582679963330620545e-04
1.587715420456312955e-04
1.590372846362757601e-04
1.587859722784660903e-04
1.583201193190265173e-04
1.581469541269414224e-04
1.583990206927613192e-04
1.586604190887754852e-04
1.585495032369334777e-04
1.582453750478015177e-04
1.581485775200624437e-04
1.583078616386706240e-04
1.584529004616588572e-04
1.583889616275701369e-04
6.351052310692552674e-04
2.153084037098060830e-04
7.682124586103967253e-05
1.769667543736470449e-04
2.658363133775310449e-04
2.539168730019074989e-04
1.837812609925345447e-04
1.156614411841782773e-04
7.518295558177997726e-05
8.429388105872124767e-05
1.308145117854853405e-04
1.588824801471767391e-04
1.455781079705566975e-04
1.075390744672902595e-04
7.723456220311552276e-05
7.344835400500035450e-05
8.770087941816363374e-05
1.041784486597006909e-04
1.128776974073097012e-04
1.103884519407129900e-04
9.885504010853549920e-05
8.412417469332828077e-05
7.354715975011887367e-05
7.311067090707013005e-05
8.199357951288762769e-05
9.089314226341589002e-05
9.113752959956249232e-05
8.318716777677974839e-05
7.465014807037690812e-05
7.191068618344428778e-05
7.498869759141689039e-05
7.975541025304549525e-05
8.231068896114407906e-05
8.112318025298182746e-05
7.722737401730396913e-05
7.326708878496463861e-05
7.189586984577051487e-05
7.372700678319802064e-05
7.652385896103089619e-05
7.732068176246443365e-05
7.543929171448009380e-05
7.288494497080905642e-05
7.187468321530675428e-05
7.274579360530894620e-05
7.420345496466517919e-05
7.482689638004745005e-05
7.415377470019130564e-05
7.281051079094266699e-05
7.192834127283198142e-05
7.213574648818509493e-05
9.758826029455323339e-05
6.416546043557323352e-05
5.983408447310832807e-05
7.273432801411307573e-05
7.384327278066485465e-05
6.508082966844303127e-05
5.918921732125032910e-05
5.815978370496315887e-05
6.132949154603214406e-05
6.458310654957061389e-05
6.545276311655805917e-05
6.390927938797598493e-05
6.096465920488978600e-05
5.846695766289146428e-05
5.799920293745627995e-05
5.926480181500535577e-05
6.083243412861989664e-05
6.152086328193867180e-05
6.092837171585081167e-05
5.956829766895436877e-05
5.831526299747716248e-05
5.791395384633289103e-05
5.848190896532185233e-05
5.934586764766073110e-05
5.972133788209227264e-05
5.935023175618240698e-05
5.856069697804122144e-05
5.798066459962940939e-05
5.797537567516319163e-05
5.838263896866249727e-05
5.877772041184390500e-05
5.883707705855700370e-05
5.854555905020522014e-05
5.813548152926891724e-05
5.791158088798188934e-05
5.800144698135574630e-05
5.825871863721163185e-05
5.840864897906097538e-05
5.831112008821247040e-05
5.807740891697742050e-05
5.791763517069470802e-05
5.794116350017087397e-05
5.807839824609646866e-05
5.817383441935027933e-05
5.814086289400120235e-05
5.801563528791013396e-05
5.791707629542049672e-05
5.792282452247052115e-05
5.800334343598655205e-05
5.806445834179867655e-05
6.808030854581233323e-04
1.187903408349326440e-04
7.569902249034618220e-05
2.412802387020900432e-04
2.992597429347699806e-04
2.160572336118148377e-04
1.099649725413037217e-04
4.234934907343606105e-05
4.694761820331227494e-05
1.108428767306802223e-04
1.523586513037166953e-04
1.339424686009025331e-04
8.047027535176458975e-05
3.981805472797728097e-05
3.735931541413765823e-05
5.938077749407804794e-05
8.237560863597538261e-05
9.153555380955754966e-05
8.318300760207563229e-05
6.331645134674678964e-05
4.309417509784287277e-05
3.400403840971633399e-05
4.112565835381721906e-05
5.597205396552027009e-05
6.301612957534976603e-05
5.597087019778831994e-05
4.250698979678761149e-05
3.443265403264013071e-05
3.607354068794699572e-05
4.298066811034977774e-05
4.834248214919513394e-05
4.829845962015485349e-05
4.324611027643901424e-05
3.697865732160544156e-05
3.399786449184795986e-05
3.603545502461693337e-05
4.026942691501231726e-05
4.199617542861537595e-05
3.957559353975534898e-05
3.572587216234173125e-05
3.398705359138648094e-05
3.517691307338438752e-05
3.738277468931502570e-05
3.834094917984765780e-05
3.727329747608955845e-05
3.523829271979010192e-05
3.402212732421939882e-05
3.449389467844252703e-05
3.581847708574171623e-05
3.639705543132840891e-05
1.546383500831798041e-04
2.759784037037949682e-04
1.613686781951676993e-04
1.685196898334444401e-04
2.141246060282765511e-04
1.795334091751593078e-04
1.458402268566113495e-04
1.575838564936932282e-04
1.794345905917606534e-04
1.783636959787509896e-04
1.589906677452826726e-04
1.453470592727200764e-04
1.518784442921131215e-04
1.653913219601319516e-04
1.638839401212010779e-04
1.511057138920095645e-04
1.450129168304301790e-04
1.504164665544655303e-04
1.573281465836677117e-04
1.567644160305422022e-04
1.499415502294708250e-04
1.451343194465781273e-04
1.473058631088203902e-04
1.521084085647106290e-04
1.520112787709520337e-04
1.475047248844386775e-04
1.450031448356885210e-04
1.469135784170204784e-04
1.495147209087924114e-04
1.491014823185466548e-04
1.464035102568671688e-04
1.450059458582880398e-04
1.463914111752741959e-04
1.479978147328247975e-04
1.472663001665579056e-04
1.454379701803913704e-04
1.451567668963726497e-04
1.463695186594807414e-04
1.469414336368434350e-04
1.460451940508604245e-04
1.450690813472315527e-04
1.453152692761811601e-04
1.460996594908583112e-04
1.460060187899686699e-04
1.452421131750073055e-04
1.450487106175743848e-04
1.455515493002821291e-04
1.457572876445039939e-04
1.453510087780394099e-04
1.450099864023281790e-04
1.675669466032274585e-04
3.570223896633197566e-04
1.798045001217650886e-04
2.071497591604990092e-04
2.698723536993371196e-04
2.386444255282639797e-04
1.818582015601277117e-04
1.671309290077523796e-04
2.013021352269403952e-04
2.205267842504830995e-04
2.004729598533542298e-04
1.713865700241222392e-04
1.665744012064064301e-04
1.828440636976777880e-04
1.953996521717957246e-04
1.907806637892403567e-04
1.754737469898354576e-04
1.651941033322990883e-04
1.693000263026233233e-04
1.798846614894560123e-04
1.820275499853305499e-04
1.737337825987389040e-04
1.657128727252545736e-04
1.663096137644080679e-04
1.722527579048959508e-04
1.752795273808601469e-04
1.720957994556852845e-04
1.666565784555453975e-04
1.649681806238796058e-04
1.680580144495485550e-04
1.709482020112220173e-04
1.695936187315828423e-04
1.660843636429021851e-04
1.649113792775866124e-04
1.667695077563583774e-04
1.685307599547498328e-04
1.678218703490631022e-04
1.657112440715089612e-04
1.648703434593658322e-04
1.660316442737900492e-04
1.671553209774777186e-04
1.665364146737235334e-04
1.651804888025492865e-04
1.649413106827835821e-04
1.658090021237404444e-04
1.662998533925810903e-04
1.657076480907170696e-04
1.649409153245606427e-04
1.650023469599200265e-04
1.655946255114330423e-04
1.616177959256764624e-04
2.427649670530110696e-04
1.682637028139350724e-04
1.769977818748643046e-04
1.991506267329744533e-04
2.000397831180668134e-04
1.861612277454140077e-04
1.642883670073075298e-04
1.629263798067293121e-04
1.800336904451509926e-04
1.812834313013110912e-04
1.675002848249565403e-04
1.594056470286282627e-04
1.653478572205462158e-04
1.725005364393869078e-04
1.720218905799725728e-04
1.652143955558394470e-04
1.596209096268592074e-04
1.618488229016797942e-04
1.670599415918251271e-04
1.668471663696632684e-04
1.619717821199700915e-04
1.594065585032346114e-04
1.616617313689899024e-04
1.643257359416261040e-04
1.637223068172244476e-04
1.608273597136444474e-04
1.594159268216604520e-04
1.609936621651206494e-04
1.625840089940541050e-04
1.616321899517129826e-04
1.597511340880654893e-04
1.596362904883023045e-04
1.609390498405464292e-04
1.614004634746401699e-04
1.603902785221078845e-04
1.594373851079704816e-04
1.598295355346906533e-04
1.606490840371305661e-04
1.604443626322953238e-04
1.596073988122982679e-04
1.594774429267285971e-04
1.600390274715834157e-04
1.602202988404709586e-04
1.597428045235381108e-04
1.594042818187922411e-04
1.596794898386434702e-04
1.599690953346885613e-04
1.597421525254739570e-04
1.594230676773318459e-04
9.602830849594990521e-05
1.098209733391689095e-04
1.031476430765403357e-04
9.258597726732161403e-05
1.006594191245186061e-04
1.003062901496909877e-04
9.348459119859259172e-05
9.384222552406119118e-05
9.754026731961809257e-05
9.745438948269863496e-05
9.427029110688315032e-05
9.257146622988079803e-05
9.459736999742226994e-05
9.597734646991932974e-05
9.425679298377098703e-05
9.259055326657307842e-05
9.330994512418446494e-05
9.458075574411963448e-05
9.431341984311473136e-05
9.302811754407130972e-05
9.260419093177764101e-05
9.349688702137838689e-05
9.393559333022329224e-05
9.316104864187649466e-05
9.255262050802522881e-05
9.296130072019377546e-05
9.344634359029025197e-05
9.318073864543341823e-05
9.263175355903112114e-05
9.265133201126150560e-05
9.305459729614255272e-05
9.303933577801929583e-05
9.265338658205957210e-05
9.258319802155186502e-05
9.285328064322152558e-05
9.291824104385458841e-05
9.267608552120402878e-05
9.255586847256168544e-05
9.272938163748430931e-05
9.279663207646730817e-05
9.263436957249385879e-05
9.255585663905702316e-05
9.267747479715750312e-05
9.273282897148830202e-05
9.262050297237383765e-05
9.255141633519928235e-05
9.261517703021350696e-05
9.264081758607016904e-05
9.258263293968790040e-05
9.255367903681448161e-05
1.483749607626948784e-04
1.853484439742995188e-04
1.474854137000371061e-04
1.527466853216449100e-04
1.626667705548293661e-04
1.651011759674814888e-04
1.613356144607734676e-04
1.537217222334579902e-04
1.466290445065458910e-04
1.480618492318454672e-04
1.555793658642348049e-04
1.545791417616926473e-04
1.479865585637816963e-04
1.458817978128915376e-04
1.484800376433852501e-04
1.511471377957911838e-04
1.516102699985979086e-04
1.498308446850053386e-04
1.471312246114731361e-04
1.457822755840442537e-04
1.472944889953737234e-04
1.491938289369873223e-04
1.483878853301795432e-04
1.463331338525014668e-04
1.458583746145853224e-04
1.468792673787364079e-04
1.477646504733837781e-04
1.475854451594346684e-04
1.466033264545085323e-04
1.458146462650935474e-04
1.461324462137670969e-04
1.469722686384577397e-04
1.469358487331418202e-04
1.461431789110391411e-04
1.457838421648732351e-04
1.461523881969650307e-04
1.465613847492272374e-04
1.464701914174938876e-04
1.460308577506283197e-04
1.457797692003455232e-04
1.460255079704342286e-04
1.463124684473921823e-04
1.461438126291226300e-04
1.458296466347267645e-04
1.458246127968979879e-04
1.460284027065692956e-04
1.460875797188059314e-04
1.459317815004769036e-04
1.457854994824878147e-04
1.458484905816659382e-04
9.651235828791595119e-05
5.171359796365828201e-05
6.017712061123520212e-05
7.303258843622692455e-05
6.950758815756653819e-05
5.813789210974613816e-05
5.038230973819430761e-05
5.196470770271741834e-05
5.763272678114773537e-05
6.087535586316202008e-05
5.919470868360893743e-05
5.468479362905931428e-05
5.085563685118056935e-05
5.015929569214044252e-05
5.253626636127488070e-05
5.503233323820756078e-05
5.516426485778491029e-05
5.305700121200925652e-05
5.071241550783057387e-05
4.999393433427566630e-05
5.097787268421721129e-05
5.234372509703103936e-05
5.284992246442296468e-05
5.215203208317074679e-05
5.087994007833562284e-05
5.003415113530198903e-05
5.019664946338407203e-05
5.100921813546292522e-05
5.153899565447308693e-05
5.125673177773248403e-05
5.049768344431228734e-05
4.999792055419438489e-05
5.012280610156739919e-05
5.057946398305535052e-05
5.085197490186801970e-05
5.068453861635459270e-05
5.027200484913863735e-05
4.998785841865324551e-05
5.006391767006406802e-05
5.034070552735608341e-05
5.047579080379128655e-05
5.032328910365808591e-05
5.007038006978006448e-05
4.997364907501527012e-05
5.008358474411811782e-05
5.022882370609513399e-05
5.023361253797292459e-05
5.010774622902711140e-05
4.998765379577987868e-05
4.999104847403578958e-05
3.320951768587570479e-04
1.266348192436460469e-04
1.420853199237461515e-04
2.080087125853622766e-04
1.903738080727687752e-04
1.406181380185349836e-04
1.103637891509362756e-04
1.181437515373906120e-04
1.461991650428895255e-04
1.560441583367952933e-04
1.407558402764877978e-04
1.181529656813228870e-04
1.085629650729469804e-04
1.149582291636101051e-04
1.266082812059485599e-04
1.325887717929056251e-04
1.287417664488389724e-04
1.188638128458393065e-04
1.104219816357727410e-04
1.090223261421300542e-04
1.145302280261496959e-04
1.203463635509023302e-04
1.202795696338763146e-04
1.149030035772233505e-04
1.096901148862936091e-04
1.087941602946688980e-04
1.116020710963949589e-04
1.146290674187650589e-04
1.150954528473974067e-04
1.127978300806767862e-04
1.097986613993582228e-04
1.085609185307621427e-04
1.097818696424765592e-04
1.117341841736947119e-04
1.121485444957540919e-04
1.106759038026981486e-04
1.089727898189838149e-04
1.086265336602857887e-04
1.095536283023712304e-04
1.105011910661347202e-04
1.104746573287671008e-04
1.095610338970864895e-04
1.086950357507507098e-04
1.086581574113161075e-04
1.092789145637398641e-04
1.097118690192629836e-04
1.094446470137551045e-04
1.088379343521206322e-04
1.085582747813641660e-04
1.088014711117789052e-04
8.773601825654239760e-05
2.531213935047798994e-04
9.368158378084025099e-05
1.154868361876843733e-04
1.708873842510606224e-04
1.530748645614305359e-04
1.051557519602388461e-04
8.213120823169549421e-05
1.059042057976996632e-04
1.301962873363933786e-04
1.168847549285253470e-04
8.990310594628653012e-05
8.280370847319555561e-05
9.536440707875513500e-05
1.074704869942924395e-04
1.064410178465529907e-04
9.456864300167044262e-05
8.364258848764755214e-05
8.388753585582992835e-05
9.305416038538840849e-05
9.752877211926048778e-05
9.152238093756683230e-05
8.362978317699419910e-05
8.273395841703502101e-05
8.752842575652257297e-05
9.112393904990158757e-05
8.958747801908126251e-05
8.486689634865852874e-05
8.211967724239927716e-05
8.398126234920173761e-05
8.718759824184359999e-05
8.702693952913143148e-05
8.393197438888468889e-05
8.211177143254184290e-05
8.327831267584137956e-05
8.515226002039895739e-05
8.512877582457212256e-05
8.338200742649642505e-05
8.212949878371176074e-05
8.274858265341985695e-05
8.397224848864979726e-05
8.384457190010964536e-05
8.264785973936330263e-05
8.211233506596888319e-05
8.272347013212906887e-05
8.336644049405914406e-05
8.308442788383318890e-05
8.233421735083764682e-05
8.214052898856555329e-05
8.262353569158794263e-05
1.098760306635770950e-04
8.181133876241084349e-05
7.689810209154887305e-05
8.599892900169463531e-05
7.474818119928350660e-05
6.990945508709499963e-05
7.548737131863018522e-05
7.844335273561462351e-05
7.558226950738234913e-05
7.082128563965291331e-05
7.018802351594767932e-05
7.341704699484041113e-05
7.479399780424118252e-05
7.260176664961434840e-05
7.005112227948284188e-05
7.020196027282809290e-05
7.205224300182377581e-05
7.269021656517801896e-05
7.141739837707950455e-05
6.992639689033742969e-05
7.001074703052720188e-05
7.114486857631752723e-05
7.150789883598120838e-05
7.066022317441928411e-05
6.980191884049800931e-05
6.997256821274466495e-05
7.066672941773701692e-05
7.079812553349704488e-05
7.021256921301106068e-05
6.974757766785397595e-05
6.997132702646005490e-05
7.040350508587679256e-05
7.035546527482731917e-05
6.992309274814629541e-05
6.974343131541290970e-05
6.999804476781954074e-05
7.020635903694199393e-05
7.003952626290471228e-05
6.977273382890018826e-05
6.978748017628163148e-05
6.998193191393484820e-05
7.000537952466064551e-05
6.982931640858378031e-05
6.973791336716323353e-05
6.984035705297715938e-05
6.991756559953846541e-05
6.983347673818199254e-05
6.973994510588308519e-05
6.977774581918247431e-05
6.985519588857767165e-05
1.061342277886178319e-03
3.123098785103273992e-04
1.309438385066138163e-04
3.245094944436850031e-04
4.754921377709973493e-04
4.027244735921731026e-04
2.562935814145615092e-04
1.505849017561282854e-04
1.176785019530317863e-04
1.675903888293446575e-04
2.427598798843025958e-04
2.684790103652991838e-04
2.318485068674149224e-04
1.676353684786155841e-04
1.234983820148760473e-04
1.202786831087469257e-04
1.438947339927016214e-04
1.715337322291759191e-04
1.862474715125830003e-04
1.812426564667192247e-04
1.609263235171785520e-04
1.364522642516817486e-04
1.197195511265489762e-04
1.187386849004227400e-04
1.318734296993739723e-04
1.465600151789338810e-04
1.497749695925172024e-04
1.396907528055988496e-04
1.254384994524337981e-04
1.174908902237963736e-04
1.190561458539009850e-04
1.260386856804656688e-04
1.321893739899727841e-04
1.333442129866770445e-04
1.291475566417859438e-04
1.225558498534016496e-04
1.177724383744304347e-04
1.175613228750854814e-04
1.211670234643377460e-04
1.248085039760010566e-04
1.250763249647953682e-04
1.219739589214026567e-04
1.183892514224418337e-04
1.170484352353068824e-04
1.182803308643149760e-04
1.203943692722120784e-04
1.214348160404788866e-04
1.206486499208227810e-04
1.187721197766120301e-04
1.172823719664791900e-04
1.157982409643710066e-04
1.251607803797293982e-04
1.182567339981645900e-04
1.173597281318789680e-04
1.160677474135468775e-04
1.177236863421172926e-04
1.161932618056084191e-04
1.158941798378611136e-04
1.170383294122274488e-04
1.160555497864910720e-04
1.156825963121142108e-04
1.164766181011421152e-04
1.161893082308478498e-04
1.155772290506206011e-04
1.160453201378029090e-04
1.162168725726292365e-04
1.156542203098332843e-04
1.157304951257310556e-04
1.160495811628882261e-04
1.157780643074330377e-04
1.155926875181635080e-04
1.158988812896512483e-04
1.158527203096977538e-04
1.155807139855928855e-04
1.157198495267289056e-04
1.158429124033604992e-04
1.156345335779206416e-04
1.156133506112605978e-04
1.157661878788653813e-04
1.156541944380103440e-04
1.155832397364738040e-04
1.156920853264525851e-04
1.156604309880247697e-04
1.155753053435318756e-04
1.156361059768575136e-04
1.156491155993782314e-04
1.155772891047095001e-04
1.156090985740672544e-04
1.156322066761013295e-04
1.155782561392063046e-04
1.156080711857894493e-04
1.156230702915872759e-04
1.155771663719644583e-04
1.155966140167539411e-04
1.156109447966227995e-04
1.155760996870888171e-04
1.155863785309071002e-04
1.156000662732374585e-04
1.155770451734849561e-04
1.155819103268100980e-04
6.637936302055177408e-04
2.658773143153898800e-04
1.546973142159426527e-04
2.857074750906398505e-04
3.438326688900274837e-04
2.935865586135668389e-04
2.081319671307076753e-04
1.476892007253793806e-04
1.514596320468279082e-04
2.035021662336382548e-04
2.338083455398100980e-04
2.181377443128209876e-04
1.756927798947618058e-04
1.437876675697754571e-04
1.443612176732980289e-04
1.648149816655983084e-04
1.830420686409263984e-04
1.863055603147371799e-04
1.741322121046565575e-04
1.552099049657785677e-04
1.417434364337698217e-04
1.425173227560331266e-04
1.544886934788580399e-04
1.639485153792278162e-04
1.614921880246014815e-04
1.504701711704930773e-04
1.414564516694331734e-04
1.410987722306327754e-04
1.469246802877037918e-04
1.522522356237455770e-04
1.525694137330909955e-04
1.480089045253359895e-04
1.424026755664533608e-04
1.401669366780948956e-04
1.425398424363209641e-04
1.462568094080447020e-04
1.470406435754044233e-04
1.442653761695790492e-04
1.410069083649031509e-04
1.402644184701176049e-04
1.419725576767244903e-04
1.438178577869584295e-04
1.438841141017484422e-04
1.422363455883710558e-04
1.405227593940539812e-04
1.402770021511552700e-04
1.414025853098860070e-04
1.423676608871864081e-04
1.420272731602747552e-04
1.408645864926891158e-04
3.398543904038844616e-04
3.234356426854008925e-04
3.448799199646828588e-04
3.401841673416081753e-04
3.236487156891024392e-04
3.235554243901157161e-04
3.233734784186929629e-04
3.215782528750445700e-04
3.257054339662032228e-04
3.298381101188474669e-04
3.249761462663951412e-04
3.216258511222687172e-04
3.223571215031898374e-04
3.234617154466879353e-04
3.239114719430767099e-04
3.238560672365266464e-04
3.234624511773791494e-04
3.229179765306696261e-04
3.226590117451233084e-04
3.231574652073826762e-04
3.239135077902006218e-04
3.238248196061698338e-04
3.230834582752258152e-04
3.226676983656068861e-04
3.227756295903566001e-04
3.230518295108477950e-04
3.232548012145818007e-04
3.233384340134393912e-04
3.233150487661282514e-04
3.231814352520002076e-04
3.229621335743326814e-04
3.227346315471140066e-04
3.226597376017902355e-04
3.228245625562393148e-04
3.230260345945422580e-04
3.229708934113399233e-04
3.227586512053430426e-04
3.226552981325376255e-04
3.227049470418415331e-04
3.228033577230743400e-04
3.228509843452148902e-04
3.228296283292684523e-04
3.227502269397542183e-04
3.226737443789490971e-04
3.226675602988902979e-04
3.227311411349448062e-04
3.227824043781498623e-04
3.227403670810558901e-04
3.226736763203222206e-04
3.226616515961944470e-04
7.765702951714745293e-05
8.734956750468138417e-05
7.845486651379259490e-05
7.445528510866607783e-05
8.001226447500381974e-05
7.909084357598061116e-05
7.465952281493915942e-05
7.443744183144658424e-05
7.729760162827848877e-05
7.723023817185789119e-05
7.476648772443448361e-05
7.383448643449803993e-05
7.536484596418045355e-05
7.619232049773244371e-05
7.506262203596656606e-05
7.382390215535470778e-05
7.424374218977243642e-05
7.521038838556739310e-05
7.503799029115202561e-05
7.407885296905446909e-05
7.381096402061826942e-05
7.443717797543490536e-05
7.473751686988101492e-05
7.423432751712352349e-05
7.377137409055059222e-05
7.400658607927492372e-05
7.437104517262827560e-05
7.420507739453850325e-05
7.382118300540784872e-05
7.383807944936723097e-05
7.412826262014932013e-05
7.412269645795439724e-05
7.384821923709371813e-05
7.378282695423183670e-05
7.397416037522063826e-05
7.401456873861977080e-05
7.383656725066227054e-05
7.377068496596194097e-05
7.390031159779585860e-05
7.394762807733955604e-05
7.382284011506513323e-05
7.376834395957799888e-05
7.385682269724644713e-05
7.388587755754339869e-05
7.380052439349900654e-05
7.376829386575802405e-05
7.382246703206098626e-05
7.383340012938986317e-05
7.377624323765547411e-05
7.376999367961274592e-05
1.117942299705866757e-04
1.079751679837342179e-04
1.211259319962508757e-04
1.099967798663740429e-04
1.075045190747645006e-04
1.099526022879881938e-04
1.105511000541461943e-04
1.106936719416568487e-04
1.114336737823715866e-04
1.120684948742715919e-04
1.117512797097485215e-04
1.109916144329830439e-04
1.106137538440546501e-04
1.105563900360173217e-04
1.104124776410644491e-04
1.098850066425162582e-04
1.086528145623223403e-04
1.070819345146057684e-04
1.076166340622748333e-04
1.094876015769159576e-04
1.088086308403621316e-04
1.071080734200194047e-04
1.071554078636099375e-04
1.080768614055710051e-04
1.085670602346000828e-04
1.084669763391317627e-04
1.078658335584628525e-04
1.070621544817315239e-04
1.070543530550649826e-04
1.079517713129852125e-04
1.080870439718087351e-04
1.072483914551456427e-04
1.069105002448993689e-04
1.072622434322219889e-04
1.075135778412152917e-04
1.073721520746530832e-04
1.070194538858584631e-04
1.069160622793362335e-04
1.072060496500549989e-04
1.073226948998013704e-04
1.070340475358728672e-04
1.069056820762826008e-04
1.070918223764328703e-04
1.072408771283240030e-04
1.071374584513591925e-04
1.069416692577406620e-04
1.069311168256936197e-04
1.070803308286521365e-04
1.070491008086621833e-04
1.069298652234672189e-04
3.829070248087350749e-04
6.003629484175553293e-04
3.938950165066424703e-04
4.218884947705446673e-04
4.913018874848867727e-04
4.965015279130441123e-04
4.522606890417961781e-04
3.982604088713547407e-04
3.827660884371524995e-04
4.170350945487485039e-04
4.435903688728827596e-04
4.282914882175661159e-04
3.954280665396321171e-04
3.808870236771472661e-04
3.924777637884110612e-04
4.096632997656709423e-04
4.145413444677164367e-04
4.045449536672939060e-04
3.886907583001809148e-04
3.808895909927134584e-04
3.871740919186157344e-04
3.976350784951812991e-04
3.990009272558315201e-04
3.904124273712096852e-04
3.820662808182035677e-04
3.819585206523805343e-04
3.877380734542985180e-04
3.916831328203611924e-04
3.897542466120660232e-04
3.842923901097458845e-04
3.809436303893093444e-04
3.826571605394249670e-04
3.863439173957224689e-04
3.869788397537488045e-04
3.839655345810355264e-04
3.811533373181822987e-04
3.814714585862391668e-04
3.836676194536878595e-04
3.846390907568782917e-04
3.832819038534748314e-04
3.813368884638032022e-04
3.810214487998796347e-04
3.822976709489342992e-04
3.831540564128599769e-04
3.824188613369852263e-04
3.811698474641151552e-04
3.809797958484000251e-04
3.817797451454375997e-04
3.822812599244333168e-04
3.818021159114602680e-04
1.012026542216312394e-04
1.843879269753378471e-04
1.064104871150175043e-04
1.111362084462800675e-04
1.186652478138243010e-04
1.212334480305854060e-04
1.289387614178780933e-04
1.344397104805045932e-04
1.328794640087106857e-04
1.267048462048767305e-04
1.212494038647978910e-04
1.191901584270554666e-04
1.182764644823162742e-04
1.155557331395615385e-04
1.093464710154918478e-04
1.020182719364782841e-04
1.042968234744848959e-04
1.137563662212886460e-04
1.132188475779391073e-04
1.048082461626859688e-04
1.012289818751020037e-04
1.042663861764011810e-04
1.077135730585743927e-04
1.090247779244324638e-04
1.081253323686939946e-04
1.053469806920416031e-04
1.020720655507822039e-04
1.014761639225737728e-04
1.043067474399713530e-04
1.058051347829822952e-04
1.036143264100501942e-04
1.013467061176743974e-04
1.017567025957975471e-04
1.033165072691590898e-04
1.039817978119940737e-04
1.032298650489366407e-04
1.018038558448193043e-04
1.012154050004414400e-04
1.021075567832658041e-04
1.028814785282010120e-04
1.022486764160308946e-04
1.013108354488210085e-04
1.013576748476243279e-04
1.019668438268169527e-04
1.021811782465347363e-04
1.017568856978400677e-04
1.012531692607716865e-04
1.013227989559209566e-04
1.017573276121273493e-04
1.017725672815241106e-04
2.030849263482276405e-04
3.845206661567014813e-04
2.143124922691141748e-04
2.285618649910734065e-04
2.634850566045437948e-04
2.815427509133560952e-04
2.907716674740390373e-04
2.900628279176314266e-04
2.814240787857942485e-04
2.684130387270060921e-04
2.507082760200612850e-04
2.248317158968671670e-04
2.035633247947750890e-04
2.182366211555889759e-04
2.451497939283251077e-04
2.400958876292314122e-04
2.150963527951180317e-04
2.030694895053350327e-04
2.109558249423776756e-04
2.222037704889058042e-04
2.270635871194575479e-04
2.244541173301970881e-04
2.157913720683490660e-04
2.059183293907465876e-04
2.035798317666472133e-04
2.109589469342001825e-04
2.168460158306417329e-04
2.129682122247397464e-04
2.053329563661769445e-04
2.032616438189742522e-04
2.069309770090597001e-04
2.105335250317685208e-04
2.105131805543184397e-04
2.071469867126928465e-04
2.036362033160044266e-04
2.035782004335467889e-04
2.064536168557541630e-04
2.077833709644616900e-04
2.057185657175764060e-04
2.033416291136207123e-04
2.034730412448670814e-04
2.051345611408816633e-04
2.058923921788789442e-04
2.049265136988445799e-04
2.034395141126044051e-04
2.031701736586471899e-04
2.041995312576478055e-04
2.047862999134555484e-04
2.040587565519870906e-04
2.031612005842225327e-04
3.220668168003497172e-04
4.764145315333387018e-04
3.301020462543754162e-04
3.328993937153507934e-04
3.225650469576652672e-04
3.005576400910953778e-04
3.081712830897838612e-04
3.265751571281530550e-04
3.436981018293008253e-04
3.464181030519237949e-04
3.348573468655387697e-04
3.196097154412392335e-04
3.074602362411418431e-04
3.006003758495593087e-04
3.023298495979529149e-04
3.105023768605735530e-04
3.173129941422524474e-04
3.196319292415020132e-04
3.176932354161501925e-04
3.120679484911157461e-04
3.048846880681388731e-04
3.004553573876758590e-04
3.008905950734029350e-04
3.040547382727835099e-04
3.072360777443700346e-04
3.089003302247372851e-04
3.085005410683069839e-04
3.063569709940846490e-04
3.033942797741309618e-04
3.008868226332213000e-04
3.001311574128582779e-04
3.014029421562957277e-04
3.033557829730105897e-04
3.042761468893055406e-04
3.035099274510970249e-04
3.017586298763791971e-04
3.003693182150736322e-04
3.001737964585133320e-04
3.009186549395899283e-04
3.018019867408089948e-04
3.021826958159803695e-04
3.018709730968621306e-04
3.010978723547256815e-04
3.003514824966819563e-04
3.001047523671960355e-04
3.004407431180682909e-04
3.009548339503375302e-04
3.011611482365743136e-04
3.008724509754560775e-04
3.003919519467099946e-04
9.802660379050229071e-04
2.364834014381330665e-04
5.087998025667580382e-05
2.365057815723560150e-04
3.914414203348520705e-04
3.296897209609929262e-04
1.872752222928605360e-04
7.917122098469830504e-05
3.861460250466379533e-05
8.022124592488342023e-05
1.556525550898865380e-04
1.882973257241906512e-04
1.584099949971213509e-04
9.605043402118002916e-05
4.824775703611766594e-05
4.023333062293794177e-05
6.128385904191189398e-05
8.888741586951935431e-05
1.056712158598382761e-04
1.037020136641426975e-04
8.574550953644106185e-05
6.168338570240364900e-05
4.318850823414746245e-05
3.920786423207474488e-05
5.027328361143510241e-05
6.555359459030178637e-05
7.132556401612097005e-05
6.337789636565716836e-05
4.924885523851847989e-05
3.976870698392831222e-05
3.970465719959624152e-05
4.604137974098801900e-05
5.263569388181301020e-05
5.483057117844957129e-05
5.158336401387235968e-05
4.526188294435995875e-05
3.993623362465355004e-05
3.877669525801321926e-05
4.179861080488751237e-05
4.569712748172641460e-05
4.675353350475819114e-05
4.420541638546324648e-05
4.052028602728140725e-05
3.864446248500359320e-05
3.943198982401181264e-05
4.148969969847814815e-05
4.282494962720755977e-05
4.240557412168424658e-05
4.067790986771867452e-05
3.903598445347009283e-05
