5.000000000000000278e-02
6.000000000000000472e-02
6.687580104094027755e-02
7.222467838655376171e-02
7.661315451749407812e-02
8.032426011394050436e-02
8.352336519029031348e-02
8.631737511774890959e-02
8.878054715929330210e-02
9.096723087450554746e-02
9.291881396833003015e-02
9.466780834905336173e-02
9.624039552840582545e-02
9.765808847749840593e-02
9.893885915416855692e-02
1.000979290328374294e-01
1.011483391679321442e-01
1.021013712997904666e-01
1.029668655521829290e-01
1.037534646445864850e-01
1.044688047907040424e-01
1.051196671939266247e-01
1.057120999318792443e-01
1.062515172517181083e-01
1.067427813952668003e-01
1.071902707418604245e-01
1.075979371096512233e-01
1.079693543722429899e-01
1.083077600468411034e-01
1.086160911391216982e-01
1.088970152518670825e-01
1.091529577538020851e-01
1.093861256439286472e-01
1.095985286223816330e-01
1.097919977821288778e-01
1.099682022600311365e-01
1.101286641258973908e-01
1.102747717405890282e-01
1.104077917761053379e-01
1.105288800599043830e-01
1.106390913808016352e-01
1.107393883735596496e-01
1.108306495825414073e-01
1.109136767911637761e-01
1.109892016923918479e-01
1.110578919659915703e-01
1.111203568203245479e-01
1.111771520495315885e-01
1.112287846513626693e-01
1.112757170458364281e-01
1.113183709306971997e-01
1.013183709846900010e-01
1.079213882784581940e-01
1.129714998633807865e-01
1.164751903644003633e-01
1.182535804933692591e-01
1.175736257660489059e-01
1.155350896840284941e-01
1.131436060241977071e-01
1.105972709515818664e-01
1.078717017678539752e-01
1.054064691660823866e-01
1.037668723355444772e-01
1.034570314810805691e-01
1.044503033919518126e-01
1.061355848365815174e-01
1.080201199425403213e-01
1.096759792001623518e-01
1.108200126576130845e-01
1.114075315261812832e-01
1.114822742353117069e-01
1.110901949439005582e-01
1.102715023046516307e-01
1.090976484266206470e-01
1.077485021760169054e-01
1.065259784910934093e-01
1.057135572196140627e-01
1.054751852942563406e-01
1.058228143543820526e-01
1.066174251769397147e-01
1.076282003556750660e-01
1.085861271161338015e-01
1.092612062942644874e-01
1.095355081311789880e-01
1.093944541422420119e-01
1.088957089714394227e-01
1.081661928683560342e-01
1.073991692232000722e-01
1.068032962413474063e-01
1.065282483352883031e-01
1.066231956218250537e-01
1.070315999568131615e-01
1.076137590361538193e-01
1.081895667527811994e-01
1.085961165529225059e-01
1.087373234115020654e-01
1.085987158006779668e-01
1.082393219448712779e-01
1.077765596008242177e-01
1.073556312775544447e-01
1.071019583611564630e-01
9.710195841143524909e-02
1.043904571100761486e-01
1.099262678629842060e-01
1.143916426425464067e-01
1.181758831149720412e-01
1.213829227029736141e-01
1.241290402855309699e-01
1.265422629230196216e-01
1.287038456221868132e-01
1.306560645618491112e-01
1.324293588744245853e-01
1.340541714301672627e-01
1.355591841721043578e-01
1.369671724793261602e-01
1.382937038526035611e-01
1.395484023483103964e-01
1.407370968509526754e-01
1.418636515597722636e-01
1.429311216802396922e-01
1.439423569368532829e-01
1.449002747780497868e-01
1.458079631097368434e-01
1.466686930413558243e-01
1.474858692700936613e-01
1.482629277753340913e-01
1.490032163401390219e-01
1.497098850022779148e-01
1.503857837745287973e-01
1.510334064436457957e-01
1.516548635793557587e-01
1.522518855049369013e-01
1.528258552404383186e-01
1.533778465212313202e-01
1.539086796282859992e-01
1.544189794183624398e-01
1.549092297891605519e-01
1.553798217938628656e-01
1.558310944178416257e-01
1.562633684279109980e-01
1.566769716483593089e-01
1.570722561284124130e-01
1.574496093488794157e-01
1.578094560781235223e-01
1.581522641864936685e-01
1.584785368835233410e-01
1.587888167957604291e-01
1.590836741311417446e-01
1.593637011412215032e-01
1.596295075969357269e-01
1.598817158012683370e-01
1.698817022625419837e-01
1.795137721502139405e-01
1.878262719031026928e-01
1.911672205254837942e-01
1.918749421483976481e-01
1.909557401978868307e-01
1.885136585741185034e-01
1.846611369061537111e-01
1.803350410084113564e-01
1.767780404479461220e-01
1.747507670267339497e-01
1.745020869876066083e-01
1.757605574736040843e-01
1.780265518523739821e-01
1.807604514010436314e-01
1.834011130780859034e-01
1.852998809469706964e-01
1.860000951523189949e-01
1.854781799305983969e-01
1.840049555573722850e-01
1.820483947427102844e-01
1.801379134682913330e-01
1.786941288787884941e-01
1.779651798385505912e-01
1.780272501424901288e-01
1.787950022486009538e-01
1.800574426998969302e-01
1.815228902909248043e-01
1.828500157306501284e-01
1.837057884600179214e-01
1.838879710430452730e-01
1.834032828555313965e-01
1.824495317113444537e-01
1.813299093890150537e-01
1.803496504582283444e-01
1.797351622962289897e-01
1.795971031485714964e-01
1.799257233126360933e-01
1.806075126274435394e-01
1.814517668752650137e-01
1.822304838631785828e-01
1.827303612227814955e-01
1.828258567991044303e-01
1.825202268094090474e-01
1.819422817390417557e-01
1.812860030564475422e-01
1.807488011645840553e-01
1.804673523874101848e-01
1.804946360383383464e-01
1.807974920174163502e-01
1.907974906422862937e-01
2.003066709065435824e-01
2.077560815119245119e-01
2.118803326734364501e-01
2.122174907483964090e-01
2.100566591053924237e-01
2.066860419152342920e-01
2.028811607439368059e-01
1.991603108528241795e-01
1.961053575844280417e-01
1.942629672505926941e-01
1.937970872374635278e-01
1.945679886933577019e-01
1.962902970265960334e-01
1.985801948155827834e-01
2.009893021027555349e-01
2.031173233712397219e-01
2.046955274864976082e-01
2.055793037648072641e-01
2.057248483421471319e-01
2.051859207045732547e-01
2.040924098958786792e-01
2.026236521495702880e-01
2.009927825145130520e-01
1.994455224663689852e-01
1.982375423599710695e-01
1.975734001894391412e-01
1.975386755275625461e-01
1.980855403912750168e-01
1.990542205894998140e-01
2.002203223972051360e-01
2.013519975605526369e-01
2.022563164033479854e-01
2.028062888013113241e-01
2.029493844001361014e-01
2.026981877958114464e-01
2.021205328889372210e-01
2.013333061097004328e-01
2.004856525512641041e-01
1.997377729269323998e-01
1.992302817203885079e-01
1.990507954430051074e-01
1.992142772155394148e-01
1.996529500760354237e-01
2.002492464538731531e-01
2.008632832910957067e-01
2.013698698198288506e-01
2.016782361565961079e-01
2.017463579381198469e-01
2.015802554426069093e-01
1.915803228765524391e-01
1.984130462346240520e-01
2.054575048906928936e-01
2.087955059558183335e-01
2.092000378113061110e-01
2.076008338608629211e-01
2.045971607089484279e-01
2.008543469968469830e-01
1.975438008227679565e-01
1.962134930061385507e-01
1.970097187330999422e-01
1.991893555528527204e-01
2.017647406597971593e-01
2.037995436268714433e-01
2.048151983887819549e-01
2.047584405662045970e-01
2.037483668840230633e-01
2.020753016114199829e-01
2.001825870893877701e-01
1.987123488252816039e-01
1.981987143135598151e-01
1.987321034861612989e-01
1.999909452198631588e-01
2.014433729784942673e-01
2.025686357468719501e-01
2.030686773163701830e-01
2.028765212218906488e-01
2.020916259652703051e-01
2.009765631302826983e-01
1.999179170193536303e-01
1.993137468666227319e-01
1.993790562294062152e-01
2.000327661090607334e-01
2.009586921170611329e-01
2.017709166417451516e-01
2.021902539562160928e-01
2.021118465101683637e-01
2.015943454847946292e-01
2.008458862653808574e-01
2.001937177684131042e-01
1.998726252799810366e-01
2.000033693464572382e-01
2.004921221863706082e-01
2.010997905640301286e-01
2.015520543311936086e-01
2.017027179919973212e-01
2.015031301571034716e-01
2.010668010153007224e-01
2.005974234577157234e-01
2.002928693957597706e-01
1.902928818612271422e-01
1.808083746175306317e-01
1.748937233770916921e-01
1.736753843069880343e-01
1.756044446617843202e-01
1.790646830722280036e-01
1.830798377546940525e-01
1.865775408151324755e-01
1.882673990179861701e-01
1.881511705700755488e-01
1.865906299024779336e-01
1.840982890468627897e-01
1.815040724222184709e-01
1.795590203144346031e-01
1.785940592540469496e-01
1.786492643289798177e-01
1.795980575429294568e-01
1.811989162246213925e-01
1.831008479334413908e-01
1.847954142302846992e-01
1.857530463201444160e-01
1.857302509573068583e-01
1.848367715789501764e-01
1.834379692158812913e-01
1.820256624099095277e-01
1.810101105387575127e-01
1.806060414204125608e-01
1.808391154870163109e-01
1.816084392858199892e-01
1.826945821847790474e-01
1.837694509643818530e-01
1.844833771407844436e-01
1.846182065573610531e-01
1.841693073561025962e-01
1.833511913993349507e-01
1.824760962038810275e-01
1.818348434406935055e-01
1.816056426247348032e-01
1.818188229397121602e-01
1.823760865185834468e-01
1.830781791044364670e-01
1.836810189379340652e-01
1.839688506419685232e-01
1.838601179604089086e-01
1.834285258846971300e-01
1.828661959517108027e-01
1.823993821481595390e-01
1.821808102717530076e-01
1.822688090360577162e-01
1.826062437063612209e-01
1.926062416115766618e-01
2.023711222242066121e-01
2.092542787782374347e-01
2.123653665595175710e-01
2.120166910670973071e-01
2.095435565356884300e-01
2.060103948844586308e-01
2.020606096819085873e-01
1.982823599919897595e-01
1.955387061492807332e-01
1.944371419001685031e-01
1.949354208490601537e-01
1.966626809977539969e-01
1.990979338809359955e-01
2.016352212753745043e-01
2.037646328483431746e-01
2.051977208363438554e-01
2.058227694761552706e-01
2.056502815846437682e-01
2.047790188161973390e-01
2.033764561648784275e-01
2.016640630964542658e-01
1.999280200445264777e-01
1.985123037129782053e-01
1.977253853134750827e-01
1.977068036685576957e-01
1.983899206340352384e-01
1.995429700175662124e-01
2.008527422532517259e-01
2.020193488443994267e-01
2.028251492308037196e-01
2.031604332089209930e-01
2.030098384307655046e-01
2.024401034251803178e-01
2.015793726495685168e-01
2.006111419090775005e-01
1.997541188704274051e-01
1.992065034910897037e-01
1.990854215275900119e-01
1.993900322271382197e-01
2.000025257972016246e-01
2.007354977709188693e-01
2.013964713560464082e-01
2.018388609194084748e-01
2.019842206964478637e-01
2.018266344894825703e-01
2.014218735702214824e-01
2.008829352448678052e-01
2.003506599042311209e-01
1.999641934129489929e-01
1.899642122144725165e-01
1.810604137826625215e-01
1.756153435980368216e-01
1.753545669998555490e-01
1.780217329879624222e-01
1.816676738845567629e-01
1.853883832608161641e-01
1.884063521250284867e-01
1.901678684815297227e-01
1.905787038632322239e-01
1.898368750888135281e-01
1.881728660926381969e-01
1.859304682256801566e-01
1.835782533502851033e-01
1.815900915321743692e-01
1.802893782635447417e-01
1.798324263671798873e-01
1.802221168212864710e-01
1.812964984928250034e-01
1.828177519640265258e-01
1.844832628806237496e-01
1.859526152096903917e-01
1.869300755393000224e-01
1.872595310203546137e-01
1.869339525341898178e-01
1.860616547241071284e-01
1.848776977503875374e-01
1.836765300263284717e-01
1.827016486197142464e-01
1.821364376144810060e-01
1.820630080507410486e-01
1.824477582801037612e-01
1.831850661330399754e-01
1.840904833189455636e-01
1.849604487084934856e-01
1.855884921291205969e-01
1.858419938687274342e-01
1.856811734952119874e-01
1.851910744543082132e-01
1.845176446899878253e-01
1.838417376091708300e-01
1.833324991142339933e-01
1.830970242532801717e-01
1.831732863737237926e-01
1.835195819010203566e-01
1.840337773552347678e-01
1.845642214259294589e-01
1.849659768781793112e-01
1.851583865693104958e-01
1.850844392093617397e-01
1.950844378391400624e-01
2.042890705507690585e-01
2.097377051227996836e-01
2.109379635752509363e-01
2.091409647194968913e-01
2.058459032463500205e-01
2.019551228058300285e-01
1.981474413768924137e-01
1.953255595691428814e-01
1.941666514317244574e-01
1.946526066416608691e-01
1.963851232249209378e-01
1.988099428898895127e-01
2.013006923956910110e-01
2.033384968440522800e-01
2.046282680852020419e-01
2.050612609977367218e-01
2.046678634365913241e-01
2.035879602655207843e-01
2.020344646546166079e-01
2.002795942045934030e-01
1.986653678648130916e-01
1.975467941186212772e-01
1.971639221893290161e-01
1.975469133572514968e-01
1.985269278299675588e-01
1.998078576305679643e-01
2.010618785665375940e-01
2.020224929950474868e-01
2.025246156119740737e-01
2.025208526841333623e-01
2.020502072080707368e-01
2.012354182208396514e-01
2.002667643448806933e-01
1.993681068510042287e-01
1.987582431842092601e-01
1.985767133912357263e-01
1.988385060648411584e-01
1.994325035416488756e-01
2.001698649237151628e-01
2.008481979901341474e-01
2.013047145677204497e-01
2.014543965575167350e-01
2.012862518157454428e-01
2.008650127139661179e-01
2.003128895757542993e-01
1.997819538776817172e-01
1.994126935866515626e-01
1.992987681166020486e-01
1.994534040298960587e-01
2.094533939023420221e-01
2.042140685799788136e-01
1.983581511751879300e-01
1.962026260436924019e-01
1.977191199695721990e-01
2.008574000804223825e-01
2.038655159667900063e-01
2.055045078491386790e-01
2.054389338321407910e-01
2.040002240899446984e-01
2.018454943600203888e-01
1.997590617777174060e-01
1.985666695280084992e-01
1.986730804097217029e-01
1.998555224623190241e-01
2.015260038423654088e-01
2.030215248091621905e-01
2.038401022870884316e-01
2.037835917437348376e-01
2.029500948495646662e-01
2.016974625619815109e-01
2.004661770107975804e-01
1.997313403535511400e-01
1.997429635636439604e-01
2.004248394849948711e-01
2.014447769063490434e-01
2.023792851258550407e-01
2.028830570649031162e-01
2.028151140778713113e-01
2.022457136078517070e-01
2.014227973106541281e-01
2.006856882171117185e-01
2.003290906967327700e-01
2.004745555724374850e-01
2.010230549212309592e-01
2.017163070766904709e-01
2.022356501069227375e-01
2.023858524858921648e-01
2.021358972854840341e-01
2.016262935439729342e-01
2.010897019226703386e-01
2.007707018468324889e-01
2.008007033421126131e-01
2.011354597590999105e-01
2.015995032373007756e-01
2.019486738141862969e-01
2.020333573043069930e-01
2.018479057647452335e-01
2.015068912415122204e-01
2.011856985818238630e-01
1.911857184280681132e-01
1.977048970885697809e-01
2.044435383381818239e-01
2.070416426684962841e-01
2.058901946518979509e-01
2.028218341848715411e-01
1.991721270645067932e-01
1.963567745076478799e-01
1.954630543010494603e-01
1.963998170036510282e-01
1.985187268834645857e-01
2.009688350777180110e-01
2.029011174724659750e-01
2.037730606902377894e-01
2.034765212006248991e-01
2.022440589573159253e-01
2.005011095126766896e-01
1.987973449805593984e-01
1.976984131296980751e-01
1.975327911928646263e-01
1.982550948310900507e-01
1.995368699427776116e-01
2.009005107598600959e-01
2.018875977862128746e-01
2.022242172860141129e-01
2.018686596947693590e-01
2.009883787500322538e-01
1.999060749822319516e-01
1.989962637143310731e-01
1.985731032160533149e-01
1.987546745154957772e-01
1.994227971950639777e-01
2.002863586540487295e-01
2.010153788396224217e-01
2.013615091111913002e-01
2.012348781234889750e-01
2.007202728431042860e-01
2.000316134969958859e-01
1.994378576752233734e-01
1.991669765997210739e-01
1.993045797886922044e-01
1.997602678261035103e-01
2.003209433118066929e-01
2.007534042148388098e-01
2.008976582753191908e-01
2.007189123293383060e-01
2.003187937983212374e-01
1.998761064817947131e-01
1.995792356065148598e-01
1.995462362596970574e-01
2.095462045720157263e-01
2.035548836455208233e-01
1.968321519003923270e-01
1.940698854561506148e-01
1.939541671992881799e-01
1.956785382409428897e-01
1.988634120775995551e-01
2.025775025045799538e-01
2.049659567608600186e-01
2.050901004220749002e-01
2.034379277742969228e-01
2.009177555115896630e-01
1.986430577476764325e-01
1.974530246786317389e-01
1.975230038814946021e-01
1.986696448720546015e-01
2.004863148118869731e-01
2.022996188893213809e-01
2.033680571530163406e-01
2.033336252535016264e-01
2.023333156016445811e-01
2.008563315900724899e-01
1.995325868467492381e-01
1.988553202524204755e-01
1.989896117054315849e-01
1.998196516978184845e-01
2.009971771477294111e-01
2.020301974301275394e-01
2.024942288960830117e-01
2.022363746928013406e-01
2.014330365636071707e-01
2.004708591113011085e-01
1.997776615514076093e-01
1.996162455421935655e-01
2.000042860725101124e-01
2.007411109175173958e-01
2.014886997523573087e-01
2.019016104863947114e-01
2.018157196706490131e-01
2.013104267942060210e-01
2.006606911467815890e-01
2.001835176903324909e-01
2.000866849917163626e-01
2.003798638877772875e-01
2.008978465826372350e-01
2.013742282205472078e-01
2.015773310966849641e-01
2.014251646090362002e-01
2.010251449525650991e-01
2.006035367587424290e-01
2.106034979999910628e-01
2.086755240135669542e-01
2.035884116986142467e-01
1.991672809021541868e-01
1.992603109187495447e-01
2.019015873790328541e-01
2.050356426691619383e-01
2.068203008490089312e-01
2.067868526472532997e-01
2.053107885587456272e-01
2.031065515590703141e-01
2.012315469946089064e-01
2.006231168078766447e-01
2.014107464841708994e-01
2.030186764479241235e-01
2.046259859227403388e-01
2.054907867963703116e-01
2.053362189073917043e-01
2.043500757184469607e-01
2.029791569241806148e-01
2.018924659747884931e-01
2.015979449712420046e-01
2.021703287330765264e-01
2.032550364214103233e-01
2.042732537645766677e-01
2.047417849543559931e-01
2.045069065786572216e-01
2.037376349759961180e-01
2.028470275893614339e-01
2.022747361419763024e-01
2.022904337659234830e-01
2.028438422293286636e-01
2.035799749614962684e-01
2.041343323429841705e-01
2.042199495350427163e-01
2.038380085579506729e-01
2.032060851812096947e-01
2.026941914194853589e-01
2.025862722804502580e-01
2.028875841886317033e-01
2.034099706527779106e-01
2.038396933417158663e-01
2.039490687544185665e-01
2.037066259863441198e-01
2.032933701396396620e-01
2.029440982245055702e-01
2.028719603172154107e-01
2.030566749362962831e-01
2.033725681700839227e-01
2.036251341061044162e-01
1.936251829877679020e-01
1.995830326418302492e-01
2.053743646032780701e-01
2.083718038041292853e-01
2.090394295118875589e-01
2.079983853072305544e-01
2.057038325491944986e-01
2.025709301931952477e-01
1.993302789165577737e-01
1.973935678476872735e-01
1.975862920640047149e-01
1.993611616720984414e-01
2.017068662976839177e-01
2.036768397268520214e-01
2.047999230931266679e-01
2.049712983390920007e-01
2.042810667894547072e-01
2.029298664188148027e-01
2.012172438350677273e-01
1.996760843805724939e-01
1.989190429123666171e-01
1.992027126311131657e-01
2.002922132411950884e-01
2.016514755903900669e-01
2.027591034861521702e-01
2.033072582534890538e-01
2.032063977418448741e-01
2.025492368302111157e-01
2.015263666629267814e-01
2.004848166459905212e-01
1.998501195910925843e-01
1.998708335676908365e-01
2.004736523335246545e-01
2.013520065212295596e-01
2.021183727969479427e-01
2.025140027423649736e-01
2.024380526127193269e-01
2.019611872133380281e-01
2.012633594718299113e-01
2.006124640874130949e-01
2.003102916325308624e-01
2.004745106790023768e-01
2.009716315718979573e-01
2.015565239452800916e-01
2.019589533626141575e-01
2.020397168072989580e-01
2.018064338700491511e-01
2.013666353980806123e-01
2.009240437302552973e-01
2.006632014196930713e-01
1.906632141252189439e-01
1.827393003296625129e-01
1.797467615824919207e-01
1.804806839508721061e-01
1.833371998845036988e-01
1.871680075094810658e-01
1.908340426910239696e-01
1.933871326034719007e-01
1.943941644869817409e-01
1.938951791403710212e-01
1.922569471712087252e-01
1.899663236687686718e-01
1.875287010824495948e-01
1.855152064199248607e-01
1.843990272430578170e-01
1.843485166694127653e-01
1.852489293948468840e-01
1.867877360453054636e-01
1.885424328903009816e-01
1.900812065220061631e-01
1.910730717655509392e-01
1.913645664731404850e-01
1.909541158758558954e-01
1.899901041020334302e-01
1.887213918223188402e-01
1.874573300859408154e-01
1.865156377481594629e-01
1.861148378269017467e-01
1.863177170280408690e-01
1.870213933643866677e-01
1.880053300594397014e-01
1.889694427583700764e-01
1.896749239967387424e-01
1.899625733050825382e-01
1.897923693371291465e-01
1.892553067355699226e-01
1.885038950157154058e-01
1.877564842375457899e-01
1.872258456491121825e-01
1.870479179594068120e-01
1.872507570598882787e-01
1.877378671613293137e-01
1.883380458466488716e-01
1.888739775287891498e-01
1.891825608993478458e-01
1.891911431268165356e-01
1.889353105681971512e-01
1.885023532960275472e-01
1.880459461102267638e-01
1.877093481586172841e-01
1.977093444578716386e-01
2.066202097146949412e-01
2.104627306267703724e-01
2.096339989780209023e-01
2.064997594680354209e-01
2.024938919760858880e-01
1.986677528219554789e-01
1.961459107059149998e-01
1.955104979998408266e-01
1.965302809241886717e-01
1.986665212404800929e-01
2.012410354082912467e-01
2.035728258284495995e-01
2.051705411220884345e-01
2.057845597957851103e-01
2.053996260023356057e-01
2.042011819194043398e-01
2.025133279112863172e-01
2.007108622653337171e-01
1.992125611399929996e-01
1.983874775636195742e-01
1.983954224621555795e-01
1.991497802390642946e-01
2.003814720431849605e-01
2.017293260949367673e-01
2.028558350934063503e-01
2.035122312164606706e-01
2.035976784899281855e-01
2.031418952618642138e-01
2.022875902742923837e-01
2.012639080761870203e-01
2.003451870885176456e-01
1.997699774668773853e-01
1.996747393127659420e-01
2.000472435222644396e-01
2.007427828954106708e-01
2.015319116044114733e-01
2.021837335656539170e-01
2.025390613336430223e-01
2.025305930728494019e-01
2.021871597637707185e-01
2.016271133973169538e-01
2.010266498200193597e-01
2.005662558560078468e-01
2.003727142366671932e-01
2.004866990557207795e-01
2.008418120416668728e-01
2.013103830477353806e-01
2.017356509434041767e-01
2.019899450115958117e-01
1.919899598204056757e-01
1.981632414788570828e-01
2.044583000015899321e-01
2.071970244503026359e-01
2.064475281645637983e-01
2.037353876341516656e-01
2.002596001073846665e-01
1.972353330062035504e-01
1.959518467881584680e-01
1.965990798322305722e-01
1.985503759022929082e-01
2.009297662525482975e-01
2.028915005266480887e-01
2.039086389301973945e-01
2.038326294575084074e-01
2.028116398556866484e-01
2.012051816706571794e-01
1.994878553182115877e-01
1.982223900261295968e-01
1.978320751447595893e-01
1.983745768948882160e-01
1.995534469150550827e-01
2.009008124813788099e-01
2.019590908229657866e-01
2.024349041630809642e-01
2.022451410173990161e-01
2.014950065552288672e-01
2.004490441321692684e-01
1.994655533512910139e-01
1.988941894878306083e-01
1.989172137053466793e-01
1.994773202321495631e-01
2.003148230479813718e-01
2.010979349913711023e-01
2.015531128043177578e-01
2.015483614432443116e-01
2.011296538496890052e-01
2.004733961135885256e-01
1.998363048880895665e-01
1.994674491882951484e-01
1.994984820070648257e-01
1.998795578900447734e-01
2.004223126114177689e-01
2.008959939608874756e-01
2.011250247887874654e-01
2.010343904572782781e-01
2.006882602172472274e-01
2.002422217188845333e-01
1.998905477891719795e-01
1.997765660096272322e-01
1.897766053437422162e-01
1.798186701602075832e-01
1.777127449332285558e-01
1.805057756022158399e-01
1.846211261652666857e-01
1.878020849159992289e-01
1.887774554489365653e-01
1.878354160353610802e-01
1.855953934075224299e-01
1.829460120536254286e-01
1.810080427059801433e-01
1.804900574409753489e-01
1.813612481803812959e-01
1.831176574066427087e-01
1.850344965022914789e-01
1.863561114971630239e-01
1.866730517706348125e-01
1.859970734576819051e-01
1.846527991490575782e-01
1.831749201324524845e-01
1.821492438904782352e-01
1.819256808946029813e-01
1.824996784389875670e-01
1.835892886632619070e-01
1.847297702871542879e-01
1.854744363567307763e-01
1.855767939909094832e-01
1.850462234304511011e-01
1.841374843508697956e-01
1.832356505488227649e-01
1.827219480147478647e-01
1.827683300475546613e-01
1.833155256017379997e-01
1.840999557369590034e-01
1.847683406622331326e-01
1.850392802030659811e-01
1.848288989956974604e-01
1.842710527603211301e-01
1.836352275332107931e-01
1.832195633333920937e-01
1.831825907578947532e-01
1.835125253121253353e-01
1.840360408466378273e-01
1.844766202260028354e-01
1.846349328164108017e-01
1.844585615309375926e-01
1.840662988495071206e-01
1.836713494784319167e-01
1.834527328380843314e-01
1.835123374091788551e-01
1.935123363547421038e-01
2.029896577811355629e-01
2.095384878877222801e-01
2.120180675774542556e-01
2.109442153894275918e-01
2.079854416213837709e-01
2.042455381361011346e-01
2.003886843034506371e-01
1.970536928468366311e-01
1.949516318479785904e-01
1.943859173308981059e-01
1.952077089669403132e-01
1.970520829506068883e-01
1.994401459077485284e-01
2.018530180463722346e-01
2.038704316607302669e-01
2.052341287057658226e-01
2.058211503225664263e-01
2.056290712927996978e-01
2.047618734375298566e-01
2.033976401584933202e-01
2.017589985443291878e-01
2.001106567798990876e-01
1.987441072446671231e-01
1.979177473537605259e-01
1.977685497040940765e-01
1.982682520831399453e-01
1.992494127494454370e-01
2.004595716064543343e-01
2.016335449334152874e-01
2.025556522968266215e-01
2.030877666918014801e-01
2.031753437762621739e-01
2.028406610002042587e-01
2.021724483807621209e-01
2.013108422822781352e-01
2.004308952119051856e-01
1.997147822787438964e-01
1.993085760185796529e-01
1.992832615301331767e-01
1.996125160207288252e-01
2.001887150636675050e-01
2.008560892299841583e-01
2.014580115635009328e-01
2.018713355469392567e-01
2.020251131110657461e-01
2.019108565713286230e-01
2.015739889059345313e-01
2.011032987798259397e-01
2.006130312221755529e-01
1.906131344134268935e-01
1.806062035224381135e-01
1.811300807108486288e-01
1.846952126351748824e-01
1.861229494640356807e-01
1.848481791301298249e-01
1.824689332497152483e-01
1.813497534097156250e-01
1.822447442881499624e-01
1.840299987723337805e-01
1.851476161047672930e-01
1.848432858024029180e-01
1.835213766427194748e-01
1.822583973903024179e-01
1.820579332200878420e-01
1.829645102424878877e-01
1.841459317846184940e-01
1.846718883688811541e-01
1.842474838344055343e-01
1.832258586704651193e-01
1.824602163185820303e-01
1.825330382683076902e-01
1.833109084897432406e-01
1.841198792664205663e-01
1.843627607728443862e-01
1.838812999647865265e-01
1.831104936028146446e-01
1.826909371335074250e-01
1.829592518381922828e-01
1.835980896160964437e-01
1.840520718070755846e-01
1.839657908067234282e-01
1.834811074139786613e-01
1.830204656582655465e-01
1.829752951057448673e-01
1.833731852600955503e-01
1.837787218888020102e-01
1.838716676778166803e-01
1.835246609020191044e-01
1.831310664027757384e-01
1.830723104554377312e-01
1.833721460288245397e-01
1.837089829764874949e-01
1.837790035185238868e-01
1.835460974272142554e-01
1.832575311373897398e-01
1.831776410494929952e-01
1.833651509464171159e-01
1.836003409842389689e-01
1.836624005127349690e-01
1.936623983450462827e-01
2.034254200973262539e-01
2.096321161700765157e-01
2.113361751532969179e-01
2.098821373147864711e-01
2.066830787611807774e-01
2.026815432112438198e-01
1.987046005547446759e-01
1.958183264187958461e-01
1.947007744469553547e-01
1.952562919447913825e-01
1.970809981214914908e-01
1.996220019309148108e-01
2.022071888214764523e-01
2.042469845239176518e-01
2.054064980860967893e-01
2.055884890411756316e-01
2.048748555446313346e-01
2.034725380291945995e-01
2.016749465840091959e-01
1.998564394622835971e-01
1.984395131937731482e-01
1.977580209861036498e-01
1.979192894942657099e-01
1.987990447629693347e-01
2.001096886165981692e-01
2.014828581369968730e-01
2.025831134736431061e-01
2.031901163794637977e-01
2.032218724915157149e-01
2.027209948727880240e-01
2.018351837397179827e-01
2.007892917075695671e-01
1.998520041825757043e-01
1.992651679404589538e-01
1.991681454721181133e-01
1.995449501758761457e-01
2.002503678941190968e-01
2.010572643873556886e-01
2.017337766863822601e-01
2.021143730743365230e-01
2.021260077747168982e-01
2.017971112677061640e-01
2.012400246215708677e-01
2.006227562364918671e-01
2.001254584798242975e-01
1.998883282019814356e-01
1.999643463697722556e-01
2.003021405679408229e-01
2.007743013790425357e-01
1.907743114815880214e-01
1.836666677870119890e-01
1.841853971155801017e-01
1.875925398593332460e-01
1.909907049726383699e-01
1.937501307763626612e-01
1.963897884926538717e-01
1.987128365435930077e-01
1.995213171828974508e-01
1.985234640513211801e-01
1.966855006097879832e-01
1.949502036350107825e-01
1.936205904385961962e-01
1.925945226394129572e-01
1.917076885948811316e-01
1.908257357806502907e-01
1.898706889959802802e-01
1.888592726353701956e-01
1.879561394054154178e-01
1.874407484561812220e-01
1.874879227606136012e-01
1.880262893426283555e-01
1.888051045105494652e-01
1.895512668325162742e-01
1.901151653990387491e-01
1.904627601720293162e-01
1.906103300289618552e-01
1.905665522686148805e-01
1.903409838185031178e-01
1.899552532392905502e-01
1.894394358855128746e-01
1.888605376696229632e-01
1.883562573349309155e-01
1.880893875331381415e-01
1.881509855951138954e-01
1.884790168078803452e-01
1.889166562497991975e-01
1.893277328387630853e-01
1.896139139526770989e-01
1.897308666648737652e-01
1.896787870506617124e-01
1.894746309986261312e-01
1.891735096012844841e-01
1.888265847216464288e-01
1.885508890346662969e-01
1.884306090631323871e-01
1.885213875178203269e-01
1.887615718782443830e-01
1.890516186933366150e-01
1.892794075878621585e-01
1.792794534155060238e-01
1.821936735626076276e-01
1.872984462637835024e-01
1.902502720027694494e-01
1.898915949539791148e-01
1.874945657506925656e-01
1.845327435802965044e-01
1.827057362438285759e-01
1.827379278773941795e-01
1.842272547271184002e-01
1.863502529420176801e-01
1.880373704287843228e-01
1.885459347302219368e-01
1.878220055262428689e-01
1.863154104841558967e-01
1.847492655962458541e-01
1.838839761167380960e-01
1.840104080337239267e-01
1.849683945276967001e-01
1.862712899283694434e-01
1.872814564238880763e-01
1.875621154628669129e-01
1.870533301039682128e-01
1.860614379360016613e-01
1.850841449869412847e-01
1.846030660372130761e-01
1.847960418860684628e-01
1.855081711391509680e-01
1.863623745067944371e-01
1.869161713695631777e-01
1.869088449192867485e-01
1.863932474570509368e-01
1.856737820723229626e-01
1.851400360388787136e-01
1.850709708886860982e-01
1.854558916614528208e-01
1.860498359865105367e-01
1.865223092704922370e-01
1.866226874016624071e-01
1.863153040155917095e-01
1.857987716256861432e-01
1.853986823170728215e-01
1.853228520113510136e-01
1.855883832310998571e-01
1.860079951442425994e-01
1.863145358497379778e-01
1.863477113980235023e-01
1.861015259617577189e-01
1.857573543441945751e-01
1.855490027049546409e-01
1.955488871324772837e-01
2.054622310354820569e-01
2.015606138717280782e-01
1.962651931930003424e-01
1.925980117792052415e-01
1.900102004237416431e-01
1.877818692146318025e-01
1.860176258194982390e-01
1.852466367010703607e-01
1.855996684242974815e-01
1.868042606900367497e-01
1.883528757573397772e-01
1.898507311536750952e-01
1.912373156627528159e-01
1.927330569404925864e-01
1.946281031328051525e-01
1.971204301346815568e-01
1.998030705068088164e-01
2.012718290285256950e-01
2.008382394247309466e-01
1.990305618062558624e-01
1.969383029806403562e-01
1.954070824329488254e-01
1.947431700448328251e-01
1.948768669771225592e-01
1.957068930955950248e-01
1.971795365577191927e-01
1.989007939992331331e-01
2.001527081218947568e-01
2.002761959339413034e-01
1.992968447329729609e-01
1.978480984488759087e-01
1.967056398042169585e-01
1.962492858804009699e-01
1.964926270859775059e-01
1.973066777578598996e-01
1.983592603288343026e-01
1.992230618954043131e-01
1.994167954529909303e-01
1.988465405969229993e-01
1.978969510495307005e-01
1.970957606545234442e-01
1.967483627113272016e-01
1.969819547527694170e-01
1.976219171764441451e-01
1.984528522578564991e-01
1.989660740035462672e-01
1.988858329652021251e-01
1.984451694128992749e-01
1.978081120038767404e-01
2.078080892135869551e-01
2.009805642675163428e-01
1.943981567780642961e-01
1.911522690438015593e-01
1.909465055977369319e-01
1.928360501049006248e-01
1.959837947694164084e-01
1.995848638401326591e-01
2.024697879244325704e-01
2.036428691632722054e-01
2.030078690944642494e-01
2.011088140415616676e-01
1.986830513455005720e-01
1.965018356332451366e-01
1.951491061560185758e-01
1.948364934700961559e-01
1.955019347900980031e-01
1.969100185029790950e-01
1.986763642106107453e-01
2.002962769583185587e-01
2.012821907226527429e-01
2.013833428395884473e-01
2.006570070762482561e-01
1.994062569825636733e-01
1.980570414060408291e-01
1.970265394164145978e-01
1.965819226866248881e-01
1.967878884102074177e-01
1.975328989399190438e-01
1.985681787152708266e-01
1.995598029234060822e-01
2.001886735104947135e-01
2.002715563330698112e-01
1.998256959304425817e-01
1.990479455694781630e-01
1.982304874435537878e-01
1.976487239128162099e-01
1.974731760172848405e-01
1.977253300300759187e-01
1.982889518357977277e-01
1.989512248275138728e-01
1.994703008262845023e-01
1.996702689458065838e-01
1.995012641487568239e-01
1.990571479366950447e-01
1.985265029612683363e-01
1.981146240469630893e-01
1.979636633933921364e-01
1.981071875878011035e-01
1.984674862181675659e-01
2.084664328945600165e-01
2.010669377921971979e-01
1.938354505602968847e-01
1.890279459703419207e-01
1.850989418367029460e-01
1.822247236179375951e-01
1.809691927456644478e-01
1.812984126198227963e-01
1.828406945180055809e-01
1.850885426244795462e-01
1.875035421658081403e-01
1.897719791051398208e-01
1.919834389860836099e-01
1.944619769141055221e-01
1.974403638127524563e-01
2.005093848008296653e-01
2.023917398234991172e-01
2.023116935797890648e-01
2.006589651474918468e-01
1.983391904481637269e-01
1.962928571271699563e-01
1.950216780304775688e-01
1.945717041329659003e-01
1.948803445053664540e-01
1.958672603340013696e-01
1.974025677979073523e-01
1.991527945809953293e-01
2.005122658430155691e-01
2.009218237844876409e-01
2.002872689231160741e-01
1.989917373412807833e-01
1.976405058059263753e-01
1.967113407633903910e-01
1.964126968883254110e-01
1.967527702613856011e-01
1.976015348534014282e-01
1.986957149037570924e-01
1.996293331568487206e-01
2.000082054958435551e-01
1.997092537291400016e-01
1.989342420018124225e-01
1.980698498611822844e-01
1.974771552281648634e-01
1.973293606245711262e-01
1.976400321329555010e-01
1.982690289305938103e-01
1.989528180525047540e-01
1.994020086147853532e-01
1.994126068523978390e-01
1.990202397538392287e-01
2.090199537437050781e-01
2.016461566252271409e-01
1.945015223676282434e-01
1.901694315265560487e-01
1.875904769015026563e-01
1.864194066330757682e-01
1.865043780861868339e-01
1.876063528627620325e-01
1.894579178008579112e-01
1.918907888119423255e-01
1.949365587226023211e-01
1.985691718799645067e-01
2.020398333511284894e-01
2.039039380839622606e-01
2.036160079797205980e-01
2.017292831300732669e-01
1.991366131871390721e-01
1.967795953669945752e-01
1.952510152346137728e-01
1.946751906561862699e-01
1.949813202868549145e-01
1.960685615773067603e-01
1.977580902432927445e-01
1.996809993017632234e-01
2.012476735467633449e-01
2.019065362077512304e-01
2.014945002648896866e-01
2.002794973371245790e-01
1.987783757725783418e-01
1.975223902929401087e-01
1.968484906752237529e-01
1.968520638898340891e-01
1.974763685397413482e-01
1.985274050882815111e-01
1.996797246874771892e-01
2.005307236931872239e-01
2.007770839785977535e-01
2.003720101815089083e-01
1.995332394278919175e-01
1.986204627140985002e-01
1.979684635866932885e-01
1.977646845107043916e-01
1.980296093451394124e-01
1.986431100782478920e-01
1.993769117621622400e-01
1.999460159842765261e-01
2.001339394310042152e-01
1.998941828270780485e-01
1.993614377985954977e-01
1.987838442606185696e-01
2.087836001810581266e-01
2.014322487647816351e-01
1.944707844920023632e-01
1.891880633107452803e-01
1.838656307986967220e-01
1.791009030524941259e-01
1.755367303276434143e-01
1.735254340582502997e-01
1.732641295738057419e-01
1.744706031199119711e-01
1.766345562758107612e-01
1.792966101155238356e-01
1.821393188611787339e-01
1.848494420269811978e-01
1.869755015549151023e-01
1.882423432106887506e-01
1.886563344894023886e-01
1.883105666423730284e-01
1.872810509179060889e-01
1.856834094943618507e-01
1.837680239386720316e-01
1.818987113011532042e-01
1.803770775668767090e-01
1.793603257036352761e-01
1.789069085826778260e-01
1.790117929951889619e-01
1.796189107400734397e-01
1.806269172536225098e-01
1.819004468176569078e-01
1.832460340289365219e-01
1.844262823583668331e-01
1.852218487303793903e-01
1.855098602520352802e-01
1.852720912232828088e-01
1.846029231333730647e-01
1.836721676595651775e-01
1.826987255946491973e-01
1.818776935322212740e-01
1.813393925334075563e-01
1.811488681900948194e-01
1.813020414126345625e-01
1.817534676643209335e-01
1.824029796325423447e-01
1.831223854080845093e-01
1.837516605066241149e-01
1.841649202763900595e-01
1.842920123285869405e-01
1.841123053546442345e-01
1.836985692142074078e-01
1.831686056642800875e-01
1.931686046046953709e-01
2.026456609743507165e-01
2.092464739179013267e-01
2.118884459470640746e-01
2.109645918787431684e-01
2.081051917875208490e-01
2.044155793882713179e-01
2.005541928534222695e-01
1.971358204580703488e-01
1.948769466730393141e-01
1.941381694080151765e-01
1.948110379590538288e-01
1.965516028786156444e-01
1.988971543885086901e-01
2.013298228057986972e-01
2.034133866128181589e-01
2.048720003082105390e-01
2.055710936128024025e-01
2.054938306617337396e-01
2.047293508964332376e-01
2.034391717342973749e-01
2.018340305913423616e-01
2.001682598073827313e-01
1.987309208364610447e-01
1.977926257641907659e-01
1.975161721736745923e-01
1.979047609184546308e-01
1.988128311077871080e-01
2.000001376770781936e-01
2.011987776902744163e-01
2.021805648968550695e-01
2.027921042524564177e-01
2.029636406537004834e-01
2.027053926279836216e-01
2.020933835330550876e-01
2.012592231339660198e-01
2.003707822833083463e-01
1.996106160999655821e-01
1.991348263897751991e-01
1.990318033345735982e-01
1.992951764974296436e-01
1.998318050789125722e-01
2.004930676579471105e-01
2.011184342347347442e-01
2.015750737419585714e-01
2.017831848252444604e-01
2.017216946497802088e-01
2.014246070987894544e-01
2.009734447563008286e-01
2.004782316215496241e-01
