1.000000000000000021e-02
2.000000000000000042e-02
1.375418898461373135e-02
8.390859714706001490e-03
4.650985985507533060e-03
2.633367544552294923e-04
-3.514205778586351487e-03
-6.916957359428148322e-03
-9.708867426012842555e-03
-1.292908988565251785e-02
-1.569436176501040961e-02
-1.713851983422066266e-02
-1.665885522468699489e-02
-1.491273129561149907e-02
-1.270525550550033814e-02
-1.068887495010880512e-02
-9.442829439040088813e-03
-8.986506301805386246e-03
-9.180916890407914838e-03
-9.995351107400952256e-03
-1.139433694913034173e-02
-1.307035591963312364e-02
-1.445015338543654236e-02
-1.515205701704232938e-02
-1.505079427612508736e-02
-1.425154637725497067e-02
-1.302308277991818738e-02
-1.177094708138048951e-02
-1.094364195738524968e-02
-1.074759743906768435e-02
-1.117281476267739139e-02
-1.206144270623524424e-02
-1.309068034249128223e-02
-1.386198315046634558e-02
-1.413283158749457750e-02
-1.386412465900767679e-02
-1.318198471648237245e-02
-1.235436333588858793e-02
-1.172008103274972853e-02
-1.150817323961683854e-02
-1.175831235106923091e-02
-1.234275281225572472e-02
-1.300303311035769932e-02
-1.345627496073329050e-02
-1.353899364840656025e-02
-1.325083945728904727e-02
-1.273487559749232438e-02
-1.222885904535559072e-02
-1.195513173481173134e-02
-1.201197282023406393e-02
-1.234755513857346138e-02
-2.347555138573461167e-03
7.647537206908418608e-03
3.737167579513731713e-03
-6.463982051259200071e-04
-3.212221791260377445e-03
-3.657122688500311081e-03
-2.934298085666275403e-03
-8.419083430625702580e-04
1.331406707712293538e-03
2.895172673912634574e-03
2.875880382641168680e-03
1.557120162510563111e-03
-3.161637213288405728e-04
-2.035144479230807397e-03
-3.047428883937943270e-03
-2.632232743636389420e-03
-1.219276250239043069e-03
7.653147190758626678e-05
1.254218284341065319e-03
2.210420484525564035e-03
2.468295676799185396e-03
1.816662794783472680e-03
6.209480985199791400e-04
-1.152023844459382045e-03
-2.932418146585119047e-03
-3.205326489237868628e-03
-2.180319094366592672e-03
-6.734698944636831330e-04
1.463390456147358777e-03
2.793316501094322401e-03
2.763167769646544814e-03
1.555408655261626737e-03
-2.174195794561763467e-04
-1.832219009124510124e-03
-2.697607321329273389e-03
-2.327339857950079787e-03
-1.272107328405243506e-03
-1.419496754890582895e-04
8.868359519923695814e-04
1.738995601864344511e-03
1.826480609057640810e-03
1.277055069178718773e-03
5.845671076025008321e-04
-6.189562207769661950e-04
-9.739648375538479059e-04
-1.527657446680556232e-03
-1.295362241483904260e-03
-8.266593313752934038e-04
-6.819042103728086869e-06
7.382871930240035878e-04
1.073828719302400390e-02
5.862613084184300181e-03
-1.549771114830122108e-03
-3.506599477078027691e-04
6.837045060273014806e-04
1.919222653714807054e-03
6.758254355881342622e-04
-1.455878310461244680e-04
-8.747904985941161535e-04
-2.108625163186496690e-03
-2.335979810607493636e-03
-2.792604555729171628e-03
-4.062092079299872011e-03
-4.145941912178111033e-03
-3.113427239704259254e-03
-2.665263993520288355e-03
-3.099005196550404153e-03
-3.994394773249178299e-03
-3.867982820023127370e-03
-2.995458333159613934e-03
-2.851513888771564989e-03
-3.511480879613088947e-03
-3.916810145232055285e-03
-3.445165531223696141e-03
-2.935930406433087930e-03
-3.206978389365582830e-03
-3.796021203140698824e-03
-3.645405274520512658e-03
-3.068007996268982008e-03
-3.121949335124759271e-03
-3.667899689608216090e-03
-3.672544162368268379e-03
-3.173478623434746078e-03
-3.141876515823365836e-03
-3.593950416164017145e-03
-3.632351273017333810e-03
-3.219139949939017406e-03
-3.196841318952228523e-03
-3.575263010399177144e-03
-3.568829570091419309e-03
-3.222010605500355996e-03
-3.268351541879218215e-03
-3.582750986871383221e-03
-3.489082197103282167e-03
-3.216242550123829102e-03
-3.355595361168400587e-03
-3.579171444993367590e-03
-3.396016862035489397e-03
-3.239373057067037980e-03
-3.449884448357981668e-03
6.550115551642018974e-03
1.358930737478260958e-02
1.921777358369410049e-02
1.930949502472099552e-02
1.645610865799413541e-02
1.365314690455739569e-02
1.130374611315418040e-02
9.344796455359932752e-03
7.470888589880157055e-03
5.593493180376862481e-03
3.725408178002397042e-03
-6.404325215739288188e-04
-4.520686101454043405e-03
-5.466866470726272978e-03
-6.048060468596273831e-03
-6.707125384041518618e-03
-7.368559357852039020e-03
-7.845039715719231976e-03
-8.078101134951647805e-03
-8.076725638946385261e-03
-7.860217712734915430e-03
-7.456313700073517389e-03
-6.938567630730235053e-03
-6.460690659706362290e-03
-6.160794763103352029e-03
-6.050791052677682337e-03
-6.099783202914578484e-03
-6.304624095471731207e-03
-6.658045182400379111e-03
-7.069132842787445407e-03
-7.391338706782098894e-03
-7.533696162041042359e-03
-7.476906281669904591e-03
-7.249309054387823893e-03
-6.926813821356268136e-03
-6.630228366514927078e-03
-6.466411140487505343e-03
-6.473491033010692758e-03
-6.636052891096948757e-03
-6.891771773231184471e-03
-7.135366376702622845e-03
-7.272710335198650893e-03
-7.263738805616672817e-03
-7.123312196402901454e-03
-6.913237886864588740e-03
-6.724658524336082042e-03
-6.634629638800358491e-03
-6.670545383940979650e-03
-6.808127865747216727e-03
-6.981519855983379062e-03
3.018480144016621146e-03
1.262814884946158317e-02
2.126280803858811991e-02
1.742691995847873293e-02
1.220295618477437727e-02
7.858159673331841649e-03
3.201690285134845514e-03
5.475497371387515536e-04
-1.817735944052494609e-03
2.600649803604295103e-04
2.122219789105150856e-03
1.035898981418923066e-03
6.816443743103472791e-04
3.809334138473950671e-04
1.107526316272344422e-04
-1.340993597163851964e-04
-3.562523866585927748e-04
-5.597363685593319477e-04
-7.389875438420919970e-04
-9.762528977091609579e-04
-1.807232766987454213e-03
2.525955519060599057e-04
2.128118311560056423e-03
1.571451195403046359e-03
-7.316192678188922563e-04
-2.880401982175007005e-03
-5.065720876879818875e-03
-7.162411478786247232e-03
-8.801712218070037452e-03
-9.723440232741404135e-03
-1.000071116797153145e-02
-9.735482673860857902e-03
-8.929276352216958604e-03
-7.606512467838341153e-03
-6.014257918533911541e-03
-4.614521972478762349e-03
-3.477117206300292009e-03
-3.170547618320901980e-03
-3.554939523247012574e-03
-4.607556940979348759e-03
-5.707095257186002232e-03
-6.817433976680372341e-03
-7.630366271253141014e-03
-7.940361117333488358e-03
-7.721078959584053852e-03
-7.066008177888333762e-03
-6.187236688159704172e-03
-5.395285777059019225e-03
-4.813094822600396186e-03
-4.411629912922525147e-03
-1.441162991292252449e-02
-8.827807008162515817e-03
-1.951619577055475376e-03
5.993506787006231025e-03
1.312775502987634235e-02
1.648873352581987570e-02
1.513889714506728296e-02
1.174022818280193343e-02
7.891428008175431497e-03
3.470527592817643225e-03
-9.603307310754949713e-04
-4.093850747403874474e-03
-7.047885623871076588e-03
-8.957469432874311938e-03
-9.635374737578274867e-03
-9.305696799697093721e-03
-8.055072745672469878e-03
-5.939838112062287637e-03
-4.272024730015805752e-03
-3.068708120797441347e-03
-1.384834646563701385e-03
-2.519203754600808729e-04
7.794045429399935627e-04
1.794988412018769762e-04
-3.669514767704114711e-04
-9.711124610337491499e-04
-8.292581817348845547e-04
7.990992352393967019e-04
7.400418290941565948e-04
-6.350994099656922251e-04
-1.280003596281103096e-03
-2.607294498375135883e-03
-3.093686648226337630e-03
-2.956104685764777626e-03
-2.231719601173688585e-03
-4.671824647509608200e-04
8.733215610741769559e-04
7.313524176665724434e-04
-6.931795869349297338e-04
-9.088824831757629256e-04
1.128371670808725382e-05
8.485541489581807043e-04
1.888144333271749627e-04
-4.113135226919827515e-04
-1.158950753125724716e-03
-2.498029896703146333e-03
-2.892603487279100851e-03
-2.634296127445009354e-03
-1.684256605960608374e-03
2.765539628154394837e-04
4.742920895767125484e-04
7.915660325242282469e-03
1.527623127296751787e-03
-2.776689099363695810e-03
4.488255926446030157e-04
3.228808889182383218e-03
2.281118669298492010e-03
-1.050882300645690579e-03
-4.150112467783103123e-03
-5.804120881714480359e-03
-6.262585200615357860e-03
-5.487799006635915577e-03
-3.989624961858158868e-03
-1.575685076399193675e-03
4.985971908606974014e-04
2.378514077755213701e-03
1.638719310121929725e-03
9.250498364124618055e-04
3.315383233060555752e-04
-2.082062808777586111e-04
-6.993005952555381415e-04
-1.166666554988010206e-03
-1.819263946619301391e-03
-1.777948201937686740e-03
-1.254992898274370598e-03
-1.087161572881527706e-03
-1.091822489461845508e-03
-1.259864899991137033e-03
-1.734599195353793552e-03
-1.811978804468951853e-03
-1.234343678869620833e-03
-1.020238675841783496e-03
-9.345663348615734301e-04
-9.233215296142514936e-04
-9.774482167456172328e-04
-1.112815162678753135e-03
-1.438817827234639083e-03
-2.087050242910331189e-03
-8.147238945027286683e-04
2.951417848759988957e-04
1.305169189780945420e-03
2.602286295352629168e-03
8.902953840995723924e-04
-6.121315922627248909e-04
-1.984017434903338414e-03
-1.855848557498819898e-03
-9.141491860728971674e-04
-1.181508327629642984e-04
6.053909208714361011e-04
1.267714325488484336e-03
-8.732285674511515439e-03
-4.599577374637126535e-03
-4.989136086522849567e-03
-8.165268616523099765e-03
-7.296802222046935328e-03
-4.562818547383477689e-03
-3.823596350815027488e-03
-3.842462297739660231e-03
-4.521884677367062934e-03
-6.450410418296690859e-03
-7.874624819855820593e-03
-7.076576986663591327e-03
-5.134412390908171808e-03
-4.845817706516792646e-03
-5.904959366409515999e-03
-7.503452470987904792e-03
-7.382964520798980870e-03
-5.909272941594465728e-03
-5.177721350205934277e-03
-5.755399781680122992e-03
-7.059994109276636343e-03
-7.190910137897265665e-03
-6.156250231580253501e-03
-5.438265777532505681e-03
-5.872304115681822693e-03
-6.892118708437061647e-03
-6.976487704368971969e-03
-6.119664653817719936e-03
-5.619986321111578725e-03
-6.101786835883249438e-03
-6.849783478192008473e-03
-6.726970034106629498e-03
-5.978611612933898076e-03
-5.799105030308677154e-03
-6.387358338762620484e-03
-6.788811035810398548e-03
-6.408914215736201403e-03
-5.892144095251807510e-03
-6.070645367613604002e-03
-6.612687215645059007e-03
-6.600353190699492431e-03
-6.100460740196750505e-03
-5.987117318969639897e-03
-6.412016755654828190e-03
-6.611635369052649806e-03
-6.268347149717276405e-03
-6.017832316832377043e-03
-6.286351039531178596e-03
-6.560969130571600236e-03
-6.353475388642754185e-03
3.646524611357246023e-03
-1.303170745619165564e-03
-5.954109835458624121e-03
-7.682056362026614890e-03
-6.999187972443929665e-03
-4.875445249390607076e-03
-7.326542279799423338e-04
3.079367596026581343e-03
3.865924973969970396e-03
1.876874151379655502e-03
-1.918494294720326024e-04
-2.051911960284715473e-03
-3.218061568301941455e-03
-2.306529252950033620e-03
-7.697553704223130538e-04
7.252790711560976218e-04
1.970960960637513880e-03
2.717033383350648743e-03
2.161430699202946185e-03
1.083998517885220681e-03
2.735144883632556348e-04
-4.641186914742156857e-04
-1.158845431161052968e-03
-2.049615680801348747e-03
-2.372467526550046685e-03
-1.826020375676461758e-03
-1.112805325047728881e-03
-6.792089485719383837e-04
-1.707101940296569488e-04
2.925892582489830166e-04
7.151586281565941493e-04
9.764379788892965824e-04
1.265290781925257260e-03
1.896025781176224802e-03
2.131789344187267916e-03
1.703956592300688924e-03
1.266307760771214624e-03
1.251312408011375854e-03
1.617195070752832069e-03
2.044665052145086623e-03
1.869577545120260868e-03
1.389922446941703731e-03
1.340555272567608026e-03
1.707016659176375161e-03
1.983079626970923534e-03
1.730437414844906941e-03
1.400953481156270346e-03
1.498296900632669444e-03
1.880291967655889742e-03
1.865064233807810831e-03
-8.134935766192188944e-03
-8.745309776658898374e-03
-5.552612459261141442e-03
-3.088625180698792525e-03
-6.410322443490910210e-04
1.457608461319203751e-03
1.223435548501958627e-03
8.981004254736468578e-04
1.094057972417300387e-03
1.805784734880985223e-03
-1.385656732997362760e-04
-1.886799886123391879e-03
-1.127979996674307629e-03
-7.618795292653519511e-04
-5.265224631177554872e-04
-3.133629595484769973e-04
-1.199643765399187843e-04
5.567015815272977736e-05
2.152945158257711644e-04
3.604583144175500711e-04
4.925379437520122257e-04
6.128219452016502857e-04
7.254429745364417495e-04
8.853791089859327406e-04
1.404849187375883804e-03
6.429582072781472347e-04
-4.291523862249982998e-05
-6.678284007001455665e-04
-1.254019356579284643e-03
-1.499247404262692325e-03
4.900796488676662302e-05
1.459495354942156285e-03
1.162967207728664342e-03
1.105047427967318762e-03
1.481530382226737023e-03
1.675514340058565851e-04
-1.028886084712324735e-03
-2.667219878639668154e-03
-3.936238239248277329e-03
-4.325851053314645582e-03
-4.286400289085880340e-03
-3.808787286971617586e-03
-2.550716466906967697e-03
-9.643034840641909796e-04
-7.964862378177501971e-05
7.248332597346072255e-04
1.517756914191301532e-03
2.786087871763775342e-04
-8.477445590184338586e-04
-2.170937787966329725e-03
7.829062212033669615e-03
1.084039837350059265e-02
8.907813495466035056e-03
4.895979553325708993e-03
3.528449251939474833e-03
4.786165949403052046e-04
-2.354921746162410776e-03
-1.616864451390533433e-03
-3.646358478364762450e-04
6.068371212346497512e-04
5.544774366430891416e-04
-1.270857433127265627e-04
-7.415164621457275094e-04
-4.370363261251755519e-04
-2.348996584840133575e-04
-5.964359640379926952e-05
9.936538068249447402e-05
2.437690638329334763e-04
3.862837212302061064e-04
6.759868625726356620e-04
-1.050152805464016174e-04
-8.159047952698299157e-04
-9.806496229114662188e-04
-1.845572046947044093e-03
-1.234242070357414534e-03
-1.705734836806871392e-03
-1.212341320360369335e-03
-1.837387401887701291e-03
-1.082637163943670280e-03
-1.486306595303508267e-03
-1.815814223398307028e-03
-8.701465419032154702e-04
6.776375186868220397e-05
9.220685267062505089e-04
2.008776714291147375e-03
1.180885624925601942e-03
1.538862305445522173e-03
1.599815131939473544e-03
1.138574965982499338e-03
1.872204982871600873e-03
1.126006449513225396e-03
1.581905429726577876e-03
1.556977951668647069e-03
1.193122648650098930e-03
1.958644356668255097e-03
1.014505898088267997e-03
1.007515931018581733e-03
1.815688863126460693e-03
1.314250867097963189e-03
1.568959302055867059e-03
1.156895930205586662e-02
8.947475146532567203e-03
2.762371300539048953e-03
-3.678413234537204063e-03
-7.781497501229250012e-03
-8.128584292805144176e-03
-5.948629239634036121e-03
-2.959505764111747695e-03
6.882536675695289513e-04
3.475633031023682429e-03
5.057091547687214694e-03
5.944370204028581392e-03
5.717947487091451508e-03
4.662925954498591333e-03
3.293165809726594610e-03
1.145924497763838815e-03
-9.870225723953665077e-04
-2.024951186897015754e-03
-3.703137781574800981e-03
-4.517420511129893908e-03
-4.842029928428933858e-03
-4.688550742741772262e-03
-4.123132659518359035e-03
-3.104710276807070429e-03
-1.184623044941915306e-03
5.727684981735316986e-04
2.232571791179741548e-03
3.997175626193120307e-03
5.017047034497564700e-03
5.413646771460970883e-03
5.048557078494546324e-03
4.170459607999330194e-03
2.852039159145259260e-03
6.582477306568061508e-04
-1.627987708690229775e-03
-4.885118250395167200e-03
-7.340888052526767932e-03
-7.609972933423692076e-03
-5.927589644934668639e-03
-3.410415022472459198e-03
-2.455186147276105200e-04
2.625305960525353786e-03
4.531981830454417069e-03
5.829363428640172567e-03
6.030582901415988337e-03
5.114405596601250860e-03
3.726062712299257375e-03
1.742599178014644749e-03
1.149567653811435324e-03
4.310632751491663391e-04
1.043106327514916644e-02
3.598888024187433046e-03
-4.654423209760649369e-03
-6.775726520974023614e-03
-4.957963409495528759e-03
-1.369251575805429527e-03
2.352196069955423807e-03
5.940521756531813580e-03
6.791730232590443596e-03
5.338553285826267390e-03
2.561831205579752965e-03
8.356212757025483981e-05
-2.150602837013100913e-03
-4.302743146673572092e-03
-4.582940958910466413e-03
-3.368590769956262242e-03
-1.064132935919456704e-03
4.778512925987811986e-04
1.917160407492107766e-03
2.884718615517719784e-03
3.193673189774343113e-03
2.408156178814555883e-03
1.882867769227393896e-03
9.779957174193580280e-04
6.021235394002904737e-04
-1.973112532845332483e-04
-9.268621067565287240e-04
-1.863594507033832989e-03
-2.214533045246496953e-03
-2.735707833697864633e-03
-2.903224215841059257e-03
-2.400175783931670498e-03
-2.156856364869297066e-03
-2.081481733657859334e-03
-2.033475961599124845e-03
-1.905795002842894381e-03
-1.365693515268005635e-03
-4.103885457802145626e-04
3.134955723585863135e-04
9.845723296921494137e-04
2.138351593237023014e-03
3.317847157252512731e-03
2.908179306311582321e-03
1.806609994539353468e-03
8.276015501297150773e-05
-1.484863590770638033e-03
-1.982120368562024192e-03
-2.205870175290865990e-03
-2.634148642370597471e-03
-2.899033632952872919e-03
7.100966367047127289e-03
1.389866036936241236e-02
1.293569626531789266e-02
1.012435232163985503e-02
8.687371852815022749e-03
8.252369499836783792e-03
8.514979754533908221e-03
9.439806301429780680e-03
1.106619535315367386e-02
1.291683774832354595e-02
1.297470247423847256e-02
1.151084830709940207e-02
1.025517125716184086e-02
9.795367452294100746e-03
1.009975059164277926e-02
1.105782075197575716e-02
1.228907938743047101e-02
1.272336314120554868e-02
1.194449900885704262e-02
1.092494254043402391e-02
1.043346938455623832e-02
1.061026225201412362e-02
1.133979853325375181e-02
1.219598793910010512e-02
1.238445949840426968e-02
1.175322254131529187e-02
1.103502772564381694e-02
1.077750881315580993e-02
1.107345984059197180e-02
1.172211334769757141e-02
1.219343584475754937e-02
1.200092157701276169e-02
1.141866053286232779e-02
1.103577567331033918e-02
1.111007223136208436e-02
1.155664028829370138e-02
1.199462416016128068e-02
1.197072153239860624e-02
1.155080321818988814e-02
1.120639970253747494e-02
1.122307709887898110e-02
1.155848294890144019e-02
1.189515260987420407e-02
1.187156600553639779e-02
1.154514371996369533e-02
1.129402865618866873e-02
1.134385068747311917e-02
1.162637530946128601e-02
1.184548894035587774e-02
1.175610958843788245e-02
1.756109588437882243e-03
-8.230557599873336225e-03
-1.455623250069420019e-02
-1.358065094117182070e-02
-1.005943886387747170e-02
-5.458424140002565011e-03
-3.330793567458011431e-03
-7.142043180360059182e-04
2.202463921563084948e-03
2.544334933970443177e-03
1.378491379515718032e-03
6.329039279611545134e-04
-5.764091156194323801e-04
-1.241612059474758029e-03
-2.593013085437583139e-03
-2.453517635585048678e-03
-8.577897219508860867e-04
6.508367632945925851e-04
1.492526975036712923e-03
2.027902070720105816e-03
7.537041890941025783e-04
-7.986002711287524831e-04
-1.938207305785187053e-03
-1.308577238438328981e-03
-1.250380298550605182e-03
-1.862996718738784644e-03
-9.267408901296677898e-04
-2.827972219954144519e-04
2.865717017184255585e-04
8.251073463130939242e-04
1.134894256166332945e-03
2.187804315392470611e-03
1.400412813296442096e-03
8.645735416733968826e-04
3.447525949463861377e-04
-6.344345420463770938e-05
-4.351244989109330236e-04
-8.240116901868067226e-04
-9.856749059065251107e-04
-1.594144236873789276e-03
-1.435884571056313900e-03
-1.325670411266918671e-03
-1.732163677889784993e-03
-8.193326238330197282e-04
2.271621045975622108e-04
1.179780433083790249e-03
2.883094647006493629e-03
3.436590459891827529e-03
3.372720909725993813e-03
2.701330379536309983e-03
-7.298669620463689792e-03
-9.138424866669110636e-03
-4.583411115530194695e-03
-5.298553627298445076e-04
2.529333129207555174e-03
3.720270369928611962e-03
8.014961139893419031e-04
-3.970778596144671282e-03
-5.642831362489221861e-03
-8.370968118499702570e-03
-9.107601369173103437e-03
-7.971415076834699118e-03
-5.799612919601170383e-03
-4.892850407072866538e-03
-4.627670170825633547e-03
-4.381616899629450432e-03
-3.515410862662928133e-03
-6.799600453894602721e-04
2.972703450801311362e-03
4.719393419673754628e-03
6.489240296047404759e-03
8.412184048038316014e-03
8.871914466650041367e-03
7.905076852881044031e-03
6.091914916989368475e-03
5.126715791361255610e-03
5.014765763225434263e-03
5.556011049536433571e-03
6.982620355807228445e-03
8.079584401620387019e-03
7.995527651776574221e-03
6.905687539243595720e-03
5.788357082851915483e-03
5.673191788287684431e-03
6.504040207947920163e-03
7.556809461863635280e-03
7.775260028824319651e-03
7.073188347394353953e-03
6.134543306823239672e-03
5.958334279482332269e-03
6.617983080420418614e-03
7.401006467008327747e-03
7.484677506368952321e-03
6.857473654549529375e-03
6.206539934413789900e-03
6.249694705407355874e-03
6.881895695815787653e-03
7.346732193897046771e-03
7.165927274752849699e-03
6.578531335207851369e-03
-3.421468664792148839e-03
-8.336569560380188704e-03
-1.090063851655966899e-02
-1.652497637518181295e-02
-1.242531270418122114e-02
-9.198404108461557746e-03
-6.655756869987736885e-03
-3.645077574639703048e-03
-3.726931717285704958e-04
2.560636335071096118e-03
5.426693347952918009e-03
6.976630511515479437e-03
7.696664913503496568e-03
7.930747424386378613e-03
7.821643942818290104e-03
7.356230421146666212e-03
6.390052032018265007e-03
4.716701440588883312e-03
2.083456059134412668e-03
-1.596284952677860542e-03
-3.062798479107948016e-03
-4.806869873775240602e-03
-5.318229987081847521e-03
-4.872268704860064324e-03
-3.457041238692110021e-03
-1.947409921929591685e-03
1.010291456453976363e-03
4.080661463363658391e-03
5.828473695526261399e-03
6.605753294399294671e-03
6.627023612148930619e-03
5.965116894415785700e-03
4.576440061505214311e-03
2.249430513640624137e-03
-5.724300845828286625e-04
-3.145481458645838207e-03
-5.794835419313183050e-03
-7.350102975086173114e-03
-8.252742609404215002e-03
-8.901254745508964394e-03
-9.595081215800483482e-03
-1.063613361437846204e-02
-1.233419691021995536e-02
-1.420345952752504956e-02
-1.421058749546616137e-02
-1.259834951215882577e-02
-1.124553156224501922e-02
-1.079222197099521420e-02
-1.115303814736186457e-02
-1.226152664132935423e-02
-2.261526641329354020e-03
6.272862211749058101e-03
1.368202325078660651e-02
1.370848607020211558e-02
1.053704126959307576e-02
6.166731420265011976e-03
2.720749662466338033e-03
-1.074404332550803459e-03
-4.563135799032485423e-03
-7.276773077463310341e-03
-9.955384457283378979e-03
-1.107828535517483247e-02
-1.027215396372235801e-02
-8.287434756088273360e-03
-6.395477111219209296e-03
-4.987709971965508839e-03
-3.652905550229109365e-03
-1.697674995068940585e-03
5.809108805734861103e-04
2.632338860194972235e-03
3.799323116406424714e-03
4.101452836002018702e-03
3.728748957752376584e-03
2.627334880076191443e-03
9.437180465129929672e-04
-4.890541033047649672e-04
-1.801987916967261573e-03
-2.410096516261458523e-03
-2.278631826490989075e-03
-1.490095581161180035e-03
-3.803307778855906981e-04
6.221203474658402663e-04
1.503454167438439404e-03
1.883458901979721345e-03
1.584860762543289147e-03
8.114698817996867557e-04
1.298352738876709178e-04
-4.907429531519504453e-04
-1.063625257519983103e-03
-1.714461695564351582e-03
-1.687481326740789380e-03
-1.057438182871844141e-03
-6.192068641999574387e-04
-1.857423145270116656e-04
2.084973925584051951e-04
5.670086256542566233e-04
8.721168730889643358e-04
1.222179757323958206e-03
1.505788954806970992e-03
1.269917191933339195e-03
-8.730082808066660580e-03
-3.012309109209878460e-03
1.172852378172859616e-03
4.940946515979227974e-03
9.132661923811645488e-03
8.781313143214470457e-03
5.529108012908808163e-03
2.225183701237820350e-03
-2.834409562346941556e-03
-7.050869848866440220e-03
-7.886139370743307925e-03
-6.222055582657509687e-03
-3.557364814757713913e-03
-1.730602023482397155e-03
2.205458199159873039e-03
4.015256634008743108e-03
6.218699124177272906e-03
7.202461049852243273e-03
6.388459516647460902e-03
4.581453175051479476e-03
3.407764787281154957e-03
2.708793698422304504e-03
1.717133492427048817e-03
-1.229962420807405657e-03
-3.783996922044096430e-03
-6.586123792818169773e-03
-7.872389089617739047e-03
-7.401365311926681560e-03
-5.454274787524630852e-03
-3.557924768085030109e-03
-2.232841336874415682e-03
2.132598308479984051e-04
2.442838534601584049e-03
3.654689480976639621e-03
5.190891715524716295e-03
6.686072475590518725e-03
6.765685495331420427e-03
5.542087901642002608e-03
4.222341945196812427e-03
3.528678490456171272e-03
3.298482317257519017e-03
3.373573315149001016e-03
3.774294256517322227e-03
4.625796227725516990e-03
5.838118163162159778e-03
6.413385611118526189e-03
5.830425997589752315e-03
4.783922283362340017e-03
4.211795459549715070e-03
4.235362627106408796e-03
-5.764637372893591412e-03
-1.552970004584876620e-02
-1.186528430680396443e-02
-6.470477432705208122e-03
-2.140017711135405037e-03
3.434884358777096601e-03
7.767185171089509114e-03
8.848913232577273330e-03
6.532074817134134355e-03
4.523035976621458953e-03
2.186530119872622142e-03
-1.053237998764423866e-03
-4.530548206071949129e-03
-7.133602407797468709e-03
-8.741940622712777303e-03
-7.568870383035182677e-03
-5.366881591689565828e-03
-3.617744321328961263e-03
-1.660555576312478399e-03
1.749110690643042657e-03
2.993490830971797141e-03
3.964332886684948654e-03
4.347087411301985005e-03
4.192228993880752971e-03
3.517375868842413482e-03
2.603026534515433255e-03
1.446111913771750681e-03
-7.441966543371171788e-04
-2.071806734492228144e-03
-2.023538217466556988e-03
-6.628879709778014422e-04
1.294190433492687026e-03
2.677849215422645375e-03
3.670504921892765900e-03
4.187914448953340696e-03
4.104762996350429759e-03
3.474860670222234670e-03
2.610495076314801269e-03
1.493074724467782907e-03
-8.950882802616722065e-04
-3.106479561055669469e-03
-4.937905184694503860e-03
-6.494093509308062132e-03
-7.993568007310431281e-03
-7.601140920000003416e-03
-6.030541659432306877e-03
-4.973648990193070552e-03
-3.936938809705916101e-03
-2.457200365132754857e-03
-5.905807296256743860e-04
9.409419270374325822e-03
2.939793905471266115e-03
-5.161815046560140445e-03
-1.336422936555996255e-02
-1.961975343944039052e-02
-1.830630149628935041e-02
-1.441364657107782436e-02
-1.035409686272060689e-02
-6.019442246709956132e-03
-1.545095949756182356e-03
3.086712347680119206e-03
6.071819326659221375e-03
8.064435372646068523e-03
8.389355760361514452e-03
7.381221028501284108e-03
5.162007559526563677e-03
3.776796301340323153e-03
3.487278403685417031e-03
3.492540158121712045e-03
3.782420175685489040e-03
5.007037750272886126e-03
6.942829870050822375e-03
7.444871212281132383e-03
6.589505929057215550e-03
4.817740619705379937e-03
4.268540554356193249e-03
5.132520753851666645e-03
6.531530683047550613e-03
6.839622773373523271e-03
6.006953041296140758e-03
4.747791057480946555e-03
4.712170867494823272e-03
5.800245256050049966e-03
6.517467245279146698e-03
6.224096887401846592e-03
5.243788145867870829e-03
4.820787413142325027e-03
5.468199252307535951e-03
6.211622961941093597e-03
6.164143619621545445e-03
5.442052113366483909e-03
4.979889945824645531e-03
5.421247533339812116e-03
6.049505014388013510e-03
6.037477017663061413e-03
5.454430987128778587e-03
5.107902552215577187e-03
5.499944827172522852e-03
5.974868879079051238e-03
5.886955238262864439e-03
1.588695523826286551e-02
1.960010645141644844e-02
1.443649856031483519e-02
8.800712336326345711e-03
2.988442880323131240e-03
-3.344317506586444097e-03
-4.932012020300813489e-03
-5.393931601918486654e-03
-6.123705243387819568e-03
-7.908319175787470109e-03
-9.787019175480317010e-03
-9.603652432202515812e-03
-7.939982964089573741e-03
-6.659357098536313087e-03
-6.550442514080271478e-03
-7.481203752392246234e-03
-8.912470993614758641e-03
-9.427077689057586016e-03
-8.615418578417565268e-03
-7.431540657173912878e-03
-6.981016045478558897e-03
-7.456229518858924557e-03
-8.488337688113139698e-03
-9.103384370531163866e-03
-8.690954668117492621e-03
-7.780739727952451848e-03
-7.310574739130801941e-03
-7.605875062661839048e-03
-8.382110384314149856e-03
-8.866634983202984280e-03
-8.554760551519916337e-03
-7.859278696042856088e-03
-7.529159654196859557e-03
-7.823353490200088758e-03
-8.432588279604460654e-03
-8.696439518597273016e-03
-8.340911197989481912e-03
-7.825526228575734045e-03
-7.710112427016285047e-03
-8.071994141825333466e-03
-8.505177131736388341e-03
-8.504964234747357243e-03
-8.107834124066721701e-03
-7.813412087481860779e-03
-7.932259066742256351e-03
-8.304187519966661074e-03
-8.477866207261930409e-03
-8.253533144314980502e-03
-7.944529497069056576e-03
-7.924033579867205065e-03
2.075966420132795143e-03
-5.139605544239102784e-03
-1.349966326206418488e-02
-1.484414068925613180e-02
-1.194249346903020030e-02
-7.387490500632482547e-03
-4.229709996598141585e-03
-4.130029579383930928e-04
2.973521509815306094e-03
2.974456473516154126e-03
7.184900989875868046e-04
-1.237450469045468446e-03
-2.860632711581348638e-03
-2.246344234203029745e-03
-4.923069225687113932e-04
1.097779556019047326e-03
2.730395908160621402e-03
2.446409230271506374e-03
9.020031907087564752e-04
-3.578453645513637871e-04
-1.505383200337922795e-03
-1.607952811208925720e-03
-5.953900374085845885e-04
3.034396170569444605e-04
1.122331121186845564e-03
2.018757355848515081e-03
1.646161867557273135e-03
1.488374206936214032e-04
-1.215415697427313672e-03
-2.400343823819590331e-03
-2.164842541843751012e-03
-8.090803203155509920e-04
3.421538262196126799e-04
1.391701427728032642e-03
1.709958321037617201e-03
7.512290210903215058e-04
-5.218368153112691501e-05
-7.836319160936020380e-04
-1.527733072079720100e-03
-1.161000523741602744e-03
-9.093377024082944767e-04
-8.445580667141959355e-04
-8.958042664561100422e-04
-1.097000141705039514e-03
-1.482086468480682713e-03
-8.573648364979315770e-04
-4.126843102895601809e-04
-9.661255967743692576e-06
3.566761946897193140e-04
6.910382267670625318e-04
-9.308961773232937026e-03
-9.513944410700102272e-03
-6.362490281131938201e-03
-1.737979275740290583e-03
4.970305848793031903e-03
1.055257292309773678e-02
1.498233397985017715e-02
1.248390564170307436e-02
9.766756123030496950e-03
6.834077120766759474e-03
3.640497044788235537e-03
-2.339855346847803143e-04
-3.726861104266622395e-03
-5.894513037075914050e-03
-7.498592263331005543e-03
-8.278117714826727092e-03
-8.263013612005541339e-03
-7.535895651056685046e-03
-6.217741780552834760e-03
-4.586801516299369302e-03
-3.023086676498812179e-03
-4.756406631211589423e-05
2.661686179095598941e-03
3.476433068970305289e-03
2.978755211628859000e-03
1.014840998224551122e-03
-1.818656582081184560e-04
-1.272209285472337666e-03
-2.062584086778650357e-03
-1.284744018382203302e-03
-3.072441831535558266e-04
5.687885267484078886e-04
9.743261646713053141e-04
1.855060581321874708e-03
9.795036183364604337e-04
7.039027293763405312e-04
-2.226605123816249344e-04
-1.066231540108055018e-03
-2.456908551508837999e-03
-2.226822782215043001e-03
-6.002140236040546476e-04
1.401548430977228804e-03
2.311691825693402806e-03
1.710305970256311998e-03
-4.485370795186635097e-04
-2.563767254735222281e-03
-3.003082707724641712e-03
-1.891823166301938525e-03
6.320929159707433780e-04
2.324282026292932672e-03
-7.675717973707067536e-03
-2.594635247226285100e-03
9.264143357526760658e-04
4.506720502471607374e-03
8.754152515569721751e-03
8.261184958426375999e-03
5.004782728963494756e-03
2.335465240811454221e-03
-8.352048756737179801e-04
-4.000826969544141881e-03
-7.931079553930658887e-03
-8.664453031513244183e-03
-7.311522810237855094e-03
-4.313689445642190576e-03
-2.280996030193634897e-03
2.870166234078619719e-04
2.616795273943126315e-03
4.915352136239112442e-03
7.213312901460551541e-03
7.413850476981054954e-03
5.836560477676703933e-03
3.829419580598483492e-03
2.916408500344174187e-03
2.772161302119428850e-03
3.114160806419240344e-03
4.299579632274373037e-03
5.995491983850850110e-03
6.782178087464657730e-03
6.057873338038591987e-03
4.613598794333748088e-03
3.706418619090789002e-03
3.837292382451935532e-03
4.848495864983965072e-03
6.011680861362493633e-03
6.297926837405444164e-03
5.516300127613317505e-03
4.510541261793890241e-03
4.088664946341330486e-03
4.489113076522490905e-03
5.364391933707492871e-03
5.994961799765998259e-03
5.784374296214795860e-03
5.023280466620949972e-03
4.452496476306504018e-03
4.494655441842530623e-03
5.064925133969912924e-03
5.673288365125894218e-03
5.745909696649271689e-03
5.253408957737961196e-03
4.731550806842682241e-03
1.473155080684268245e-02
9.257175501747601232e-03
1.597679581710780526e-03
-6.311018530622928245e-03
-1.068195807056359498e-02
-1.077708443587195933e-02
-8.343511970863668609e-03
-4.195476369200233820e-03
-1.053497734608487783e-03
1.338155334921673455e-03
3.111246745133414409e-03
4.105138520983676702e-03
5.481566670678240591e-03
6.450911675165925049e-03
6.164086793966422166e-03
5.022301219748248960e-03
4.129005092285870614e-03
3.803947028494455724e-03
3.823259765413937819e-03
4.173169575336286435e-03
4.992283885954507811e-03
5.910052832705195436e-03
6.047409075146402239e-03
5.350191990271185166e-03
4.563656793818983773e-03
4.311753020351105983e-03
4.614133889181628798e-03
5.334407218127281206e-03
5.848803835142003804e-03
5.647098590977053453e-03
4.998635049425410350e-03
4.588930543734144260e-03
4.696933350353277130e-03
5.217504490927765866e-03
5.663534413899898312e-03
5.561240672214346967e-03
5.068724071095619989e-03
4.744155042937851091e-03
4.860360527067485344e-03
5.288157687504727554e-03
5.569982773351212293e-03
5.395608464342305580e-03
5.004872668264104263e-03
4.846824044706532324e-03
5.053813879042075990e-03
5.391777047357909636e-03
5.462023060871028582e-03
5.201617199020186141e-03
4.951353093720894244e-03
4.989043073918056868e-03
-5.010956926081943340e-03
-4.505799983919157523e-03
-3.753940411027004848e-04
3.007983179394963392e-03
2.677806135965455931e-03
-2.615143976212957154e-04
-2.828435175133999554e-03
-2.709913293511275172e-03
-5.727087836675122910e-04
1.334321188632435701e-03
3.455378499789097529e-03
3.886752328752895828e-03
2.844059634740824481e-03
3.257018012387323351e-04
-1.953356779775824482e-03
-2.701272218948945134e-03
-1.717158099895229337e-03
-2.694032237792398036e-04
1.046379817252162487e-03
2.430099326598180592e-03
1.939662243983631892e-03
3.876927951489438952e-04
-1.025394637862761960e-03
-2.467241262755635184e-03
-2.082578178718963533e-03
-3.991408652631346643e-04
1.134607993296973903e-03
2.811090516363386541e-03
2.843851805046722966e-03
1.479637426445303775e-03
3.287727535433060573e-04
-7.196848466264765560e-04
-1.679861826796005516e-03
-2.122333342863293865e-03
-1.096515645630884205e-03
-4.000264335918262294e-04
2.341586268152397307e-04
8.115375272322681308e-04
1.351680468043940479e-03
2.161947448707728526e-03
1.354291622436189484e-03
9.341025576857049303e-04
6.175184339223527535e-04
3.305603584486244942e-04
6.956953992117559642e-05
-1.677686522890794096e-04
-3.835659054379725276e-04
-5.797485091525917712e-04
-7.584708104766717989e-04
-9.297278368105571381e-04
9.070272163189443612e-03
1.046198906002721897e-02
1.145272391294477679e-02
1.368328784319880649e-02
1.369311823989076415e-02
1.206541052207823865e-02
1.172064771933596823e-02
1.253112589213006833e-02
1.380681702361319721e-02
1.329541417071775609e-02
1.223638589030392673e-02
1.208126027414983990e-02
1.281503165547246380e-02
1.363491311638586820e-02
1.318350722170836924e-02
1.238353920178136836e-02
1.230368012700492480e-02
1.293875486677973329e-02
1.349811544839693393e-02
1.306864209128045032e-02
1.246468130418422124e-02
1.249129621975511237e-02
1.306455628393882011e-02
1.337436839845932042e-02
1.291653304051636718e-02
1.251425424799218131e-02
1.269211844523338018e-02
1.318662725500496444e-02
1.320748665935969277e-02
1.275739815049824893e-02
1.260037685823566823e-02
1.292355353715358805e-02
1.322257136850888033e-02
1.297755935222978836e-02
1.266945931485824982e-02
1.278179125222807244e-02
1.311574337090076238e-02
1.308327238964642272e-02
1.277462490770141582e-02
1.274420959742048574e-02
1.301705167174359475e-02
1.310164329934707973e-02
1.285228745183053176e-02
1.275591878617997679e-02
1.296219281758801897e-02
1.308355715992660755e-02
1.289079404246177424e-02
1.278148755419562972e-02
1.294398959422268965e-02
1.305807407750344748e-02
3.058074077503447272e-03
1.539285858776906187e-03
-3.665221137982807229e-03
-9.067809059233752911e-03
-7.675428876459294662e-03
-2.931948829503348147e-03
3.825820342674289727e-04
3.282752576333895431e-03
6.533168263113973973e-03
6.495058622379904292e-03
4.267851128511907302e-03
2.210875876244506374e-03
-8.161675080550420680e-05
-2.152696297409706187e-03
-3.422353327096055477e-03
-5.028037484510079584e-03
-5.830137079024199503e-03
-5.071387958717914202e-03
-3.726656619295532456e-03
-2.772115258174116109e-03
-2.373736679449022641e-03
-1.933143050391392895e-03
-4.619966365103798846e-04
7.712056563647063604e-04
1.168052286265041772e-03
1.549255224929058051e-03
8.834214027683081911e-04
-4.939034918727191678e-04
-1.937596377520367594e-03
-2.125974079046393656e-03
-1.626787649785008550e-03
2.820533471332813125e-06
1.487304078513676953e-03
1.990564878135980820e-03
1.441374983868467206e-03
2.659410798014759814e-04
-7.967107781908513379e-04
-9.369199795566676920e-04
-4.261626895406524446e-04
8.431869614459043365e-06
4.039323548758466664e-04
7.620072301711940457e-04
3.399386702118006864e-04
-5.964863726295169992e-05
-4.230767034669651668e-04
-7.798520385190641727e-04
-2.633737140573716223e-04
1.975931409655494312e-04
6.182684271494858635e-04
1.080262015285244010e-03
-8.919737984714756415e-03
-2.167279782655495354e-03
3.960028138131034374e-03
9.175451578475428416e-03
8.434195054759629356e-03
5.007295124118213252e-03
1.958051524912240559e-03
-1.797261584831487576e-03
-3.561072446943586503e-03
-5.321590433818072785e-03
-6.667506350203721184e-03
-6.285951415524668184e-03
-4.823131419928178634e-03
-3.510851067240962960e-03
-2.515975353347508527e-03
-1.978100997578773057e-03
-5.729868132087279423e-04
4.740194627652666477e-04
1.571377005749176629e-03
1.362698958553709141e-03
6.277997071258464411e-04
5.422635578486586193e-06
-5.612594081247614585e-04
-1.328653256591022687e-03
-1.567809563968897927e-03
-5.687552766619995148e-04
9.709906570580767015e-05
7.037724178515244013e-04
8.695659050931669586e-04
1.707767150856216633e-04
-4.658141512067952902e-04
-1.181562731920653576e-03
-1.661585126713350244e-03
-6.483658070012730205e-04
3.355676120164749823e-04
1.226228527875625803e-03
1.813559914884129570e-03
9.131363331524203035e-04
-6.995313550799359213e-04
-1.785189108675357518e-03
-1.294023223336666700e-03
-4.693255336807281193e-04
1.311320051570454221e-04
6.773344148907826760e-04
9.275116517477730504e-04
3.651320229900539794e-04
-1.537862804577645910e-04
-6.255451221229732213e-04
-1.121167850631856356e-03
-1.363440267485182492e-03
