5.000000000000000000e-01
5.100000000000000089e-01
5.200114931451839118e-01
5.280572291754087599e-01
5.269397733947895901e-01
5.231049704270629430e-01
5.188623517277302089e-01
5.156099732207241049e-01
5.139046228918523473e-01
5.137152101155104678e-01
5.147947923849838237e-01
5.168194604847745621e-01
5.193808204599842382e-01
5.219341981108873707e-01
5.237979177045880563e-01
5.244188400666718319e-01
5.237439132105412565e-01
5.221707020402230892e-01
5.202677873084329274e-01
5.185693201040082467e-01
5.174463982680073126e-01
5.170651905379541891e-01
5.174253225353718788e-01
5.183923303665297633e-01
5.197280081267391383e-01
5.211103307953039998e-01
5.221742042157078156e-01
5.226240982236699528e-01
5.223701379138451228e-01
5.215566588850988339e-01
5.204823501388529117e-01
5.194789391505677534e-01
5.188061973409500149e-01
5.186002100209904375e-01
5.188710975027137629e-01
5.195153390328213217e-01
5.203420210488372000e-01
5.211081975550071466e-01
5.215878982363915117e-01
5.216460703288399170e-01
5.212979235482524398e-01
5.206942749829455153e-01
5.200519524359670243e-01
5.195712187068359800e-01
5.193778500614265603e-01
5.195047074226177841e-01
5.198892196258981802e-01
5.203965122428654277e-01
5.208548983338173732e-01
5.211147676742308166e-01
5.211021700007973934e-01
5.111021700007973845e-01
5.020105508361171198e-01
4.944235538800533236e-01
4.883895617266952316e-01
4.837161909653775460e-01
4.801126072631042851e-01
4.773462785849014733e-01
4.752163366587555116e-01
4.735650530542974690e-01
4.722915446289744912e-01
4.713096595589221782e-01
4.705601938861980749e-01
4.699975237553913887e-01
4.695987664112147297e-01
4.693256789165043408e-01
4.691563516125965005e-01
4.690848188558345844e-01
4.690952401308089437e-01
4.691785588304484556e-01
4.693265506063380443e-01
4.695579169368263028e-01
4.698599508017395898e-01
4.702393731223386553e-01
4.707075314286493506e-01
4.712731263549890803e-01
4.719432450941435375e-01
4.727403690260399971e-01
4.736812409001159851e-01
4.747810994859777978e-01
4.760550166456763432e-01
4.775247038558785850e-01
4.792215501049627013e-01
4.811573889093737622e-01
4.833502565550613084e-01
4.858091389074196131e-01
4.885098298085951418e-01
4.914148934091088772e-01
4.944115431441877262e-01
4.973333045519870987e-01
4.999824962756840852e-01
5.021027825169827041e-01
5.033782274478333374e-01
5.036947131689644142e-01
5.031269207606500204e-01
5.018424141849135989e-01
5.001621646991813996e-01
4.982706125060092361e-01
4.964329431324077113e-01
4.948028858947129960e-01
4.935213279979291379e-01
4.835213279979291845e-01
4.778961048069624851e-01
4.754991258370074303e-01
4.749850226603150594e-01
4.758591660255311884e-01
4.777106267316610921e-01
4.803924659924018181e-01
4.839366588263789293e-01
4.875213896128325342e-01
4.906351604825314183e-01
4.918084354574173700e-01
4.906905283924367644e-01
4.880509540779617295e-01
4.851409684093997421e-01
4.826405155252602719e-01
4.813100393583486514e-01
4.807456032755931807e-01
4.809905680616752832e-01
4.820701556324080705e-01
4.838257869690684165e-01
4.859438204680171514e-01
4.880460499724971757e-01
4.895871381546318957e-01
4.898501116245705389e-01
4.890628038719301296e-01
4.876639497285004676e-01
4.859560605424133595e-01
4.844561748749274810e-01
4.835298621575521150e-01
4.831691585462959959e-01
4.836580039478042825e-01
4.846906386831019153e-01
4.860796948919827165e-01
4.874162836134709464e-01
4.886403748739786557e-01
4.890826861930944180e-01
4.885110182054066552e-01
4.873075029092385768e-01
4.859478911017203195e-01
4.847143803930032413e-01
4.841776003115744187e-01
4.842191165481437576e-01
4.849284422620474544e-01
4.860605884011481859e-01
4.872919265543904088e-01
4.880377172474485992e-01
4.881732072946071144e-01
4.879122654042180041e-01
4.870006444637962062e-01
4.859673332222564368e-01
4.759673332222564834e-01
4.675063820911254941e-01
4.593803854243942442e-01
4.507823368260581165e-01
4.416971685163443850e-01
4.322996469225247607e-01
4.226593298118963560e-01
4.128492994746854605e-01
4.031406322989269375e-01
3.940043222751597463e-01
3.857646646338547813e-01
3.784524403550704186e-01
3.719648783374004397e-01
3.661823924175516276e-01
3.610031881101536388e-01
3.563462396655764364e-01
3.521516725131288439e-01
3.483692478970276674e-01
3.449567404700717432e-01
3.418820213063833435e-01
3.391165441174499029e-01
3.366363483796591116e-01
3.344192455076240300e-01
3.324479333849944540e-01
3.307033779448539934e-01
3.291710859675077705e-01
3.278352042268428135e-01
3.266800348761443873e-01
3.256956155839865197e-01
3.248691356011908504e-01
3.241888912066852035e-01
3.236427249022536534e-01
3.232220513340036683e-01
3.229181158413912400e-01
3.227213928858968517e-01
3.226232494937216200e-01
3.226163166941189431e-01
3.226916022900262471e-01
3.228446244967957401e-01
3.230703553889391344e-01
3.233606823507960693e-01
3.237104750322469249e-01
3.241142024914555608e-01
3.245663693257968552e-01
3.250639193876501687e-01
3.256025669536284917e-01
3.261756283498491449e-01
3.267804928810315035e-01
3.274113881928944481e-01
3.280662499302781643e-01
3.180662499303704149e-01
3.093652037794101806e-01
3.026279145825948036e-01
2.974451831838832994e-01
2.929107809007072682e-01
2.883660889813426942e-01
2.836247926597905700e-01
2.789442334672767587e-01
2.748288608501570085e-01
2.715142250251479927e-01
2.688136570906509148e-01
2.663848060147153696e-01
2.639204367110776772e-01
2.611947617845006842e-01
2.581050572069827354e-01
2.548430837048499820e-01
2.518903963829915438e-01
2.499088699168146299e-01
2.493001290732444752e-01
2.500199870841539052e-01
2.517346415073351551e-01
2.539619457072965769e-01
2.561919720633885067e-01
2.580141451461767654e-01
2.592023679239849887e-01
2.596954486179494093e-01
2.595370223941461107e-01
2.587860565095744247e-01
2.575517763234468349e-01
2.559718686188272585e-01
2.543607986555305733e-01
2.530212316352611901e-01
2.522289836403687202e-01
2.521454114891219511e-01
2.527459866611977968e-01
2.538148603941612347e-01
2.550261896880354207e-01
2.561021872026742474e-01
2.568450177278956414e-01
2.571266304606010245e-01
2.569577782677572864e-01
2.564246008591868908e-01
2.556197513590718340e-01
2.547350327210523568e-01
2.539726175359237614e-01
2.534993225654446070e-01
2.534323188900862167e-01
2.537361242030840014e-01
2.543202525729935659e-01
2.550162513746396242e-01
2.450162514125339974e-01
2.377278183384433918e-01
2.319183183621692790e-01
2.257962749051621587e-01
2.190397241858513533e-01
2.121919281466500551e-01
2.056173543701911577e-01
1.994824867480470831e-01
1.941539661759069391e-01
1.901130966832165758e-01
1.877037089888401733e-01
1.870061181928846517e-01
1.878194303104182838e-01
1.897925761815180135e-01
1.925475968407916738e-01
1.957347515800234306e-01
1.990359261511051026e-01
2.021666318705802601e-01
2.049097210343387432e-01
2.071369168586770781e-01
2.087926275961573819e-01
2.098669197251342156e-01
2.103750111077633267e-01
2.103503720554170398e-01
2.098396591957734092e-01
2.089001853706021206e-01
2.075984991028128335e-01
2.060102538398241867e-01
2.042246692102762384e-01
2.023503249859040509e-01
2.005162273153041630e-01
1.988641434493747528e-01
1.975304685195775622e-01
1.966228007130611799e-01
1.962017354012224601e-01
1.962716302604952945e-01
1.967837260124973287e-01
1.976466252114365552e-01
1.987391069197959326e-01
1.999285242258499184e-01
2.010882252165629436e-01
2.021108675705271529e-01
2.029174011083865747e-01
2.034590955846867499e-01
2.037157589380624856e-01
2.036915361298652360e-01
2.034113668044825185e-01
2.029178410951353595e-01
2.022683992991050339e-01
2.015317166690466788e-01
1.915317167519593466e-01
1.870582745969932292e-01
1.897632060874521465e-01
1.938650426055519571e-01
1.971477485412004849e-01
1.985541550528841792e-01
1.980343251672269100e-01
1.961807148118047683e-01
1.937299063353553896e-01
1.914453597688600961e-01
1.901122506189183714e-01
1.901782639519495610e-01
1.913980586060142486e-01
1.931543523888273606e-01
1.948235489668282416e-01
1.959336267157016365e-01
1.962353743426701880e-01
1.957324827602871520e-01
1.946383935284235200e-01
1.932971087563969681e-01
1.921141898359162992e-01
1.914657852617874245e-01
1.915434951547724807e-01
1.922503090621862920e-01
1.932768520976670401e-01
1.942573629639936239e-01
1.948924901269475096e-01
1.950215408786022120e-01
1.946487722590512226e-01
1.939269448259437478e-01
1.931060103767823777e-01
1.924649061033819331e-01
1.922194442924056168e-01
1.924306974762388378e-01
1.929800228118902783e-01
1.936366317948253479e-01
1.941591139636534014e-01
1.943789277923815284e-01
1.942464156574892908e-01
1.938354528628339624e-01
1.933118848950828861e-01
1.928761137524486191e-01
1.926891425318059958e-01
1.928057772579301610e-01
1.931536112174130904e-01
1.935741867347750833e-01
1.938975112565985981e-01
1.940070994737845556e-01
1.938787192761618483e-01
1.935816242025802103e-01
2.035816241772191726e-01
2.080643329762562332e-01
2.080226035455307043e-01
2.054761250445553689e-01
2.017490895152192765e-01
1.981937050033369951e-01
1.964602237962608244e-01
1.969815397467309381e-01
1.990004923700706141e-01
2.015073325989407971e-01
2.035607412643243852e-01
2.045950271222329309e-01
2.044920315948568490e-01
2.034251380297211198e-01
2.017499447673103130e-01
1.999766589608651945e-01
1.987025337638385625e-01
1.983592701867088193e-01
1.989744705275457715e-01
2.002201334172608871e-01
2.015972703888937179e-01
2.026369059140465112e-01
2.030514279875822170e-01
2.027807430949309375e-01
2.019622245724133902e-01
2.008836846612071236e-01
1.999210006900323522e-01
1.994185255729523654e-01
1.995330944962852293e-01
2.001674264721467478e-01
2.010322396309550952e-01
2.017867464837171110e-01
2.021734128349869652e-01
2.020916824191275052e-01
2.016066933464928101e-01
2.009193408286501226e-01
2.003016791025521437e-01
1.999948298659556811e-01
2.001012914887001781e-01
2.005407989809106228e-01
2.011029915018593683e-01
2.015494146059609859e-01
2.017132157553055971e-01
2.015541968217497426e-01
2.011598686962472460e-01
2.007094857152267597e-01
2.003990016769195137e-01
2.003546485892533646e-01
2.005745911468904685e-01
2.009372461627677575e-01
1.909372469298497021e-01
1.967196815079378103e-01
2.026957137856684743e-01
2.052310275832751607e-01
2.044657938782371287e-01
2.017876564774432058e-01
1.984090118071859254e-01
1.956411773346216076e-01
1.946412736110635644e-01
1.954685885083604358e-01
1.974658258362464724e-01
1.997682408452657321e-01
2.015531117384108950e-01
2.023173674204798433e-01
2.019737124113181737e-01
2.007504161886480842e-01
1.990737447399352211e-01
1.974969524807714816e-01
1.965638328542059499e-01
1.965595536563482237e-01
1.973867710813698995e-01
1.986692171157668496e-01
1.999190016107006973e-01
2.007199899689968425e-01
2.008559207883578723e-01
2.003451507091846273e-01
1.994028963331366533e-01
1.983723462055198561e-01
1.976297306637672668e-01
1.974353150579603311e-01
1.978184743865849526e-01
1.985803816191346050e-01
1.993986538093680816e-01
1.999624718823714009e-01
2.000882672681063845e-01
1.997672362786866718e-01
1.991523340730842195e-01
1.984987193883129553e-01
1.980691894129971986e-01
1.980240818229307143e-01
1.983505080593346848e-01
1.988793384230674866e-01
1.993728560909146241e-01
1.996318785523356620e-01
1.995701402073967179e-01
1.992392776339086402e-01
1.987988812232305003e-01
1.984475231393666439e-01
1.983341850550737195e-01
1.984896187332232387e-01
2.084896187099756770e-01
2.101403688919713242e-01
2.078169898945942395e-01
2.038197660365228536e-01
2.000612088083996709e-01
1.990822862476384070e-01
2.006723279620145350e-01
2.033094240714314604e-01
2.055913724788988872e-01
2.067007225671446957e-01
2.065056686626362270e-01
2.052523691285258189e-01
2.034036905633619385e-01
2.016418796253555967e-01
2.007360406880434045e-01
2.010315712980183522e-01
2.022347174664546332e-01
2.037154685430580536e-01
2.048512338968335733e-01
2.052769134810040197e-01
2.049293084076047600e-01
2.039866194347886019e-01
2.028167061033707697e-01
2.019016402485869777e-01
2.016355197967437951e-01
2.020881575659959628e-01
2.029821220539558269e-01
2.038785876965367172e-01
2.044064777169199709e-01
2.043947861282304213e-01
2.038926279320512902e-01
2.031343974440172617e-01
2.024609699817712383e-01
2.021816780105465117e-01
2.024038066641084266e-01
2.029751345482339597e-01
2.035893937546958965e-01
2.039578954529334687e-01
2.039399013558611806e-01
2.035750435253389501e-01
2.030544214448143925e-01
2.026397380658810643e-01
2.025337387207876427e-01
2.027668373220468945e-01
2.031894944685940230e-01
2.035675258725525016e-01
2.037139116892144053e-01
2.035778739016795846e-01
2.032479274054595775e-01
2.029090090401693969e-01
2.129090088734513220e-01
2.100510929717432640e-01
2.053061108127043344e-01
2.019148236388315920e-01
2.025811510740839205e-01
2.052218608099558306e-01
2.078843621961337373e-01
2.094076073648162839e-01
2.094229668047931370e-01
2.081968719595142236e-01
2.062994607070336162e-01
2.044548745967623149e-01
2.034826263743289287e-01
2.037977592811925365e-01
2.050564473631798224e-01
2.065658559616243839e-01
2.077016126566552379e-01
2.081027649605539653e-01
2.077109346932982104e-01
2.067293409548894845e-01
2.055431397395575399e-01
2.046322370219236519e-01
2.043920816675234287e-01
2.048809841736644877e-01
2.057954524917158246e-01
2.066941273556770764e-01
2.072143162197729316e-01
2.071922921307865761e-01
2.066834114056128879e-01
2.059197742283868648e-01
2.052365230923210437e-01
2.049459028695908291e-01
2.051600342256984233e-01
2.057276557503517345e-01
2.063478006674395182e-01
2.067355411816164945e-01
2.067429436482783600e-01
2.063975051201523969e-01
2.058785464187624925e-01
2.054402494259801315e-01
2.052982192044212895e-01
2.055031055609713442e-01
2.059173641093711704e-01
2.063094962995733472e-01
2.064898617614882581e-01
2.063891628276002810e-01
2.060785103232203319e-01
2.057309100480721464e-01
2.055309471019422518e-01
2.055771844489572286e-01
1.955771845213853666e-01
2.006402722801744754e-01
2.057720596264614177e-01
2.080666176205781537e-01
2.077609844145393569e-01
2.056932788850584226e-01
2.027034899210118646e-01
1.998971270052192217e-01
1.986324109127102222e-01
1.992828746548913899e-01
2.011618710981116775e-01
2.033038048352100446e-01
2.048744564165526916e-01
2.054563397958287518e-01
2.050255190474842837e-01
2.038033430446418159e-01
2.021985867227025779e-01
2.007826830070197910e-01
2.001181761323435337e-01
2.004205670967305897e-01
2.014572080342335592e-01
2.027303487050896025e-01
2.037342126378056395e-01
2.041483880346799396e-01
2.038956574835949498e-01
2.031128532326857694e-01
2.021020336697018083e-01
2.012638197442370713e-01
2.009392221781615695e-01
2.012314934255463594e-01
2.019567796117952563e-01
2.027635519192704239e-01
2.033163127732529885e-01
2.034228050101171970e-01
2.030816864041947167e-01
2.024572534697005044e-01
2.018254462115221803e-01
2.014661825112705751e-01
2.015262213960466176e-01
2.019418659614166667e-01
2.024879470389674141e-01
2.029053199176282518e-01
2.030211206914259436e-01
2.028116863622857757e-01
2.023936735062897563e-01
2.019745775881431615e-01
2.017554726523230479e-01
2.018311010035115927e-01
2.021375870708881084e-01
2.025012263109460531e-01
1.925012263351102426e-01
1.895275855249006769e-01
1.922609775097573470e-01
1.962095028451940615e-01
1.992122444367354361e-01
2.000167454857825766e-01
1.988483922358774969e-01
1.965803149701929042e-01
1.941823841864487310e-01
1.925625586930675703e-01
1.922730247643393564e-01
1.932235850840244018e-01
1.948867401785466524e-01
1.966124439709726057e-01
1.978010982093978409e-01
1.980894107230609380e-01
1.974776682468009636e-01
1.962682356697914576e-01
1.949207970537670531e-01
1.939114199947312989e-01
1.935742116305891047e-01
1.939702184934150586e-01
1.948871878215965026e-01
1.959529543176722899e-01
1.967756929342890926e-01
1.970763185818011631e-01
1.967904692170704406e-01
1.960716193281737685e-01
1.952201447510061583e-01
1.945646097804289709e-01
1.943409478422701009e-01
1.946019211243792124e-01
1.952036766346675889e-01
1.958834786257560578e-01
1.963663914305480984e-01
1.964746971069820658e-01
1.961961398818657665e-01
1.956749225364733391e-01
1.951450722993404996e-01
1.948276025748844897e-01
1.948413775857514574e-01
1.951527873148517223e-01
1.956028257998026487e-01
1.959840424147129279e-01
1.961352290774860674e-01
1.960085963126939890e-01
1.956836677415150771e-01
1.953228421939504633e-01
1.950940574340118971e-01
1.950920569869281085e-01
2.050920569407357341e-01
2.034041526509458575e-01
1.989693691212514048e-01
1.954763657206225747e-01
1.951867986986014769e-01
1.971713538017889900e-01
1.999315490273105012e-01
2.019433930891446904e-01
2.023176845162280302e-01
2.012083365865678652e-01
1.993003171360601400e-01
1.975141411280423309e-01
1.966710764536984679e-01
1.970315054986725989e-01
1.982837642736483552e-01
1.997984625726639818e-01
2.008811848940371958e-01
2.010948028483088013e-01
2.004419287254872728e-01
1.992819558806932234e-01
1.981642808098079689e-01
1.975973879860974947e-01
1.977904806094126500e-01
1.985853070613481375e-01
1.995689459130222110e-01
2.002673142512023940e-01
2.003781200898556991e-01
1.999011108020617711e-01
1.991076248168210383e-01
1.984038780496121535e-01
1.981295244628148711e-01
1.983835025682934294e-01
1.989959008868369128e-01
1.996282311354478367e-01
1.999582751591368057e-01
1.998417507686902628e-01
1.993752404299810321e-01
1.988311628243595586e-01
1.985041380573389636e-01
1.985535581606754918e-01
1.989210208449912476e-01
1.993808357778033280e-01
1.996692697312980880e-01
1.996392629706173760e-01
1.993339999044479449e-01
1.989494009173859712e-01
1.987144256813138110e-01
1.987532023408991877e-01
1.990198855898227814e-01
1.993374865501069959e-01
2.093374864687900516e-01
2.046875281930165547e-01
1.983886166230496850e-01
1.961647838376827935e-01
1.979961734244111426e-01
2.013438773220666278e-01
2.041468488912568380e-01
2.051273606953008533e-01
2.043266934269493129e-01
2.023386926668970243e-01
2.000342313666598204e-01
1.984829555275842983e-01
1.983480772085685073e-01
1.994733891780117729e-01
2.012068584348957190e-01
2.027434936556505307e-01
2.034702341047214258e-01
2.032074463100751460e-01
2.021557998328470662e-01
2.007784939229378118e-01
1.996751761794312852e-01
1.993244172174489515e-01
1.998149648951803858e-01
2.008445272775842283e-01
2.019067640104352246e-01
2.025339422088587582e-01
2.025015457477246372e-01
2.018805382309873664e-01
2.009809752787442283e-01
2.002273186644492053e-01
1.999678681365470723e-01
2.002878085588006007e-01
2.009807644381458869e-01
2.016812638322038609e-01
2.020550138904765036e-01
2.019539943334369425e-01
2.014651846168506177e-01
2.008531381728764220e-01
2.004338272376295083e-01
2.004084876644691426e-01
2.007607524173282143e-01
2.012728745786927509e-01
2.016611189273918581e-01
2.017353030495004362e-01
2.014836808851044880e-01
2.010645447612726677e-01
2.007156137655065620e-01
2.006262612001029344e-01
2.008249848759552647e-01
2.011745278287759564e-01
2.111745277461374026e-01
2.146897227825142751e-01
2.127484874370763890e-01
2.090398650171806094e-01
2.052628732653672128e-01
2.028138068703325136e-01
2.027850916569388373e-01
2.045544804063127442e-01
2.069902808421650586e-01
2.092089935953646007e-01
2.106523277311360409e-01
2.110435949162443592e-01
2.104174602593272825e-01
2.090598836338675159e-01
2.073635305107357496e-01
2.057692551639021261e-01
2.047355547713467505e-01
2.045792420694307889e-01
2.052673087671867957e-01
2.064649555617401044e-01
2.077477002327601796e-01
2.087548278484222253e-01
2.092532642925625241e-01
2.091628254206312210e-01
2.085574418185931200e-01
2.076315764200255265e-01
2.066528177634427976e-01
2.059097164389700196e-01
2.056284618475621717e-01
2.058710218616016108e-01
2.065062712278460111e-01
2.072865530677615309e-01
2.079552454868562050e-01
2.083242127008304578e-01
2.083113431720371167e-01
2.079514853924099016e-01
2.073774015739812959e-01
2.067812647615915600e-01
2.063610166420214720e-01
2.062516177535681228e-01
2.064683872062260672e-01
2.069038448259827301e-01
2.073842003048429194e-01
2.077405216597767446e-01
2.078639645467023067e-01
2.077333085851279237e-01
2.074129072856566447e-01
2.070279904309484664e-01
2.067218027467550290e-01
2.066032710152166385e-01
1.966032715128678832e-01
1.926076992199714788e-01
1.949089149500891349e-01
1.989510996542445398e-01
2.021100492259187975e-01
2.030493618247750376e-01
2.020081952553590132e-01
1.997558629394529661e-01
1.972430479335633424e-01
1.955691541751128637e-01
1.953914923768923784e-01
1.965353107509504593e-01
1.983524606864112971e-01
2.000519276921639000e-01
2.010007536063102285e-01
2.009562944245744942e-01
2.000477122914020578e-01
1.986600641779796006e-01
1.973371229428793061e-01
1.966081899567913849e-01
1.967242433572755911e-01
1.975532485258953419e-01
1.986899070671222234e-01
1.996494237760470525e-01
2.000727441604330803e-01
1.998485313400455432e-01
1.991157108259318798e-01
1.981981930855788721e-01
1.974898095955825994e-01
1.972839357959646489e-01
1.976307737097397765e-01
1.983285798345826856e-01
1.990381446932370513e-01
1.994505878974742186e-01
1.994149843790621879e-01
1.989825517134326538e-01
1.983729089637998322e-01
1.978765656693715069e-01
1.977204013950974448e-01
1.979501181131229637e-01
1.984234904677459055e-01
1.988909655596351744e-01
1.991290371254257063e-01
1.990445330830984960e-01
1.987039889158922490e-01
1.982935238749890250e-01
1.980250040657787480e-01
1.980254308418059883e-01
1.982723647528846778e-01
1.986154433893793092e-01
2.086154416895418529e-01
2.021330729045253405e-01
1.951402743311911603e-01
1.937147644673553881e-01
1.960210574820256679e-01
1.996592103322443468e-01
2.027259700568586620e-01
2.040484673688446604e-01
2.035801200544297418e-01
2.017984928156296154e-01
1.993869863775145357e-01
1.972333359592078061e-01
1.962068011980479532e-01
1.965821655804535772e-01
1.980089639221271347e-01
1.998278256329387437e-01
2.013328717903072884e-01
2.020383168341787217e-01
2.018119879208563616e-01
2.008196429505697267e-01
1.994364887626849936e-01
1.981728953040513552e-01
1.975099028211171337e-01
1.976619414244749351e-01
1.984902185281715026e-01
1.996060678862736915e-01
2.005542955020103435e-01
2.009976932856858967e-01
2.008227369328872691e-01
2.001438417155616822e-01
1.992482795223978476e-01
1.985041609066684198e-01
1.982106358414746916e-01
1.984574413338257848e-01
1.990920517756744057e-01
1.998096470455333618e-01
2.003037817388830244e-01
2.003900604500289673e-01
2.000666435623439932e-01
1.995000593157359725e-01
1.989514847318446522e-01
1.986667431415673479e-01
1.987557902861341874e-01
1.991460830618597688e-01
1.996298938072294249e-01
1.999762522580155744e-01
2.000388332913219103e-01
1.998129623170196434e-01
1.994265403563696970e-01
1.990747730689821637e-01
2.090747730322587983e-01
2.157479253542761155e-01
2.175031967312175130e-01
2.155471841735346339e-01
2.121499220092993021e-01
2.085825559983680022e-01
2.055506396710300165e-01
2.036667989048951688e-01
2.033357380614838894e-01
2.043840401313169741e-01
2.062809635794994323e-01
2.084778333904386272e-01
2.105463816935920496e-01
2.121582893245192170e-01
2.130569864220302756e-01
2.131205620251442612e-01
2.124238472945281786e-01
2.111947999549312338e-01
2.097136618936735197e-01
2.082502034472248909e-01
2.070486676674430926e-01
2.063135171687829061e-01
2.061615170446977341e-01
2.065751586705281695e-01
2.074139284859775889e-01
2.084707403165242390e-01
2.095298605905152323e-01
2.104015980464727931e-01
2.109418448071138374e-01
2.110742153002611032e-01
2.108057146678554705e-01
2.102221504158234000e-01
2.094614177499289354e-01
2.086819809977269458e-01
2.080354414378879913e-01
2.076429901187185900e-01
2.075675498618230197e-01
2.078002436056866076e-01
2.082651692714897751e-01
2.088430752578031568e-01
2.094031472311824460e-01
2.098303672092029781e-01
2.100460749684361916e-01
2.100216062451340238e-01
2.097817752592386897e-01
2.093964212701454886e-01
2.089607491938609285e-01
2.085754631801484960e-01
2.083232362600775656e-01
2.082519375887242896e-01
2.182519367241652908e-01
2.111303774361162899e-01
2.047079652741413125e-01
2.017359493823345229e-01
2.028384239861415195e-01
2.058688837067745026e-01
2.093245547479736512e-01
2.122708256755297118e-01
2.140509776182860924e-01
2.142991264254354156e-01
2.132027353118906843e-01
2.112797320539837043e-01
2.090652017184050915e-01
2.070304797750141257e-01
2.056145224197058197e-01
2.051417906150353188e-01
2.056469516548109222e-01
2.068741194637177538e-01
2.084358820481785057e-01
2.099534183435456391e-01
2.111159824585171763e-01
2.117071007655459969e-01
2.116437733863908988e-01
2.109985138299748375e-01
2.099655847875900871e-01
2.087973220471970315e-01
2.077556202570350341e-01
2.070720625700463169e-01
2.068919017230995694e-01
2.072210765693478507e-01
2.079294997247359000e-01
2.088061454247775173e-01
2.096272160289443520e-01
2.102052975368256249e-01
2.104238694807513410e-01
2.102598520073595267e-01
2.097844640060933519e-01
2.091368789831819786e-01
2.084888796109041764e-01
2.080047314450023388e-01
2.077995812962359357e-01
2.079074214530432507e-01
2.082723283076361176e-01
2.087727733667613661e-01
2.092618950596749627e-01
2.096103287120907044e-01
2.097365446581136161e-01
2.096256188241236440e-01
2.093268616442597874e-01
2.089374813074031945e-01
1.989374813808456322e-01
1.903159746553096943e-01
1.864576337865762323e-01
1.874254908121920360e-01
1.906500531693867406e-01
1.945766860233086593e-01
1.981787827858389750e-01
2.005723925498502369e-01
2.013138752239633511e-01
2.005355618874314627e-01
1.986721322337821338e-01
1.962658017045160186e-01
1.938835786663780925e-01
1.920253069507592836e-01
1.910374251516387678e-01
1.910440656293776462e-01
1.919290431631944516e-01
1.934107501241102700e-01
1.951365929695847157e-01
1.967332443163403444e-01
1.978642350708564313e-01
1.983126233907371305e-01
1.980380349055296252e-01
1.971705239920930885e-01
1.959571455646694771e-01
1.946978400575402612e-01
1.936771284308033969e-01
1.931022092056943196e-01
1.930654279520443994e-01
1.935281923738788046e-01
1.943459065565726340e-01
1.953040660737317968e-01
1.961678102390125022e-01
1.967342651661070085e-01
1.968857473559730842e-01
1.966184073884670869e-01
1.960350668891256143e-01
1.953090501071217677e-01
1.946364279851146850e-01
1.941838415624037861e-01
1.940485972374179358e-01
1.942391884497032539e-01
1.946802728749795208e-01
1.952364611551455631e-01
1.957502341436638815e-01
1.960843355350524453e-01
1.961604426047719452e-01
1.959785970446486780e-01
1.956121186808406076e-01
1.951804378410745555e-01
2.051804378106023286e-01
2.123607142432084594e-01
2.164086301911674060e-01
2.169740458037131559e-01
2.151135435192645384e-01
2.120652993195931146e-01
2.086407054578582887e-01
2.053311058228640962e-01
2.026137420343996354e-01
2.010702005497651823e-01
2.010071573874787076e-01
2.021981546450613287e-01
2.041344238740700756e-01
2.062956161052623139e-01
2.082929509165755977e-01
2.098797230865369068e-01
2.109041786991600054e-01
2.112922287885337369e-01
2.110529061975176257e-01
2.102768103692079782e-01
2.091082028943723470e-01
2.077192228885147429e-01
2.062974987117051628e-01
2.050466219936427081e-01
2.041716066001105501e-01
2.038243891156081566e-01
2.040405181877374408e-01
2.047213720024101957e-01
2.056793055335056353e-01
2.067059063024730414e-01
2.076214525571293268e-01
2.082957396716120790e-01
2.086525196039223928e-01
2.086681888389785022e-01
2.083677377157561184e-01
2.078194429217302130e-01
2.071225402402084304e-01
2.063971894575118149e-01
2.057702211985945606e-01
2.053538116811280123e-01
2.052183971499855486e-01
2.053711216386710225e-01
2.057541021177875240e-01
2.062663505164024358e-01
2.067933193760926880e-01
2.072332706861509111e-01
2.075135126485423143e-01
2.075983714889305387e-01
2.074890057787407427e-01
2.072205789386097063e-01
1.972205792042262262e-01
1.933575420223942742e-01
1.954917150774699575e-01
1.994361617504596951e-01
2.027494842074162862e-01
2.039638358190685452e-01
2.031397488041023769e-01
2.010177235562227160e-01
1.985118742289890548e-01
1.966474614661524734e-01
1.961488905963308105e-01
1.970004884926618016e-01
1.986797611253020568e-01
2.004663684561993620e-01
2.016897775180296892e-01
2.019810416215236937e-01
2.013512571276524221e-01
2.001008856633508803e-01
1.987104075018166216e-01
1.977088300578390689e-01
1.974581160579511885e-01
1.979848420948680521e-01
1.990095278976763415e-01
2.000930836018192382e-01
2.008157037903691433e-01
2.009396898066259374e-01
2.004715112707297631e-01
1.996321785081937861e-01
1.987745562910028518e-01
1.982496376385595449e-01
1.982523643264058055e-01
1.987373505735067492e-01
1.994578009623356185e-01
2.000889012445686010e-01
2.003745694290202939e-01
2.002246385593743627e-01
1.997366668667882594e-01
1.991459928378443989e-01
1.987213214488076640e-01
1.986439584178426032e-01
1.989204310670998344e-01
1.993931105085819389e-01
1.998254361918251620e-01
2.000205286203017851e-01
1.999088973185141338e-01
1.995680724227362479e-01
1.991769910684463296e-01
1.989293955892456889e-01
1.989375670434577748e-01
1.991750202506112344e-01
2.091750202201681785e-01
2.137745239625772065e-01
2.135161046826803688e-01
2.107485678938177953e-01
2.070549116436790349e-01
2.034647972901749979e-01
2.013058575650475135e-01
2.014592202186251124e-01
2.032760467827864070e-01
2.057031812165133755e-01
2.078933852733303445e-01
2.093505263154331331e-01
2.098685261697923188e-01
2.094642226262554696e-01
2.083195769486788085e-01
2.067196133368043032e-01
2.050317601343221441e-01
2.037051545417749299e-01
2.031562344940949505e-01
2.035163140356874290e-01
2.045565310206682585e-01
2.058578655560379667e-01
2.070149292033700295e-01
2.077501794693560611e-01
2.079358879781945113e-01
2.075801397955244487e-01
2.068047717630024929e-01
2.058225585410174974e-01
2.049086596827190132e-01
2.043413353123619547e-01
2.042918443378688165e-01
2.047351950858593561e-01
2.054709388484282639e-01
2.062299416717962852e-01
2.067801176703958632e-01
2.069863658989445077e-01
2.068212843632494802e-01
2.063587714569827258e-01
2.057536587815100848e-01
2.052037725350810138e-01
2.048922589806594641e-01
2.049150432582267367e-01
2.052362970039720569e-01
2.057109365482098495e-01
2.061583339554426964e-01
2.064311409257446051e-01
2.064552741414663328e-01
2.062438736331565492e-01
2.058857834511967355e-01
2.055141285972992560e-01
1.955141286555996671e-01
1.962649560928780568e-01
2.000368283288740667e-01
2.030653293923045111e-01
2.035630227370441581e-01
2.020377047674785376e-01
1.996252120152516296e-01
1.976849268288237704e-01
1.972708266059397808e-01
1.983266677860571481e-01
2.000864796698154369e-01
2.016049794978975740e-01
2.021901767549431073e-01
2.017056435593225783e-01
2.004829298436282825e-01
1.991289511852075977e-01
1.983081801738547645e-01
1.983831367924810962e-01
1.992212989687232871e-01
2.003392686154943925e-01
2.011722421227881696e-01
2.013517756209584619e-01
2.008580797231786785e-01
1.999758223006619096e-01
1.991636456815437939e-01
1.988319581190115537e-01
1.991149226965879537e-01
1.998101073803707495e-01
2.005199986362703191e-01
2.008759123242566114e-01
2.007266593673971700e-01
2.001883543278587252e-01
1.995735464588794250e-01
1.992258604095577534e-01
1.993196922854066633e-01
1.997647746234339772e-01
2.002792716026402797e-01
2.005650505430775499e-01
2.004811006226259740e-01
2.001050801554801195e-01
1.996766248363247287e-01
1.994548419960644747e-01
1.995583885171537675e-01
1.998973733221443005e-01
2.002440256835005816e-01
2.003832094081538229e-01
2.002473426567095705e-01
1.999432781855707830e-01
1.996752881444320560e-01
1.996144416415114309e-01
2.096144410460165919e-01
2.038867995120660082e-01
1.971744840158376200e-01
1.961954712398426004e-01
1.989150562180369841e-01
2.023246105927578586e-01
2.045345927320340595e-01
2.049822130655079011e-01
2.039116693987748641e-01
2.018564733220394036e-01
1.995708787155527908e-01
1.980879028397123653e-01
1.981192417515597881e-01
1.994059466725235097e-01
2.011597344751805960e-01
2.025856191988550659e-01
2.032057623164046090e-01
2.029187117608622082e-01
2.019027787639236238e-01
2.005464653253994367e-01
1.993989140962199591e-01
1.989751048273456502e-01
1.994198241186385667e-01
2.004287518018195713e-01
2.014870486349835121e-01
2.021509191403493000e-01
2.022061064653500884e-01
2.016862100151458614e-01
2.008299888708043324e-01
2.000155955205855374e-01
1.996215285195443445e-01
1.998131158534571516e-01
2.004416235367797450e-01
2.011605754245207600e-01
2.016298493048810925e-01
2.016673355906626330e-01
2.012930744458713284e-01
2.007022889127761112e-01
2.001889785798472710e-01
2.000086991137995651e-01
2.002321124289729581e-01
2.007045311103244356e-01
2.011584310079970461e-01
2.013693755383068051e-01
2.012558515001011683e-01
2.008993401327533457e-01
2.004985812277206014e-01
2.002714949963055879e-01
2.003317189974581358e-01
2.006203946466002808e-01
1.906203960571629941e-01
1.927383516716140444e-01
1.971868228409908719e-01
2.006146291283225080e-01
2.006878320128495374e-01
1.985311792632799277e-01
1.958002847939420699e-01
1.939319099378982170e-01
1.936058404121152321e-01
1.946663110673256813e-01
1.965126412733756156e-01
1.983407965844993792e-01
1.993164238791837184e-01
1.990691652420018276e-01
1.978795108898657729e-01
1.963788311676671894e-01
1.952357633025665340e-01
1.948735937646158267e-01
1.953493157620715126e-01
1.964025179638617113e-01
1.975684266343861184e-01
1.983329564213077989e-01
1.983724472710168829e-01
1.977348153594824798e-01
1.967774896300799881e-01
1.959592258615735771e-01
1.956256235238546526e-01
1.958774576508559573e-01
1.965577631322642793e-01
1.973338307260749380e-01
1.978347104635815867e-01
1.978349559208447406e-01
1.973749162313679917e-01
1.967251985417011462e-01
1.962186118444503857e-01
1.960861149740925347e-01
1.963597320188141537e-01
1.968751057972995822e-01
1.973569183694935114e-01
1.975568199484308840e-01
1.973897372985532750e-01
1.969787887954775052e-01
1.965641733915858280e-01
1.963665980065646133e-01
1.964708489717557627e-01
1.967962053218549334e-01
1.971479856687052279e-01
1.973294153862795719e-01
1.972493435519354077e-01
1.969762636841324022e-01
2.069762636246203769e-01
2.126554049086530063e-01
2.137386675573453021e-01
2.118484513264244362e-01
2.085295781711774266e-01
2.048014823120603012e-01
2.017359967649922092e-01
2.004605463507450891e-01
2.011397826280794665e-01
2.031087586002590373e-01
2.055262158096159419e-01
2.076570633868598803e-01
2.090261430742968163e-01
2.094424141385932692e-01
2.089420515845091531e-01
2.077195186217449252e-01
2.060777948038855500e-01
2.044084032231834602e-01
2.031561817729287400e-01
2.026749220692863063e-01
2.030488951663794173e-01
2.040694997003526800e-01
2.053630691001357700e-01
2.065407322685196279e-01
2.073118379991762406e-01
2.075286558105143564e-01
2.071908259489450843e-01
2.064210782711096148e-01
2.054390301878908365e-01
2.045221539138810662e-01
2.039405020199697161e-01
2.038564409137501032e-01
2.042570196666357307e-01
2.049682210176559660e-01
2.057368574514767401e-01
2.063260848615393606e-01
2.065800366147495237e-01
2.064564527108516678e-01
2.060219001613668999e-01
2.054237882374072566e-01
2.048592152820969126e-01
2.045130946722150400e-01
2.044876947092465480e-01
2.047661162888444186e-01
2.052252689043360945e-01
2.056893323018584019e-01
2.060020584463575777e-01
2.060747114240845945e-01
2.059031231901227443e-01
2.055639585629562005e-01
1.955639587776927257e-01
1.912822870634248162e-01
1.922430976224448751e-01
1.955707131929809717e-01
1.994413694407224658e-01
2.019666052378567833e-01
2.022059902599503689e-01
2.006440940677853280e-01
1.982004249602818680e-01
1.958955995231870528e-01
1.945678941477270163e-01
1.945164296679700311e-01
1.955700645133285343e-01
1.972842496222994013e-01
1.990419434571641666e-01
2.002046668097433313e-01
2.004013876639795522e-01
1.996685884000384548e-01
1.983645285424485982e-01
1.970045376266781612e-01
1.960763072189904421e-01
1.958611232167377370e-01
1.963650712751652261e-01
1.973542228476303784e-01
1.984440949736412385e-01
1.992221264542359815e-01
1.994134022550626828e-01
1.989953630704942855e-01
1.981810089541309328e-01
1.973194826991839235e-01
1.967489386042024502e-01
1.966643764292632102e-01
1.970591991508076901e-01
1.977415973605188004e-01
1.984158869025317296e-01
1.988028311029719775e-01
1.987638421819091783e-01
1.983494158430452459e-01
1.977680928631609936e-01
1.972839387199817329e-01
1.970965618903899874e-01
1.972622563160492670e-01
1.976788912989582425e-01
1.981443595737343299e-01
1.984454219247195339e-01
1.984549565869409005e-01
1.981937873691108354e-01
1.978073885304583168e-01
1.974863258314838999e-01
1.973771393546367992e-01
2.073771393140686481e-01
2.130598102088721302e-01
2.142540664078572688e-01
2.123943278744646612e-01
2.091461652830362006e-01
2.055056310516425733e-01
2.022876911699918179e-01
2.005432564104880355e-01
2.007846744960963270e-01
2.024827475557325618e-01
2.047974327477056766e-01
2.070124313694796103e-01
2.086703346479929222e-01
2.095385353020367825e-01
2.095563804873050162e-01
2.088155661253884299e-01
2.075147631046107277e-01
2.059186909287143152e-01
2.043491505902668703e-01
2.031732364425244131e-01
2.027032913343735088e-01
2.030279284111164428e-01
2.039639904733361320e-01
2.051749115293210468e-01
2.063234301106923185e-01
2.071557027324145983e-01
2.075293519215415383e-01
2.074127385516981448e-01
2.068685964262972909e-01
2.060385709302715307e-01
2.051218825955349878e-01
2.043496198946561926e-01
2.039268920684178810e-01
2.039564514488128588e-01
2.043910880102698113e-01
2.050624946353003519e-01
2.057562489536141626e-01
2.062855157841923526e-01
2.065317769027833483e-01
2.064595082239556456e-01
2.061121396517824611e-01
2.055967991024390817e-01
2.050634015272076727e-01
2.046672191140037067e-01
2.045196609123638709e-01
2.046493797793409175e-01
2.049903898218531362e-01
2.054150471061191308e-01
2.057857721302135678e-01
2.059991477017552031e-01
