2.000000000000000000e+00
2.009999999999999787e+00
2.020003336166174002e+00
2.030011050276833373e+00
2.040024565851115135e+00
2.050044202390043591e+00
2.060070841105504424e+00
2.070103646513060891e+00
2.080142234864363004e+00
2.090186002160201451e+00
2.100232626527668511e+00
2.110279503438523552e+00
2.120325215832536081e+00
2.130366699551661469e+00
2.140400974505446197e+00
2.150424296342682950e+00
2.160431358724271611e+00
2.170418274767185185e+00
2.180379830210151582e+00
2.190311230944483434e+00
2.200205566733221652e+00
2.210056411059674542e+00
2.219857527171292144e+00
2.229602393868453714e+00
2.239283646685019669e+00
2.248893828243620163e+00
2.258424911219724773e+00
2.267868459454834618e+00
2.277216446801324956e+00
2.286460330046354628e+00
2.295591883238065289e+00
2.304602059636212008e+00
2.313481943819403863e+00
2.322223310272763186e+00
2.330817075416790729e+00
2.339254743412170434e+00
2.347527896789961765e+00
2.355627403422000388e+00
2.363545829248120622e+00
2.371274544557905983e+00
2.378806266551993343e+00
2.386133478810777309e+00
2.393250055498927775e+00
2.400149282137780116e+00
2.406825116577960166e+00
2.413272909732266491e+00
2.419487857923415586e+00
2.425466624108594260e+00
2.431205694057332334e+00
2.436703126489413229e+00
2.441956751897351285e+00
2.431956751897351499e+00
2.421943858574774122e+00
2.415636893995834367e+00
2.419561981765978143e+00
2.422680901809296738e+00
2.427111882961304090e+00
2.432890347636717632e+00
2.439213316158866274e+00
2.446474532483922104e+00
2.452644938897266869e+00
2.458555665299621218e+00
2.464045648520321485e+00
2.465400973507260396e+00
2.469406107430911934e+00
2.474521434479507676e+00
2.480076725693578954e+00
2.485300845998126285e+00
2.491092262715619565e+00
2.497728064954015892e+00
2.504106838953002345e+00
2.508551521549901686e+00
2.513612187689292732e+00
2.517782378399546772e+00
2.522372391487804233e+00
2.527014398466063572e+00
2.531777352055870178e+00
2.536020928417972886e+00
2.540266230560308092e+00
2.544183891264730768e+00
2.545614830900186032e+00
2.546862580475180771e+00
2.548897751956037627e+00
2.552134248495430580e+00
2.555639556083232122e+00
2.560492498623021085e+00
2.565700346937516141e+00
2.570602677989676454e+00
2.575323924241050833e+00
2.580390646181311531e+00
2.584580125614014623e+00
2.589472371897225678e+00
2.594604882292232961e+00
2.599366231311787789e+00
2.604995724184729244e+00
2.610534089695982107e+00
2.616675536747474329e+00
2.622598792640475018e+00
2.628999076218656139e+00
2.635587100974604358e+00
2.642078675282912403e+00
2.632078675282912616e+00
2.622235560886795991e+00
2.612303945291910345e+00
2.602309114273065216e+00
2.592262802528231269e+00
2.582309342548346098e+00
2.572262566640802550e+00
2.562122799905425907e+00
2.552212850901206309e+00
2.542537477267288626e+00
2.533152303690545004e+00
2.524407415779422958e+00
2.515832958501471595e+00
2.507030270510158587e+00
2.498761681331791884e+00
2.490881187958951415e+00
2.483131723405267888e+00
2.475616481620022569e+00
2.469006259711388651e+00
2.462905663302586312e+00
2.456832591741064498e+00
2.451431113441001397e+00
2.445487945755050241e+00
2.440770146684721809e+00
2.436272361769348471e+00
2.431649469779574524e+00
2.428143465533778134e+00
2.424689643433347808e+00
2.420748542103887679e+00
2.416171012201997481e+00
2.412369919597417756e+00
2.409426634908424791e+00
2.406279984264214189e+00
2.403308843347478518e+00
2.400128233831489766e+00
2.397776396485147732e+00
2.396575429949816538e+00
2.395315644166600144e+00
2.394435060043906383e+00
2.393342612732494601e+00
2.392778857564691108e+00
2.392323975054606144e+00
2.391205665005743608e+00
2.390057602917731838e+00
2.388965057485411325e+00
2.388793525034853982e+00
2.388673838475289912e+00
2.388200868061494120e+00
2.388174199325943992e+00
2.389420222465587162e+00
2.379420222465587376e+00
2.375341484236252576e+00
2.368492514620371470e+00
2.362639096011673434e+00
2.355865084869423143e+00
2.350540622972136173e+00
2.345241361774237809e+00
2.339006614946046003e+00
2.331905920541177402e+00
2.324130185050445441e+00
2.316080927295340874e+00
2.308960987145351140e+00
2.301149544929619761e+00
2.292668831734496315e+00
2.283641697683486349e+00
2.276025445119282953e+00
2.268325226029265451e+00
2.260600992054192737e+00
2.252789206466985661e+00
2.244689765281936200e+00
2.236051247840857847e+00
2.227857511050898687e+00
2.219373669106235791e+00
2.211249863513462088e+00
2.202916368232609390e+00
2.194279039032336343e+00
2.185369105739071838e+00
2.176200792740428103e+00
2.167692646586689253e+00
2.159481203238786229e+00
2.151755453561706499e+00
2.144455353549127086e+00
2.136513578803255875e+00
2.128977568361444028e+00
2.121080251931561023e+00
2.113168585671756361e+00
2.105440915576776817e+00
2.097693470664666382e+00
2.089676341654670200e+00
2.081876889497795702e+00
2.074051563032221157e+00
2.067198582625950021e+00
2.059687418299178230e+00
2.051900895728856256e+00
2.044073541047700449e+00
2.037113577936088049e+00
2.029716351789811579e+00
2.023204973258300399e+00
2.016972175586090987e+00
2.011017690315614725e+00
2.001017690315614939e+00
1.994372373487141026e+00
1.997660423464955093e+00
2.002671817999441828e+00
2.009009401322578547e+00
2.014571104294846648e+00
2.021354105329608242e+00
2.026900957413635851e+00
2.033074152450700556e+00
2.039710242152045439e+00
2.047351731319649204e+00
2.055020827506471637e+00
2.061929941168266556e+00
2.069757148422145310e+00
2.077296704592320964e+00
2.084530166790826033e+00
2.091819009900300230e+00
2.098722681247453981e+00
2.106350708666916649e+00
2.112875643349222177e+00
2.118831563517996397e+00
2.123708711541436589e+00
2.129510382717100470e+00
2.134243615840952124e+00
2.140089720731738421e+00
2.145302135336567773e+00
2.149420120656599931e+00
2.152275018401997198e+00
2.154482225936904527e+00
2.157259082580211818e+00
2.160790182072780841e+00
2.165010206168908713e+00
2.168438831767232067e+00
2.169929710771568043e+00
2.172953723118208114e+00
2.173991058331819826e+00
2.174617875620652008e+00
2.175382540844923440e+00
2.176940375981827991e+00
2.179723107516687630e+00
2.182350185458186154e+00
2.186029596914023987e+00
2.190741051025754782e+00
2.196319897610578220e+00
2.201350277344149120e+00
2.207520663727482901e+00
2.213271830466874146e+00
2.219781944164072485e+00
2.226987830288226444e+00
2.234871039701495476e+00
2.224871039701495690e+00
2.215404701374565466e+00
2.206589613128671079e+00
2.197406492367893982e+00
2.188405000176596005e+00
2.179805457249378797e+00
2.170749173844648272e+00
2.164551779372137386e+00
2.161746605892408191e+00
2.157634771477610514e+00
2.155051496625280283e+00
2.153176455529593358e+00
2.149825554743954203e+00
2.146852268593866242e+00
2.142220266031361842e+00
2.138385536259200581e+00
2.136193883098878477e+00
2.135099645787069012e+00
2.135363007492734333e+00
2.136621671498163177e+00
2.135765229917351959e+00
2.135814100049765685e+00
2.134979952792565250e+00
2.135631158622710579e+00
2.135881040132905806e+00
2.135287431990570362e+00
2.132883507822040947e+00
2.130580109026339208e+00
2.129713473698310988e+00
2.129245482248620647e+00
2.128912666966809919e+00
2.128814862102620609e+00
2.127813132805117746e+00
2.125332455211640603e+00
2.123006764147501890e+00
2.121424539059437731e+00
2.119053080402477640e+00
2.116552152409629350e+00
2.115295939387373814e+00
2.113753403918896545e+00
2.112569876790927559e+00
2.112638728590289894e+00
2.114225042036048663e+00
2.114689962240577703e+00
2.113397878605445257e+00
2.112313916877019970e+00
2.109948781163812459e+00
2.107451488572796183e+00
2.105910984804501673e+00
2.104896222874021561e+00
2.114896222874021348e+00
2.122701635254447439e+00
2.123648710011248220e+00
2.126615851157788395e+00
2.129085636090078726e+00
2.131751553098235163e+00
2.133431103396490336e+00
2.136840614674871297e+00
2.141270491219759542e+00
2.145620318569544160e+00
2.148019644888665702e+00
2.151100476472611156e+00
2.152189418365341833e+00
2.154595318551890681e+00
2.159582929643734328e+00
2.164111022979854138e+00
2.168963917274623565e+00
2.172491262701832682e+00
2.177688409406343339e+00
2.179908134707226885e+00
2.181547967184949588e+00
2.183075129824780358e+00
2.185203464545148133e+00
2.187878380760271746e+00
2.189784985724156918e+00
2.192952918212515367e+00
2.194515994040351803e+00
2.195341009708077440e+00
2.194228469798166881e+00
2.192406454404832505e+00
2.194157499120055199e+00
2.195722398389427621e+00
2.196643306829640263e+00
2.199373277522881587e+00
2.200881052667038595e+00
2.199838116490858475e+00
2.197067911244930283e+00
2.194736505100859159e+00
2.192214811131491636e+00
2.191960694843425816e+00
2.191212674292026819e+00
2.190809799004079128e+00
2.190097864758678181e+00
2.190441445419879507e+00
2.190083863180345425e+00
2.189154879151972821e+00
2.187667642784071553e+00
2.186017640733532108e+00
2.185655753072152763e+00
2.183329573891310993e+00
2.193329573891310780e+00
2.202169631521040838e+00
2.207814308681526949e+00
2.214507838096984038e+00
2.221813873921254956e+00
2.228103057049136027e+00
2.232077871245965905e+00
2.236637216854076904e+00
2.242326919500767790e+00
2.247690333000898821e+00
2.251794448495833212e+00
2.255032212373640377e+00
2.255966246525528796e+00
2.255913978920875529e+00
2.256565655474330967e+00
2.254917048967728377e+00
2.252383181513436305e+00
2.249058715918118345e+00
2.247542094586791883e+00
2.246596888522224500e+00
2.247534661204600770e+00
2.248139780357519157e+00
2.248212448966369070e+00
2.248514090737149917e+00
2.248378904887729846e+00
2.248629028709088651e+00
2.247585612121117737e+00
2.245146842525449937e+00
2.242351919618362110e+00
2.239899254082228897e+00
2.237699730543476484e+00
2.234245776375688664e+00
2.232192157578333891e+00
2.230146830920865852e+00
2.227431367075863200e+00
2.225125502203244121e+00
2.223435922181055791e+00
2.223606165715910965e+00
2.222288410984576412e+00
2.220494788508886597e+00
2.219032783266818853e+00
2.217305561629028254e+00
2.215263490508072586e+00
2.212791720129064554e+00
2.209611476013816578e+00
2.205885859654042491e+00
2.202777345480661175e+00
2.197880531550807426e+00
2.193797431000297671e+00
2.189120571334301157e+00
2.199120571334300944e+00
2.202485480088292480e+00
2.205479895114391020e+00
2.205579132605171022e+00
2.204324661507812255e+00
2.205635119503787767e+00
2.206886199885990330e+00
2.207661349152421071e+00
2.206181620083696782e+00
2.203619114239904864e+00
2.202561931166701736e+00
2.203284321016525382e+00
2.203438185392253779e+00
2.205140969161619946e+00
2.207377342973665613e+00
2.210245252712504271e+00
2.213695600675547048e+00
2.214621369950060092e+00
2.217199014534305235e+00
2.220089919760621644e+00
2.221916408386519937e+00
2.222471593991419692e+00
2.222654472585733121e+00
2.222718033285994377e+00
2.223593052453722851e+00
2.224419413024211867e+00
2.225917896211980551e+00
2.226349728092158031e+00
2.226854760110444253e+00
2.228157779279712258e+00
2.229629694511610083e+00
2.229699411188593938e+00
2.231979732304660402e+00
2.234210842191292290e+00
2.234992287319164994e+00
2.236961446524691866e+00
2.240393623692118474e+00
2.243317908005054040e+00
2.245073485971008420e+00
2.246675705259865374e+00
2.248409107163273912e+00
2.251192822371433699e+00
2.253994582615524322e+00
2.256430198375863672e+00
2.259074067479367454e+00
2.263191407174918623e+00
2.267133402278310506e+00
2.271860331313780179e+00
2.275941732511364890e+00
2.279406858292415627e+00
2.269406858292415841e+00
2.263259493718957849e+00
2.255667191577756192e+00
2.247212331941969232e+00
2.238836300084372066e+00
2.230100626507948380e+00
2.221056031067448977e+00
2.213013330388526434e+00
2.205516980498088309e+00
2.198581425871064976e+00
2.191687475197555468e+00
2.187037370168895212e+00
2.182101917896230425e+00
2.178420729532999367e+00
2.173428873157153607e+00
2.168788932072674758e+00
2.165133160911939303e+00
2.162238306528674325e+00
2.158204887835869279e+00
2.152936023800777310e+00
2.147494179104656009e+00
2.142584775714900136e+00
2.138066609958838793e+00
2.133222843435954363e+00
2.129314993927339472e+00
2.125081523214758406e+00
2.122408027124711882e+00
2.120601951368597859e+00
2.118357777989796187e+00
2.115180362272646608e+00
2.114323267782833415e+00
2.114131324381223642e+00
2.113254731416281729e+00
2.114382381536857203e+00
2.116119409665172757e+00
2.117440125681858465e+00
2.118868035101306724e+00
2.120772587509073048e+00
2.122791831302687893e+00
2.124801983470332001e+00
2.127252648706484894e+00
2.130949036803745145e+00
2.135764309179786213e+00
2.140238332673656707e+00
2.144848115148675127e+00
2.150037750153710459e+00
2.155800935313252786e+00
2.158733906631979060e+00
2.161099822320848407e+00
2.163714879974898420e+00
2.153714879974898633e+00
2.144461860006720677e+00
2.134888055245513616e+00
2.126042263466179083e+00
2.117115737868302539e+00
2.108572212313102323e+00
2.099564280488471990e+00
2.090623880764474585e+00
2.081564842953731453e+00
2.072375045196975130e+00
2.063224402551760761e+00
2.053810641689828298e+00
2.044177355740394830e+00
2.034620970777454296e+00
2.025053951996897084e+00
2.015715783364197211e+00
2.006064206213781009e+00
1.996231002946021293e+00
1.986172823675450783e+00
1.976384980660933710e+00
1.966742601213004926e+00
1.957394093538036950e+00
1.948146031111831267e+00
1.939403389211979079e+00
1.930356707875840794e+00
1.921758296488929707e+00
1.913416375048367257e+00
1.905402640876932230e+00
1.897464924690849042e+00
1.889456261873572851e+00
1.881412629868085551e+00
1.873054361883151886e+00
1.864997879276244275e+00
1.856413161195483053e+00
1.848249387578048797e+00
1.840140746553357243e+00
1.833801252815815186e+00
1.827954709594586502e+00
1.822642403097198827e+00
1.817754250960571971e+00
1.812499674216448975e+00
1.807742037947714930e+00
1.802777501003983707e+00
1.798190452005333562e+00
1.793291588536479519e+00
1.787888757162616971e+00
1.782945943492347585e+00
1.779332481110066366e+00
1.775873135183966944e+00
1.773518502557009491e+00
1.783518502557009500e+00
1.792690807208981107e+00
1.802205183981463454e+00
1.811926541440470384e+00
1.818768024722321464e+00
1.823829985086224514e+00
1.830299965740739054e+00
1.837751980538113505e+00
1.843292057882634616e+00
1.849882300565507842e+00
1.856614654800720965e+00
1.862624710836875641e+00
1.869309299982790717e+00
1.876111503235606826e+00
1.883078385100979579e+00
1.889378675101495375e+00
1.895919588590402549e+00
1.901529314471586796e+00
1.905727214997692043e+00
1.910840081563350390e+00
1.915294446559938191e+00
1.918865169318702213e+00
1.921687248616337440e+00
1.924192765156234053e+00
1.926848018699258702e+00
1.930562776143106785e+00
1.935239905590705911e+00
1.938696995916495691e+00
1.942032720679431890e+00
1.945782204671774984e+00
1.951745596218242174e+00
1.958014555355293673e+00
1.963134734556009287e+00
1.968555381002909055e+00
1.973015085173761118e+00
1.977454864595115547e+00
1.980020610851137342e+00
1.982453126591607662e+00
1.983580061832666663e+00
1.984609968126726409e+00
1.984515629350030785e+00
1.984901272976633990e+00
1.984680050091538250e+00
1.984296399725323568e+00
1.981637826419073045e+00
1.978923059855675293e+00
1.976188332392906366e+00
1.973800465377796742e+00
1.972844635024597393e+00
1.974570539880296183e+00
1.984570539880296192e+00
1.994578671657337265e+00
2.004488078743204671e+00
2.014054496106279846e+00
2.023724148836311798e+00
2.033293284728344918e+00
2.042808428058966452e+00
2.052369674424846302e+00
2.061901629504564681e+00
2.071358553639137234e+00
2.080680736713049317e+00
2.089921410435854554e+00
2.099088845207978338e+00
2.108158344340563595e+00
2.117075905444000927e+00
2.125887589891108487e+00
2.134574014695674649e+00
2.143112015248932689e+00
2.151481757404494211e+00
2.159699032666832164e+00
2.167785371236669700e+00
2.175649460157154991e+00
2.183392088101343553e+00
2.190970857112835457e+00
2.198372394259316742e+00
2.205514612819025722e+00
2.212422485654791160e+00
2.219050609644741101e+00
2.225498255710960827e+00
2.231769239096110358e+00
2.237763892559335055e+00
2.243711629141268205e+00
2.249584948616619062e+00
2.254932686915590345e+00
2.259871902020955670e+00
2.264878273201102576e+00
2.269400215664309606e+00
2.273455513412979023e+00
2.277393869344828570e+00
2.281324708766899079e+00
2.284868927481158885e+00
2.288387175669908569e+00
2.291919951054047999e+00
2.295259914665410683e+00
2.298182789657160274e+00
2.301282621991671107e+00
2.303568089201795566e+00
2.305783798025037523e+00
2.307611671101660100e+00
2.309163280841725285e+00
2.299163280841725499e+00
2.289248722176752793e+00
2.282881710623668958e+00
2.280920167529319809e+00
2.281534007848022405e+00
2.281875032825179339e+00
2.282867978478585247e+00
2.284196589830803870e+00
2.285862271280862945e+00
2.286019629354692828e+00
2.286501698507190206e+00
2.287214326236140405e+00
2.288605406009447396e+00
2.289192402924087766e+00
2.290206949827429561e+00
2.290427017484482519e+00
2.291077049133710464e+00
2.290507021679754285e+00
2.289114376989699995e+00
2.287456305659586242e+00
2.285915575318086201e+00
2.285167213530714836e+00
2.284018443276880639e+00
2.283436602494264278e+00
2.284042360737262189e+00
2.284539908916907613e+00
2.285912431348732010e+00
2.287278842355492170e+00
2.287515733978318533e+00
2.288541683093682000e+00
2.291367611182189012e+00
2.294164746404929733e+00
2.295682209959044595e+00
2.297404273143728304e+00
2.298224575828578864e+00
2.297096822035637143e+00
2.295936595743175435e+00
2.295966680502893098e+00
2.297504560036969679e+00
2.300494621339836065e+00
2.304188533505322933e+00
2.307095122006181054e+00
2.308534640805547156e+00
2.309708419350885666e+00
2.311064395754703682e+00
2.311177226161537757e+00
2.311174683819706477e+00
2.310912185243803041e+00
2.309291596952707692e+00
2.305887568636365792e+00
2.315887568636365579e+00
2.319266658514452129e+00
2.313453658454143191e+00
2.306161904102144611e+00
2.298721022185002738e+00
2.290645120731558571e+00
2.282074060287329953e+00
2.273642466769210113e+00
2.267387613042457062e+00
2.260979993735288573e+00
2.253979310815300785e+00
2.247004007851530094e+00
2.239966367770767075e+00
2.232492130750238779e+00
2.225016832515291476e+00
2.217526236751006241e+00
2.209798743099521179e+00
2.201431693248814714e+00
2.192511344753886871e+00
2.183453362607972625e+00
2.174142197855629455e+00
2.164397204370220873e+00
2.154749532509841803e+00
2.145309006935723684e+00
2.136095754841734973e+00
2.127309789976949084e+00
2.118943885284120476e+00
2.110809187005305176e+00
2.102244666948102747e+00
2.093427243309421204e+00
2.084944298771476578e+00
2.076911249282797911e+00
2.069392060768234121e+00
2.062535908511542893e+00
2.055598468609312945e+00
2.049660170094314005e+00
2.044189158766324343e+00
2.039470132945681247e+00
2.035423075443843821e+00
2.031897460469752836e+00
2.028919712195383251e+00
2.025888177425135162e+00
2.022741895184534844e+00
2.019541486296451804e+00
2.016337687974304682e+00
2.013314197002801009e+00
2.010501028361246778e+00
2.008016812243262450e+00
2.006435043427671872e+00
2.005608350628573344e+00
1.995608350628573335e+00
2.000127027291042303e+00
2.007320056581095358e+00
2.013310820332910644e+00
2.014374743885272157e+00
2.012146717411138486e+00
2.008684179260413316e+00
2.005010868110756128e+00
2.005552437044277436e+00
2.008270901788399954e+00
2.010126784681565137e+00
2.010756479015000764e+00
2.012421787286332364e+00
2.017225130300083435e+00
2.022623236688339432e+00
2.028718253108063418e+00
2.032706411107128019e+00
2.035262661212561941e+00
2.036679936417483017e+00
2.035895017875888779e+00
2.035648826435575653e+00
2.035471663225159045e+00
2.034875190868327355e+00
2.033826921139376243e+00
2.031744580962172808e+00
2.030351046300618467e+00
2.029417017634467246e+00
2.027187387447649147e+00
2.025833870418336069e+00
2.024118269771578049e+00
2.022181762724482468e+00
2.020425593517418683e+00
2.018986066283829039e+00
2.017547482627223943e+00
2.015075788813137869e+00
2.013175674918977531e+00
2.009475930786243314e+00
2.004157023153501527e+00
2.000363376053171827e+00
1.995932678140122762e+00
1.993389818947438386e+00
1.990682262696762184e+00
1.989039530564322700e+00
1.986791353400651383e+00
1.984175685049786697e+00
1.981708238555328183e+00
1.978205978631259798e+00
1.975897800295320694e+00
1.973826123908904551e+00
1.972047373958544680e+00
1.962047373958544672e+00
1.952255265446701582e+00
1.942651670320739932e+00
1.933995216059656519e+00
1.924924893499874390e+00
1.915635822650712861e+00
1.906780793487511394e+00
1.897689883869412730e+00
1.889324716593826503e+00
1.880789381713785291e+00
1.871755353500981656e+00
1.862436728753213977e+00
1.853064699479168409e+00
1.843751982380317012e+00
1.834692852146454500e+00
1.826112890151384560e+00
1.817239136924805987e+00
1.808036529763023648e+00
1.798655295769718387e+00
1.789802782974732498e+00
1.780798991104159734e+00
1.771647888877650123e+00
1.762424529433468612e+00
1.753303570048571292e+00
1.744515041448946091e+00
1.735662426936677161e+00
1.727501785542335355e+00
1.720128568194206009e+00
1.713029431169643457e+00
1.705449883389200227e+00
1.698048198147624088e+00
1.690610868800525690e+00
1.683176999829022469e+00
1.675678132055192116e+00
1.668419174435515462e+00
1.661429842100478060e+00
1.654184433853064018e+00
1.646431121353037819e+00
1.638801315727566488e+00
1.631274640543325605e+00
1.623991409305054257e+00
1.617345251007966667e+00
1.610848925077281502e+00
1.604219268051447544e+00
1.597494463892610295e+00
1.591119618822327109e+00
1.584190786855884436e+00
1.577198294674929668e+00
1.570091630840820374e+00
1.562519954113669174e+00
1.552519954113669165e+00
1.542952042730115547e+00
1.533269334362447944e+00
1.523437651949812954e+00
1.513522127795463579e+00
1.503518985655105666e+00
1.493422572329665021e+00
1.483234452431832162e+00
1.472955099860865813e+00
1.462593914881849644e+00
1.452233224033538717e+00
1.441814605772534064e+00
1.431267964012524985e+00
1.420602179771822016e+00
1.409851427412702751e+00
1.398975326588134616e+00
1.388021068298112892e+00
1.377105398345845888e+00
1.366159706646094429e+00
1.355075444578025312e+00
1.343975422940398623e+00
1.332850708117002014e+00
1.321852578401659040e+00
1.310890081147988662e+00
1.300011842109056737e+00
1.289349493509456712e+00
1.279063501824641014e+00
1.269296104054016716e+00
1.260686042618593294e+00
1.253347000031719283e+00
1.246911320246631538e+00
1.241921211867931252e+00
1.238415622131499028e+00
1.236401881901982192e+00
1.235707455387949238e+00
1.236167563709343664e+00
1.237697165853728354e+00
1.240098074874268042e+00
1.243326444587673274e+00
1.247118106369826007e+00
1.251357547809805126e+00
1.255681726980707458e+00
1.259900490015990471e+00
1.264142022824889855e+00
1.268158900822613289e+00
1.271926680997766734e+00
1.275195402823199986e+00
1.277989615184663919e+00
1.280388734646646487e+00
1.282464389450611586e+00
1.272464389450611577e+00
1.262460475089948186e+00
1.252546894102469555e+00
1.242723806081339921e+00
1.232902680798958261e+00
1.223133666201289271e+00
1.213381958349295520e+00
1.203641801256051025e+00
1.193967664035533227e+00
1.184369988369330162e+00
1.174740915476309544e+00
1.165218385828636460e+00
1.155865743375365629e+00
1.146658220719816157e+00
1.137641894638020013e+00
1.128846398915037241e+00
1.120272006820487221e+00
1.111905413654427077e+00
1.103820960701489717e+00
1.096054677485089668e+00
1.088642612515936303e+00
1.081649297528933351e+00
1.075084369991012867e+00
1.068966962695598877e+00
1.063306917548102248e+00
1.058241790720981568e+00
1.053599595319956839e+00
1.049425558647244294e+00
1.045818157322757846e+00
1.042733168632826279e+00
1.040266376891862965e+00
1.038079663534466235e+00
1.036147152650444214e+00
1.034721734038315688e+00
1.033758718769437479e+00
1.033172444516685218e+00
1.033047457741674169e+00
1.033147725590729094e+00
1.033450635860806877e+00
1.034159884621804304e+00
1.035053050604720415e+00
1.035942757602547504e+00
1.036696683987291312e+00
1.037665827702325627e+00
1.038762210518288320e+00
1.039818480110988652e+00
1.040886986175457718e+00
1.042104813640125638e+00
1.043593989842723335e+00
1.045239250662084896e+00
1.035239250662084887e+00
1.025253597798078120e+00
1.015243124545213371e+00
1.005222233709578861e+00
9.951502765165075592e-01
9.850273093491477283e-01
9.748406273701856195e-01
9.645847139400605119e-01
9.542574696800605327e-01
9.439053701493457238e-01
9.334949820654664387e-01
9.230670923290186236e-01
9.126594864263622986e-01
9.023644541462789714e-01
8.922028738024467831e-01
8.822374593186670388e-01
8.726402270510671411e-01
8.634581103425962301e-01
8.550417466965571922e-01
8.475015743303129234e-01
8.411316076622830096e-01
8.361531653097514782e-01
8.326680199432444640e-01
8.303902501151221305e-01
8.296653517304696246e-01
8.303245401676384585e-01
8.322923798044450372e-01
8.352986745240552624e-01
8.389933461600247444e-01
8.430659422817110560e-01
8.473684704587504113e-01
8.515812845945498477e-01
8.556707652655701768e-01
8.595451442773015538e-01
8.629319214583008879e-01
8.658010040356149961e-01
8.680189617223121878e-01
8.695473979243524276e-01
8.706391727046285389e-01
8.712976112814658780e-01
8.716057726622783441e-01
8.715895809566586161e-01
8.710679862443796440e-01
8.700125904670649168e-01
8.685867044144341964e-01
8.671672582019366304e-01
8.653706044802986774e-01
8.634412853064676874e-01
8.614983470570243274e-01
8.594955660132059805e-01
8.694955660132059894e-01
8.794140252428050974e-01
8.889499556667446178e-01
8.975087146764690882e-01
9.052868017370596654e-01
9.112851855106620658e-01
9.149465234863806140e-01
9.167450631058565724e-01
9.167318792642473735e-01
9.154039578682152678e-01
9.129568319794427733e-01
9.099233768135820410e-01
9.062293832768582025e-01
9.023269924658452457e-01
8.982791302507749931e-01
8.945306272477067111e-01
8.913898012430584439e-01
8.889828855752526238e-01
8.871506005101700287e-01
8.858542929535698773e-01
8.857369764580077520e-01
8.863651821429069377e-01
8.879508738381892696e-01
8.902457805141907876e-01
8.925960955218559256e-01
8.950257093977824763e-01
8.975358573556647679e-01
8.995804483209449698e-01
9.009462168786831482e-01
9.018097032974180527e-01
9.025123282373941347e-01
9.027949528195655660e-01
9.028380712187897839e-01
9.023978400561700752e-01
9.014305200005761076e-01
9.004293291203534499e-01
8.994020370645967599e-01
8.984033765749690481e-01
8.969789927011835307e-01
8.954815810013780908e-01
8.945429724499637247e-01
8.942425693670636999e-01
8.947858424545859224e-01
8.954411024152518772e-01
8.960340885254843846e-01
8.967306063200015664e-01
8.974563825359462843e-01
8.980034395607864317e-01
8.987129584905877433e-01
8.991390332218935910e-01
9.091390332218932668e-01
9.022112168582110403e-01
8.964972490351084122e-01
8.922574855459306509e-01
8.920832819345611009e-01
8.930593418789444238e-01
8.943427689310378126e-01
8.962839531890068878e-01
8.988110991435241948e-01
9.016787795542281492e-01
9.029634880354333593e-01
9.019497513531316013e-01
9.002145808459282028e-01
8.983541453079224581e-01
8.969125162561490949e-01
8.949210201228653405e-01
8.945184081122289355e-01
8.944483226695435496e-01
8.951246678578267391e-01
8.966742439974689782e-01
8.982190603271029694e-01
9.003338517166250554e-01
9.021739434312637806e-01
9.033499554829743650e-01
9.027718131547813885e-01
9.016318504082247998e-01
9.001944846123239863e-01
8.977712131471378143e-01
8.941637671266878806e-01
8.916066746306436919e-01
8.895375379929989501e-01
8.886485405861097586e-01
8.890935663439449854e-01
8.903519970777656889e-01
8.929414244157156677e-01
8.958173071537920418e-01
8.992040804395131648e-01
9.023216415643746657e-01
9.041435412911817959e-01
9.044332444424306727e-01
9.026634980098766636e-01
8.994326737998866728e-01
8.968663177478226611e-01
8.945196938547548271e-01
8.929369029646021527e-01
8.931527872222185804e-01
8.946577085429867626e-01
8.966718427297091232e-01
8.991313647290317679e-01
9.012129450678471043e-01
8.912129450678470954e-01
8.812963041574787271e-01
8.715001481754455215e-01
8.617665594558452380e-01
8.521572262868736258e-01
8.426575596136141044e-01
8.332015147008143829e-01
8.236471895054870984e-01
8.139695788828884560e-01
8.040761316257919455e-01
7.940203752418226735e-01
7.837776374819620528e-01
7.733645122336316735e-01
7.628090241266554106e-01
7.521003654823996687e-01
7.412573540239234537e-01
7.302902109821524101e-01
7.191933512216661661e-01
7.079719817559997352e-01
6.966478254480603649e-01
6.852386094337313827e-01
6.737978087200168220e-01
6.623306033986552377e-01
6.508229331079673496e-01
6.392060637308283333e-01
6.273695285388302123e-01
6.152748090337569753e-01
6.032701969377785023e-01
5.930049086301384387e-01
5.867426079835170727e-01
5.846801767802214389e-01
5.857907044903410965e-01
5.891528447779476041e-01
5.940319231504276321e-01
5.997829120011757276e-01
6.057652533562813968e-01
6.113171411409468181e-01
6.158903587883968189e-01
6.191571227359116136e-01
6.209955246136212859e-01
6.214083442505078381e-01
6.205508807039386010e-01
6.185970593435207165e-01
6.157953095836269375e-01
6.124267444215844014e-01
6.088004462465549382e-01
6.052980170710531294e-01
6.022596547825904700e-01
6.000179829609552096e-01
5.987670776366409431e-01
6.087670776366409520e-01
6.044823747835916805e-01
5.989246851835293706e-01
5.975043371074989507e-01
5.991940095294581159e-01
6.024899215370459471e-01
6.052387274190740296e-01
6.071628675062874514e-01
6.067156140206870774e-01
6.049671010150137196e-01
6.021762268785282313e-01
5.997680440352097797e-01
5.986242666054707451e-01
5.989363094636579454e-01
6.002696894633178237e-01
6.023949053199255665e-01
6.046363906134871735e-01
6.060245214492741006e-01
6.063512263966772675e-01
6.057951306435658267e-01
6.043368575620894356e-01
6.024356350717650077e-01
6.006381388810809741e-01
5.999725945239210434e-01
6.004087028011477756e-01
6.017293271050513370e-01
6.033920301823187948e-01
6.050078495688143709e-01
6.057662382786308530e-01
6.054829861633210797e-01
6.042025801480674918e-01
6.022392963946259226e-01
6.003759729345053975e-01
5.992311056073366116e-01
5.998171694860217062e-01
6.010475209135648367e-01
6.030487089870759654e-01
6.047062444698162453e-01
6.053873032500324269e-01
6.048488210490517991e-01
6.039688186618726862e-01
6.026843981025923336e-01
6.017119155904560035e-01
6.011263709804993693e-01
6.012702654875065056e-01
6.020695219931556652e-01
6.031611129002181215e-01
6.042174207104837880e-01
6.040801497870650349e-01
6.034834048540562712e-01
5.934834048540562623e-01
5.841883825620184378e-01
5.752775716424342045e-01
5.660732731133022444e-01
5.566095820274833406e-01
5.472541951364793267e-01
5.381015668549945508e-01
5.289929190834152806e-01
5.198231678524981580e-01
5.104795960494220575e-01
5.008702029128727640e-01
4.909842054316794768e-01
4.811843826489088927e-01
4.725599034410867261e-01
4.661827332030048510e-01
4.621985686031989116e-01
4.602931573072062132e-01
4.601239664650568773e-01
4.614130746381147619e-01
4.639332094396746986e-01
4.674812107840028985e-01
4.718340310175399566e-01
4.767116455633578220e-01
4.817353031468016855e-01
4.864206950951656672e-01
4.902654207969850964e-01
4.928917180902223638e-01
4.941477130893111025e-01
4.940716462098895256e-01
4.928211721133149981e-01
4.906410424719774288e-01
4.878244923255807275e-01
4.847130694334536583e-01
4.816620065363574898e-01
4.790073271354073348e-01
4.769978199534430363e-01
4.757848176728041167e-01
4.754119515724168910e-01
4.758344149120292133e-01
4.769399412857929788e-01
4.785685741633505796e-01
4.805131682429317763e-01
4.825427684690652974e-01
4.844115470359970921e-01
4.859197855995192050e-01
4.868965228381935129e-01
4.872787182308920273e-01
4.870644192931291028e-01
4.863270537127647453e-01
4.852124928250798885e-01
4.752124928250798797e-01
4.758025740110073953e-01
4.796495623732855984e-01
4.838149422888439743e-01
4.852769230410123869e-01
4.837516089962132226e-01
4.810548067744686573e-01
4.787375570787760770e-01
4.777808062043602533e-01
4.782686714055717769e-01
4.797935653827621882e-01
4.817224419101878707e-01
4.831907540583969540e-01
4.835793117106257921e-01
4.827948152396344672e-01
4.813518360733203827e-01
4.799998607890906821e-01
4.792529568498763437e-01
4.793224055476721923e-01
4.801412967960754230e-01
4.813004422874747057e-01
4.822580103350873060e-01
4.826661492432081646e-01
4.823303468597517352e-01
4.815322114351983651e-01
4.806980556334362054e-01
4.801761815117429055e-01
4.801426574956333404e-01
4.805276925771958529e-01
4.811776020037740187e-01
4.817481160334717849e-01
4.819967915684436055e-01
4.817907404276908778e-01
4.813046726621881821e-01
4.808664144501718640e-01
4.806359097288241400e-01
4.806723161450798809e-01
4.809509412852796539e-01
4.813245294853268352e-01
4.816256547290560519e-01
4.817031663372363104e-01
4.814518142485185170e-01
4.811309393122452094e-01
4.809183221730951585e-01
4.808581564612665060e-01
4.810181737690164550e-01
4.812814146976622798e-01
4.814261757329939551e-01
4.814888387905520428e-01
4.813870401958178502e-01
4.713870401958178968e-01
4.634578361187126627e-01
4.574460671805451462e-01
4.525381324242139791e-01
4.481119537204115710e-01
4.437391956462442000e-01
4.389935705224837226e-01
4.336311436428040844e-01
4.275141250833842110e-01
4.206846634223291859e-01
4.132616483310162514e-01
4.055003893122804959e-01
3.977433859447551678e-01
3.903511877342027425e-01
3.835343233610829516e-01
3.773680987291232469e-01
3.718269126394856405e-01
3.668818762076532236e-01
3.624927905092653058e-01
3.585880208913407308e-01
3.551264586632476017e-01
3.520660546033256844e-01
3.493841433350200476e-01
3.470651470621974877e-01
3.450719127408900522e-01
3.433845295409393428e-01
3.419775656892500848e-01
3.408266316930533280e-01
3.399160430804549771e-01
3.392273280011599557e-01
3.387550070728854168e-01
3.384894161170241556e-01
3.384086017162206139e-01
3.384989867562044341e-01
3.387544220747272239e-01
3.391409761530861378e-01
3.396564765361991811e-01
3.402957327952336741e-01
3.410356590391539489e-01
3.418653483269218918e-01
3.427853737031154036e-01
3.437830170140920849e-01
3.448454174055793353e-01
3.459738881407588007e-01
3.471329340314375234e-01
3.483138606513717095e-01
3.495159325908110959e-01
3.507569897804344583e-01
3.520225771288167382e-01
3.533071236180299057e-01
3.633071236169609364e-01
3.562735435814621821e-01
3.499299816233673588e-01
3.457265967237426740e-01
3.433491723419196395e-01
3.420996232602603881e-01
3.416970927325755358e-01
3.418677605062406810e-01
3.425052376991984393e-01
3.436791680033516871e-01
3.453431227736455944e-01
3.476965241967086007e-01
3.507477790531849382e-01
3.541471096297449384e-01
3.573495551087604305e-01
3.591863698019434059e-01
3.590961835568096117e-01
3.573942343577458658e-01
3.550335287996691513e-01
3.527416381143715363e-01
3.508923161299722926e-01
3.498522301935950707e-01
3.495920045090752937e-01
3.500798262605444577e-01
3.511414143925093434e-01
3.526648315778007081e-01
3.544228801115179572e-01
3.558225163297724647e-01
3.566283179051494279e-01
3.566078505998051540e-01
3.558785874541643413e-01
3.547196959759548740e-01
3.535492228958141414e-01
3.526141742497522213e-01
3.521134371483033987e-01
3.520824933409775759e-01
3.524543664214300209e-01
3.531298523609269213e-01
3.540978561823865944e-01
3.550556408225044036e-01
3.555642881505353681e-01
3.556429726474745201e-01
3.552968894590621818e-01
3.546346906065066529e-01
3.539573440801011550e-01
3.535758259772912582e-01
3.532560195661925695e-01
3.532108106604855968e-01
3.534043172258578003e-01
3.537996116497151289e-01
3.437996116526322310e-01
3.349120926086494587e-01
3.265439691351008644e-01
3.175991202526352586e-01
3.089457215326051331e-01
3.010526052833404353e-01
2.940045675883126153e-01
2.876979413142595199e-01
2.819994202734276700e-01
2.768186280937594002e-01
2.720871799438336347e-01
2.677298949701829578e-01
2.636793275036853901e-01
2.598929081256562412e-01
2.563525806954551900e-01
2.530532794620812265e-01
2.499920994022785947e-01
2.471635220442707503e-01
2.445583771900259329e-01
2.421645410160790934e-01
2.399677452193640648e-01
2.379526675493278121e-01
2.361038080785796689e-01
2.344061717762325470e-01
2.328455992979789335e-01
2.314091252677979993e-01
2.300850264773517118e-01
2.288628734011100008e-01
2.277334569897343231e-01
2.266886180969718556e-01
2.257211852356261206e-01
2.248247846438814201e-01
2.239936978936023226e-01
2.232227821928571554e-01
2.225073849043681107e-01
2.218432377972512914e-01
2.212263965208253746e-01
2.206532429630377601e-01
2.201203835319758273e-01
2.196246646051098483e-01
2.191631584455227266e-01
2.187331367279588545e-01
2.183320305257069049e-01
2.179574841499235527e-01
2.176072792583343685e-01
2.172793669258896443e-01
2.169718320581024429e-01
2.166829099987733209e-01
2.164109698474502852e-01
2.161545170446189656e-01
2.061545170946502414e-01
1.989643097527766802e-01
1.991921618433653285e-01
2.024969672815940536e-01
2.063110648413830350e-01
2.093393121907886900e-01
2.110516044324945717e-01
2.113161215643080681e-01
2.103391413233755003e-01
2.085124516157670915e-01
2.062596921751280454e-01
2.040347424557719391e-01
2.023857205813708871e-01
2.018045594268292053e-01
2.023732012770389777e-01
2.037438970631878232e-01
2.054053294037316291e-01
2.069050530406372490e-01
2.079403169340285629e-01
2.083589072791856844e-01
2.081431687328199609e-01
2.073884694704622444e-01
2.062779049554817334e-01
2.050606343419663913e-01
2.040280818413868491e-01
2.034558156419324637e-01
2.034876089269722077e-01
2.040605141736347716e-01
2.049462350290909562e-01
2.058646034217525844e-01
2.065759272978143768e-01
2.069303594244875089e-01
2.068780357412667026e-01
2.064635175089619690e-01
2.058096688786365536e-01
2.050964726648322467e-01
2.045238826346754968e-01
2.042548694256900721e-01
2.043514462150430866e-01
2.047519189782727456e-01
2.053015849757219291e-01
2.058212761120360723e-01
2.061633032865373694e-01
2.062487063068712545e-01
2.060758877128664457e-01
2.057128411052802364e-01
2.052785768691767210e-01
2.049097297602533174e-01
2.047219091266398727e-01
2.047655115106067902e-01
