5.000000000000000000e-01
4.900000000000000466e-01
4.801828464745879210e-01
4.705181782835587967e-01
4.609818888844813833e-01
4.515940929419796634e-01
4.424202565899198469e-01
4.335595572145666265e-01
4.251280075813226311e-01
4.172295743039754479e-01
4.099240441879520858e-01
4.032174736539413940e-01
3.970782596690214938e-01
3.914589534356160971e-01
3.863104148587769848e-01
3.815876700805011512e-01
3.772510931673899726e-01
3.732657982187728707e-01
3.696005402309052168e-01
3.662266986334150598e-01
3.631176962010789211e-01
3.602485097548365212e-01
3.575955162138377275e-01
3.551363392065085556e-01
3.528499391772671467e-01
3.507165747685224710e-01
3.487179115458382550e-01
3.468370284030686257e-01
3.450583939316711479e-01
3.433678800331058656e-01
3.417526791165980127e-01
3.402013027924301602e-01
3.387034248910784084e-01
3.372499363308194553e-01
3.358327573866600191e-01
3.344448154212401048e-01
3.330799977237745013e-01
3.317330433120844746e-01
3.303995325501690172e-01
3.290758456223554784e-01
3.277590238654588539e-01
3.264468089416492358e-01
3.251375625381687229e-01
3.238302333441318570e-01
3.225243354389457640e-01
3.212198692506178510e-01
3.199173232463672356e-01
3.186176117851881040e-01
3.173220450183056318e-01
3.160322305053148151e-01
3.147500334688652091e-01
3.047500334753110440e-01
2.959178156560195450e-01
2.879788836318117329e-01
2.803266874140205034e-01
2.724066254869687009e-01
2.642547522874749699e-01
2.558862759414615717e-01
2.474553461634938500e-01
2.389760741078075790e-01
2.303877414117904698e-01
2.219016122826346082e-01
2.139393194671741216e-01
2.064209725952550201e-01
1.991201855403594012e-01
1.920507424153131137e-01
1.855505338616819100e-01
1.796627935060601811e-01
1.742373840153472464e-01
1.692032219597626730e-01
1.645354708606531213e-01
1.602904819266746939e-01
1.565343309594458276e-01
1.531930671709341996e-01
1.501054025612233722e-01
1.471715091531279607e-01
1.443796111025907880e-01
1.417758556812179771e-01
1.394388939913389081e-01
1.374690962496996072e-01
1.359583819249247372e-01
1.349535501336924792e-01
1.344551513286228184e-01
1.344367577451811846e-01
1.348589843284607459e-01
1.356723450804570852e-01
1.368119403423518343e-01
1.381905854892242491e-01
1.397012805320285711e-01
1.412343949881791350e-01
1.426980652476107503e-01
1.440264625822228750e-01
1.451772520078009610e-01
1.461267984396038278e-01
1.468662365540609749e-01
1.473974215559896161e-01
1.477289758912377071e-01
1.478733285307040624e-01
1.478444620012148714e-01
1.476569376612800744e-01
1.473258394354329537e-01
1.573258392495372471e-01
1.663641796437090592e-01
1.737235864225578075e-01
1.802305776520014280e-01
1.860657310539604870e-01
1.913436219165512153e-01
1.961339482988709582e-01
2.004416226118908295e-01
2.042383082947400452e-01
2.075291433506879502e-01
2.103350229668187465e-01
2.126681658484056159e-01
2.145241664985666208e-01
2.158870083252024952e-01
2.167377549437244089e-01
2.170740296524801272e-01
2.169229823799667389e-01
2.163396955363888763e-01
2.153992840320759494e-01
2.141851618852748107e-01
2.127734799116678677e-01
2.112311606441303613e-01
2.096091954130968327e-01
2.079441425994740245e-01
2.062680872056668613e-01
2.046054513231658489e-01
2.029769831343995190e-01
2.014070619323169997e-01
1.999221105573731339e-01
1.985521174043231585e-01
1.973270956858944603e-01
1.962723738225594095e-01
1.954061342860580475e-01
1.947389913651577653e-01
1.942736625390124594e-01
1.940060356011499842e-01
1.939267994386239535e-01
1.940227068025242585e-01
1.942776356535128868e-01
1.946724842533286148e-01
1.951851842093308420e-01
1.957912841949392135e-01
1.964654338959589686e-01
1.971792147829634356e-01
1.979053020825907450e-01
1.986158249971632372e-01
1.992871664557536726e-01
1.999002615060170851e-01
2.004378637782156802e-01
2.008885096652008040e-01
1.908885189495793666e-01
1.811171560117898205e-01
1.738160958991359084e-01
1.723628694161519204e-01
1.745130186112693604e-01
1.782820308013073896e-01
1.824289016345485015e-01
1.857707157219651850e-01
1.871946480992323913e-01
1.867290801102663156e-01
1.848504071124797976e-01
1.822311200449749091e-01
1.796747556897584364e-01
1.778011757001711768e-01
1.769492038776994125e-01
1.771803342328800435e-01
1.783151679450892535e-01
1.800300204740985510e-01
1.819240776051965769e-01
1.835355295357716243e-01
1.844310672884719726e-01
1.844070188540757604e-01
1.835654531603026773e-01
1.822289230663300952e-01
1.808176803593869730e-01
1.797025812652948973e-01
1.791204921027651775e-01
1.791564966856230845e-01
1.797491897675339845e-01
1.807173644199577822e-01
1.818011048570295773e-01
1.827015243289673574e-01
1.831672284372837245e-01
1.830855042843990699e-01
1.825304853028804075e-01
1.817170152860546617e-01
1.809124533149253922e-01
1.803426571458036087e-01
1.801453519825600147e-01
1.803411306412200654e-01
1.808452701068333501e-01
1.814928557578402435e-01
1.820842534902481769e-01
1.824321627131659240e-01
1.824417163075471859e-01
1.821342276841173002e-01
1.816444653281125976e-01
1.811491975050822933e-01
1.808075617483593800e-01
1.807143253900900803e-01
1.907143240219626168e-01
2.002238420031231259e-01
2.076996169240166168e-01
2.118758641499613460e-01
2.122579249179805949e-01
2.101247791713063140e-01
2.067699689601070756e-01
2.029707526689322750e-01
1.992448238679826455e-01
1.961684555581308387e-01
1.942895332494491978e-01
1.937825756270877553e-01
1.945162259493630752e-01
1.962099726856673942e-01
1.984843000877133667e-01
2.008937207061088914e-01
2.030372579850561465e-01
2.046416045706158648e-01
2.055568837999859066e-01
2.057382450029148768e-01
2.052340908753248483e-01
2.041693544103701241e-01
2.027202586636462911e-01
2.010958198119981444e-01
1.995394370869414680e-01
1.983063461957756402e-01
1.976040346602038478e-01
1.975248149228157890e-01
1.980310403256990426e-01
1.989732370960483332e-01
2.001303264286668770e-01
2.012698133672556067e-01
2.021952474358070240e-01
2.027769923225181126e-01
2.029533867666207525e-01
2.027334627641180498e-01
2.021813397148703728e-01
2.014085152591584826e-01
2.005596973390269822e-01
1.997959340191395594e-01
1.992605930000745096e-01
1.990484739049327712e-01
1.991810514094048135e-01
1.995979657091345172e-01
2.001872653242383338e-01
2.008083730830900748e-01
2.013344956134775487e-01
2.016691600186850120e-01
2.017658439970485273e-01
2.016244719923754036e-01
1.916245380399892451e-01
1.984424800654270571e-01
2.054723623642096819e-01
2.088358967505728747e-01
2.092750325898274644e-01
2.076253831103068714e-01
2.045604520189580888e-01
2.007704310029454486e-01
1.974533761012659261e-01
1.961700433481897154e-01
1.970086431074574151e-01
1.992201739484259215e-01
2.018051889878229588e-01
2.038419366192242010e-01
2.048538799982960179e-01
2.047664640964234617e-01
2.037318341499153307e-01
2.020326006419071174e-01
2.001294907133429335e-01
1.986673286282647777e-01
1.981767371021790902e-01
1.987334161799816923e-01
2.000079052425877413e-01
2.014682812741146467e-01
2.025961518962426378e-01
2.031014077850651356e-01
2.028868013631407730e-01
2.020928028346219707e-01
2.009686874648720367e-01
1.999024642749166747e-01
1.993054875757585276e-01
1.993741318122063955e-01
2.000234806779776775e-01
2.009446180335938692e-01
2.017658419673377390e-01
2.021971473114656526e-01
2.021369849436689403e-01
2.016464189871459145e-01
2.009059561206759104e-01
2.002037873203057483e-01
1.998300578357524726e-01
1.999269061714488704e-01
2.004188152882711293e-01
2.010496042900912494e-01
2.015377291622233447e-01
2.017096404207739113e-01
2.015301133408823053e-01
2.011135310771718920e-01
2.006192850113353854e-01
2.002816631768231381e-01
1.902816754901225371e-01
1.808183269807595861e-01
1.748919697103964721e-01
1.736424354684518445e-01
1.755495569621671192e-01
1.789986226781657697e-01
1.830065438612525630e-01
1.865285915373113279e-01
1.882684457935510092e-01
1.882063901817219720e-01
1.867007834649469789e-01
1.842357155620113762e-01
1.816244104576834884e-01
1.796339844051362822e-01
1.786088997497423947e-01
1.786139950457108216e-01
1.795134805044137083e-01
1.810783595688446879e-01
1.829658755113823809e-01
1.846868594834255028e-01
1.856993923193042684e-01
1.857509183918536477e-01
1.849250376182979827e-01
1.835621274255228863e-01
1.821415824543266559e-01
1.810874990268487306e-01
1.806301100609382093e-01
1.808051180173705641e-01
1.815323868635493054e-01
1.825929051601249409e-01
1.836780237409388339e-01
1.844343803995087128e-01
1.846227507932214629e-01
1.842254631118177832e-01
1.834354248235961771e-01
1.825580748594340108e-01
1.818965876561303707e-01
1.816246120851657542e-01
1.817867848230085015e-01
1.823101838208929237e-01
1.830097229707578488e-01
1.836342355788652958e-01
1.839588617151004801e-01
1.838848268752289461e-01
1.834740489075086523e-01
1.829140290090198739e-01
1.824254979232740603e-01
1.821714638058697100e-01
1.822287618714138746e-01
1.825463060656897507e-01
1.925463039731860337e-01
2.023153489222014600e-01
2.092248096388774348e-01
2.123734757527097616e-01
2.120556570657091411e-01
2.096001725829932105e-01
2.060784057990011076e-01
2.021332771647252891e-01
1.983472696579152983e-01
1.955749366409418877e-01
1.944380723378091869e-01
1.949059908761432147e-01
1.966118798905158171e-01
1.990361307732823049e-01
2.015755832049632990e-01
2.037189812250743970e-01
2.051714143248119238e-01
2.058194932216289297e-01
2.056670443776697776e-01
2.048166915920744124e-01
2.034285575810935720e-01
2.017220413124924949e-01
1.999822441187438793e-01
1.985510366905472168e-01
1.977381959269585154e-01
1.976921533681837706e-01
1.983523762279938984e-01
1.994931964914679612e-01
2.008020132895444732e-01
2.019767676103177145e-01
2.027981668328877329e-01
2.031515249386783295e-01
2.030186713991289083e-01
2.024618465741020445e-01
2.016094144797290488e-01
2.006441699435309589e-01
1.997813046866173947e-01
1.992203948393936053e-01
1.990853352908930618e-01
1.993754729563745332e-01
1.999776893269378242e-01
2.007084596728360981e-01
2.013752586827807500e-01
2.018278854093973063e-01
2.019848770643964120e-01
2.018362292298362670e-01
2.014414449673543051e-01
2.009083314075435778e-01
2.003746533147443276e-01
1.999787651917115661e-01
1.899787839299658387e-01
1.810475588079669962e-01
1.755744611360459118e-01
1.753044533048097875e-01
1.779849636685964520e-01
1.816441459540535375e-01
1.853746816518287710e-01
1.884115967790293555e-01
1.902066227257725450e-01
1.906537999298003883e-01
1.899359496789173596e-01
1.883073625525466532e-01
1.860777691344596418e-01
1.837053392130655882e-01
1.816776030273070108e-01
1.803200909561634702e-01
1.798033992564934402e-01
1.801345178351889398e-01
1.811632363573556781e-01
1.826559258676950792e-01
1.843145849925626745e-01
1.858078971855440242e-01
1.868504316814773580e-01
1.872608575963131128e-01
1.870215299248143281e-01
1.862222279297862659e-01
1.850809318066483355e-01
1.838626292694058861e-01
1.828388215951720353e-01
1.821992781032253095e-01
1.820498795728859864e-01
1.823740175237964500e-01
1.830759082863487597e-01
1.839769693308926923e-01
1.848567324840919845e-01
1.855186235472484346e-01
1.858168405578404792e-01
1.857175753867643941e-01
1.852789216277019591e-01
1.846379027486781677e-01
1.839686295155519569e-01
1.834471552483012136e-01
1.831631051406158450e-01
1.831788703492272796e-01
1.834602664944935124e-01
1.839196250096037377e-01
1.844191624368545779e-01
1.848418135146881192e-01
1.850740823012483049e-01
1.850534945239785400e-01
1.950534931555960028e-01
2.042661714561115893e-01
2.097346018371803456e-01
2.109498045953053791e-01
2.091544885363441353e-01
2.058662200960725275e-01
2.019801762958092495e-01
1.981741296215946413e-01
1.953448336344871528e-01
1.941714718120269578e-01
1.946417283838242362e-01
1.963607993625718640e-01
1.987783246487646593e-01
2.012706022934474537e-01
2.033170120859166541e-01
2.046199800758540521e-01
2.050678105221687419e-01
2.046877665998318996e-01
2.036185417005189902e-01
2.020691765570799547e-01
2.003138890439092878e-01
1.986915153444551163e-01
1.975595852293525745e-01
1.971609651781382477e-01
1.975293358747293726e-01
1.985000360713004564e-01
1.997784973224814020e-01
2.010360247727828176e-01
2.020055360310535064e-01
2.025219552191499517e-01
2.025300188233525867e-01
2.020732430121565948e-01
2.012696525880778853e-01
2.003047156857564737e-01
1.994008238242554465e-01
1.987770209380227693e-01
1.985748244229179893e-01
1.988174590097019634e-01
1.993983932606586962e-01
2.001322025410129102e-01
2.008166134225365107e-01
2.012886529887960574e-01
2.014555216319453834e-01
2.013044382505036756e-01
2.008958270435814430e-01
2.003492205092647915e-01
1.998118639598226443e-01
1.994291744471019256e-01
1.992991340515331833e-01
1.994380561998798096e-01
2.094380460888517204e-01
2.042147334740345155e-01
1.983679796173514198e-01
1.962241651707895551e-01
1.977415980490218050e-01
2.008764314592846323e-01
2.038817248140787075e-01
2.055091963750169115e-01
2.054134263264000559e-01
2.039656774329005329e-01
2.018210323194656042e-01
1.997515677011524604e-01
1.985842444563566678e-01
1.987110117174381851e-01
1.998990578923630357e-01
2.015614856783932152e-01
2.030364931818667007e-01
2.038269535835632862e-01
2.037383805268089820e-01
2.028829191567816104e-01
2.016164243970622882e-01
2.004116867505636723e-01
1.997215217851379676e-01
1.997856691792790629e-01
2.005100322583374672e-01
2.015349424803774825e-01
2.024380960743526192e-01
2.028962113320558758e-01
2.027699520948725298e-01
2.021629181085181359e-01
2.013419489699543041e-01
2.006375165862707699e-01
2.003462478007070613e-01
2.005560614106730866e-01
2.011387131089145963e-01
2.018074641492733079e-01
2.022734179867614612e-01
2.023579984510508745e-01
2.020550023693392372e-01
2.015148643016007324e-01
2.010007159108732344e-01
2.007363281951755063e-01
2.008303860706053823e-01
2.012052025205296191e-01
2.016677829470976957e-01
2.019940244642209615e-01
2.020397073512356090e-01
2.018262800458382467e-01
2.014574043652684054e-01
2.011216788885160367e-01
1.911216998895770847e-01
1.976983338414883828e-01
2.044824926026526934e-01
2.070901171258781870e-01
2.059407126158325496e-01
2.028628490578720800e-01
1.992009311482453582e-01
1.963641510005854351e-01
1.954374951539477601e-01
1.963426932547469861e-01
1.984409459913671347e-01
2.008944894001237491e-01
2.028529066628118327e-01
2.037678854764618797e-01
2.035221884504717083e-01
2.023272215377943106e-01
2.005985453902364157e-01
1.988787412580098612e-01
1.977378593320869016e-01
1.975151001087976088e-01
1.981894572437958302e-01
1.994470771126897746e-01
2.008165269413307863e-01
2.018395239332803348e-01
2.022293350193538064e-01
2.019215171302907730e-01
2.010711104017456341e-01
1.999869158526870472e-01
1.990456264026137512e-01
1.985734270695921899e-01
1.987068187955253751e-01
1.993455418948395230e-01
2.002050830217201038e-01
2.009600853081084104e-01
2.013498303607378914e-01
2.012720255455631990e-01
2.007938187268678842e-01
2.001128565904302103e-01
1.994989489691338658e-01
1.991800611389297759e-01
1.992643021131753345e-01
1.996865421427745646e-01
2.002419985359291943e-01
2.007004899410750332e-01
2.008875434533340942e-01
2.007515773844648632e-01
2.003769488402883936e-01
1.999347818811145205e-01
1.996121808197440506e-01
1.995353281334505124e-01
2.095352971953849675e-01
2.035790189165790076e-01
1.968762989859295931e-01
1.941180544835045263e-01
1.940110435239807141e-01
1.957583602102995479e-01
1.989548940437638747e-01
2.026461458336294152e-01
2.049843766814641033e-01
2.050604490682235437e-01
2.033792136610867163e-01
2.008601910981412109e-01
1.986079667562751505e-01
1.974435660412618421e-01
1.975375293046177927e-01
1.987031059745496819e-01
2.005257654872263373e-01
2.023267327992588904e-01
2.033754259929128616e-01
2.033199209425144149e-01
2.023126724760384854e-01
2.008341179687586631e-01
1.995191525623103146e-01
1.988531880840512522e-01
1.989985263087554190e-01
1.998370802288695625e-01
2.010162930126947189e-01
2.020403753143719394e-01
2.024890911209017708e-01
2.022171499278516971e-01
2.014085617175400411e-01
2.004538101494859892e-01
1.997754323409298149e-01
1.996281865566591485e-01
2.000291654402329145e-01
2.007698094443063908e-01
2.015053324380506605e-01
2.018959153515241522e-01
2.017883256495872080e-01
2.012776786376716531e-01
2.006371455844924157e-01
2.001805949788934003e-01
2.001043255479824645e-01
2.004085477998656661e-01
2.009218341292230425e-01
2.013852204186328820e-01
2.015672871119364717e-01
2.013995530482508289e-01
2.009924658315676016e-01
2.005795378160766529e-01
2.105794996130587460e-01
2.086055942887813097e-01
2.035529696856334947e-01
1.991718205028679134e-01
1.992528572569330081e-01
2.018770426547264185e-01
2.050222113816047020e-01
2.068413112664780340e-01
2.068291229956974731e-01
2.053567592456090052e-01
2.031344316895224711e-01
2.012360321394132956e-01
2.006154970333237642e-01
2.013895686520022210e-01
2.030077123542296524e-01
2.046227263266421070e-01
2.054926066537008655e-01
2.053543489766909980e-01
2.043777751370094153e-01
2.030398279939348571e-01
2.019441854683970972e-01
2.016240914752213953e-01
2.021666933246873687e-01
2.032200614006427486e-01
2.042413452002273255e-01
2.047358116352154533e-01
2.045357492668805344e-01
2.037851299701839147e-01
2.028830685116127241e-01
2.022668493363314890e-01
2.022422325634937179e-01
2.027884070743474765e-01
2.035586372305468461e-01
2.041421527908290623e-01
2.042576744558972368e-01
2.038921154497175814e-01
2.032534671498526790e-01
2.027190972220789811e-01
2.025527587770806215e-01
2.028231090433076367e-01
2.033472972737367934e-01
2.037979699207908557e-01
2.039401903768366942e-01
2.037171638010488728e-01
2.032905545076997000e-01
2.029118181863686643e-01
2.027988748928606644e-01
2.029960900104930410e-01
2.033795772684491299e-01
2.037081543286498042e-01
1.937082024288288573e-01
1.996312830959167395e-01
2.053711210976164048e-01
2.083295713105665359e-01
2.089895545134677624e-01
2.079334531241240624e-01
2.055967068152791677e-01
2.024280129148059160e-01
1.991969711685607491e-01
1.973480644757509006e-01
1.976481801080153256e-01
1.994944106024021668e-01
2.018514402911384120e-01
2.037898485948469451e-01
2.048580049737317166e-01
2.049601178781224331e-01
2.042194023658299162e-01
2.028289292398657295e-01
2.011090013942833654e-01
1.996038450050399427e-01
1.989059268796448121e-01
1.992542817377534747e-01
2.003860871854995784e-01
2.017371272095334067e-01
2.028065766586711338e-01
2.033115924160561472e-01
2.031759651702432501e-01
2.024736855194509411e-01
2.014402195805865547e-01
2.004465049411043309e-01
1.998784353156946580e-01
1.999450241497325587e-01
2.005572364262421248e-01
2.014093196062309299e-01
2.021347671642468036e-01
2.024847692599681670e-01
2.023644800742271099e-01
2.018652507388468964e-01
2.011745339329154281e-01
2.005762513549802228e-01
2.003338035308365184e-01
2.005239819921914857e-01
2.010327231036941609e-01
2.015964131487228139e-01
2.019754875172739828e-01
2.020238731246315755e-01
2.017602313335301878e-01
2.013306956569418105e-01
2.009188873278981990e-01
2.007051917276007347e-01
1.907052043849702949e-01
1.827580603085175726e-01
1.797354616607704791e-01
1.804374851916043243e-01
1.832702124103416652e-01
1.870879649605318717e-01
1.907648732802855462e-01
1.933502956379627435e-01
1.944042915203727795e-01
1.939469677947379123e-01
1.923394834228702444e-01
1.900640084278694408e-01
1.876258148137654735e-01
1.855785482742488557e-01
1.844119517950273401e-01
1.843144900783973417e-01
1.851744501661811149e-01
1.866972285878677751e-01
1.884566687351651448e-01
1.900137102204930151e-01
1.910396201892194945e-01
1.913721827576710943e-01
1.910017313714947595e-01
1.900784199959723031e-01
1.888283567812059360e-01
1.875551541299702030e-01
1.865760034096347608e-01
1.861213697611157347e-01
1.862726037502996645e-01
1.869411709765163854e-01
1.879037052004597086e-01
1.888811799277965442e-01
1.896149334721165258e-01
1.899453175377753544e-01
1.898284947630685671e-01
1.893239890655040170e-01
1.885913076264883748e-01
1.878404417394611836e-01
1.872751429130712630e-01
1.870509996825613086e-01
1.872157376963120290e-01
1.876815803069199484e-01
1.882771313858816187e-01
1.888167778405018815e-01
1.891563149114851849e-01
1.892125372775310121e-01
1.889865226829700873e-01
1.885681856352157126e-01
1.880969141897280983e-01
1.877328587179449282e-01
1.977328550125646012e-01
2.066390147778439657e-01
2.104652116246257254e-01
2.096221730567925934e-01
2.064767414887779540e-01
2.024759016949076174e-01
1.986582689817528447e-01
1.961454794792308054e-01
1.955181724167733281e-01
1.965388330043060794e-01
1.986716334555167496e-01
2.012497237612417278e-01
2.035834646549944671e-01
2.051762272047942814e-01
2.057818610747151056e-01
2.053969084854175287e-01
2.042059284688837462e-01
2.025174199718585977e-01
2.007120717964656909e-01
1.992186731341275274e-01
1.983954760609388246e-01
1.984051490170943843e-01
1.991606841653730808e-01
2.003913028521245310e-01
2.017390700537375348e-01
2.028612353465440721e-01
2.035086326123942690e-01
2.035859719273748203e-01
2.031192176767966651e-01
2.022606223710611828e-01
2.012426696404425175e-01
2.003317777913629916e-01
1.997681680767449119e-01
1.996864458301762235e-01
2.000668972407240453e-01
2.007568701663907940e-01
2.015399746834812544e-01
2.021943774438924035e-01
2.025526522715144773e-01
2.025377286577409452e-01
2.021883413363803894e-01
2.016248137349260783e-01
2.010253381578082643e-01
2.005624187088401733e-01
2.003678053235035950e-01
2.004786124903992495e-01
2.008364257211490977e-01
2.013080330307151777e-01
2.017410618286524793e-01
2.019968664482376108e-01
1.919968810998111397e-01
1.981555981532233945e-01
2.044410573374224327e-01
2.071845297746535419e-01
2.064541423647560936e-01
2.037463364445678549e-01
2.002729694293318430e-01
1.972530018956049069e-01
1.959643932568452540e-01
1.966089107904100963e-01
1.985542500047152714e-01
2.009285938266783256e-01
2.028871716630386846e-01
2.039047358711494062e-01
2.038299651602151763e-01
2.028130181598263304e-01
2.012017443655876869e-01
1.994833201745156437e-01
1.982223537591478180e-01
1.978350694407655375e-01
1.983767197433868867e-01
1.995572511806676941e-01
2.009030885274603051e-01
2.019526721544818715e-01
2.024207744443802526e-01
2.022267637186484501e-01
2.014767432598783548e-01
2.004406603924178132e-01
1.994665238656774531e-01
1.989048062347417711e-01
1.989354132060340841e-01
1.994966521951947458e-01
2.003313263662587218e-01
2.011060364939801226e-01
2.015492193924269260e-01
2.015441058339102753e-01
2.011251051183348404e-01
2.004710180489955307e-01
1.998336739342452262e-01
1.994665933883973674e-01
1.994921364286382504e-01
1.998697028250558672e-01
2.004143889483527285e-01
2.008952815378720613e-01
2.011256907430733765e-01
2.010363485646954329e-01
2.006893318336417098e-01
2.002406280974723674e-01
1.998862689119867420e-01
1.997698088956502138e-01
1.897698478667592115e-01
1.798069057302777440e-01
1.777156518635336357e-01
1.805136279306248370e-01
1.846348243094716457e-01
1.878331868416388828e-01
1.888300751790781273e-01
1.879086601990241634e-01
1.856896140315174026e-01
1.830406441008392837e-01
1.810654211471987018e-01
1.804926230863782843e-01
1.813135618182592501e-01
1.830357470782703055e-01
1.849526540228324523e-01
1.863132663133733047e-01
1.866935333333498426e-01
1.860637939767648408e-01
1.847326113865424280e-01
1.832449717277438994e-01
1.821714308453822595e-01
1.818896724436045442e-01
1.824282620650532205e-01
1.835163986184888130e-01
1.846954246314782278e-01
1.854876434942345498e-01
1.856263426403030048e-01
1.851095252502870936e-01
1.841912262728943317e-01
1.832717419160179162e-01
1.827254665426971958e-01
1.827517374949900464e-01
1.832891199290291318e-01
1.840723013689401777e-01
1.847530127665907573e-01
1.850487988997559508e-01
1.848662148632233271e-01
1.843125545447049096e-01
1.836489473087227764e-01
1.831999202794868664e-01
1.831509447394640833e-01
1.834824762134407983e-01
1.840079677961754812e-01
1.844849264219651230e-01
1.846775110390191377e-01
1.845211130918431031e-01
1.841249543019558288e-01
1.836901608287026255e-01
1.834365814408094320e-01
1.834809316094670462e-01
1.934809305567530280e-01
2.029612503150778069e-01
2.095252426438358462e-01
2.120343076327210752e-01
2.109745237289767927e-01
2.080223049190005058e-01
2.042854304453205205e-01
2.004265465935390345e-01
1.970826377401922458e-01
1.949639470405013786e-01
1.943782917589921555e-01
1.951812470647218134e-01
1.970123301192197585e-01
1.993951253296081250e-01
2.018110259460500211e-01
2.038385450340313432e-01
2.052159316784006038e-01
2.058183313400840653e-01
2.056407730855747407e-01
2.047858875741337681e-01
2.034303319072532923e-01
2.017959306204415715e-01
2.001445428412119143e-01
1.987680381000012375e-01
1.979272590767008344e-01
1.977618545167267872e-01
1.982480558735260634e-01
1.992206528504957552e-01
2.004283875790237035e-01
2.016057292280306334e-01
2.025352867777478472e-01
2.030782015159777187e-01
2.031774991402338082e-01
2.028540034929669222e-01
2.021955431340926590e-01
2.013399624620921535e-01
2.004598157887944598e-01
1.997369470963147875e-01
1.993202610888157311e-01
1.992820306352069970e-01
1.995995584212831853e-01
2.001671758543370483e-01
2.008319476512604729e-01
2.014358191083568950e-01
2.018546068988294195e-01
2.020180539061609548e-01
2.019136223157568522e-01
2.015843211086574549e-01
2.011181150463555445e-01
2.006290978205681197e-01
1.906291932136205680e-01
1.806500734140260023e-01
1.809572633757584037e-01
1.845022478602522387e-01
1.862094921115019230e-01
1.850994251189151396e-01
1.826816681391305319e-01
1.812988601150145596e-01
1.820170822059938853e-01
1.838099441310876436e-01
1.851096981913396000e-01
1.850026193321130108e-01
1.837744697176539321e-01
1.824400146869332995e-01
1.820106405201921684e-01
1.827346846359765298e-01
1.839205190080712427e-01
1.846362436097722382e-01
1.844541891734098604e-01
1.835740411365589242e-01
1.826777225437696273e-01
1.824631473723943853e-01
1.830287294382016150e-01
1.838719874397799214e-01
1.843282042791143938e-01
1.840697179019872010e-01
1.833566893163026124e-01
1.827719067887875193e-01
1.827991463465447608e-01
1.833509382180001368e-01
1.839496319144618142e-01
1.840787153987945568e-01
1.837022942634424227e-01
1.831506995959868433e-01
1.829086997609127851e-01
1.831732545146376456e-01
1.836597977558895312e-01
1.839423437083431978e-01
1.837665620244705866e-01
1.833344732902686958e-01
1.830459517316524731e-01
1.831464523560711044e-01
1.835294182514174144e-01
1.838208982331506758e-01
1.837562113098327454e-01
1.834076972858346699e-01
1.831784346957214815e-01
1.832531543527040063e-01
1.835067320626951326e-01
1.836667229529986289e-01
1.936667207843167926e-01
2.034287531213289091e-01
2.096383697992595385e-01
2.113337391305945279e-01
2.098738651850458048e-01
2.066723282661136196e-01
2.026704892262924107e-01
1.986925985479027490e-01
1.958065944453427909e-01
1.946926538612907265e-01
1.952519033721006880e-01
1.970799313705961509e-01
1.996227514410263970e-01
2.022081840668941144e-01
2.042474498362359669e-01
2.054060762794450434e-01
2.055869453124009871e-01
2.048729089674254100e-01
2.034685703092577735e-01
2.016694104758552097e-01
1.998510350029410743e-01
1.984370306291473318e-01
1.977589183129046246e-01
1.979225158107331684e-01
1.988048878916248985e-01
2.001178135139982661e-01
2.014913009638331087e-01
2.025886805034761429e-01
2.031920916042372904e-01
2.032204392918251501e-01
2.027162336754567140e-01
2.018261820941268658e-01
2.007779245239738886e-01
1.998416074432226575e-01
1.992586808758650130e-01
1.991660806527336680e-01
1.995497978198658429e-01
2.002593382531054067e-01
2.010676873180183843e-01
2.017443800983172719e-01
2.021215369087775993e-01
2.021299858977228525e-01
2.017972852231638137e-01
2.012369581947130448e-01
2.006178616161569117e-01
2.001226664660818166e-01
1.998891667109309878e-01
1.999695738897589448e-01
2.003107452467251526e-01
2.007841600608914756e-01
1.907841701566296011e-01
1.836712232258972677e-01
1.841846688662406029e-01
1.875833610721084621e-01
1.909861680320713018e-01
1.937425982102628508e-01
1.963612476435974696e-01
1.986777283328309551e-01
1.995055408389639351e-01
1.985385690100220923e-01
1.967146959357391200e-01
1.949713412550494185e-01
1.936303005295022805e-01
1.925981060136921774e-01
1.916962184073455477e-01
1.908103957604070644e-01
1.898534497449642366e-01
1.888534539743543794e-01
1.879633346598715282e-01
1.874485915505871569e-01
1.874968113009826687e-01
1.880334662932381107e-01
1.887970552229872312e-01
1.895316830116009210e-01
1.900894865293428215e-01
1.904335596309812417e-01
1.905769566747420041e-01
1.905280674774033622e-01
1.902954453562546722e-01
1.899070805238158022e-01
1.893803782751194431e-01
1.888041696436694450e-01
1.883257375471230621e-01
1.880884843249998051e-01
1.881746246701860026e-01
1.885082219331188913e-01
1.889451665466387875e-01
1.893505070793084222e-01
1.896229725965214163e-01
1.897246243444352665e-01
1.896656139147132880e-01
1.894497547652025105e-01
1.891380709290738649e-01
1.888203400562361856e-01
1.885792387746122178e-01
1.884896029972231990e-01
1.885766405528358225e-01
1.887883623755887974e-01
1.890333282918041924e-01
1.892272691812020013e-01
1.792273155011412655e-01
1.822154822735102542e-01
1.873668166202750174e-01
1.902852855976989166e-01
1.899014682037368229e-01
1.874767404257539349e-01
1.845001754635984259e-01
1.826874302481481527e-01
1.827192151166216194e-01
1.842152106489380048e-01
1.863412217065493481e-01
1.880291737264620788e-01
1.885475965847036861e-01
1.878347568681862367e-01
1.863366704229222903e-01
1.847820140172795611e-01
1.839060602911203879e-01
1.840187479270573301e-01
1.849682012063877667e-01
1.862598417218709057e-01
1.872714988368980038e-01
1.875490436214377332e-01
1.870492451352624708e-01
1.860578802077323957e-01
1.850755348121779220e-01
1.845727705861546497e-01
1.847441159279275269e-01
1.854592048610693156e-01
1.863282575642745964e-01
1.869066316130642835e-01
1.869299484269442979e-01
1.864432076591668042e-01
1.857370006287211994e-01
1.851890012181104939e-01
1.850638584212898896e-01
1.853959258630022422e-01
1.859691589005523227e-01
1.864571441727728707e-01
1.865871997601676602e-01
1.863310645865583759e-01
1.858606938732071945e-01
1.854519004356708634e-01
1.853304838553724021e-01
1.855608795245361486e-01
1.859745429713817455e-01
1.863036384625044450e-01
1.863919564900391734e-01
1.861831725550703309e-01
1.858262605970554260e-01
1.855560194840815413e-01
1.955559009861613795e-01
2.054861985154232129e-01
2.014744293238858175e-01
1.960653547109707517e-01
1.923875161342168683e-01
1.897801232821307860e-01
1.875586124133192534e-01
1.858460805762775780e-01
1.851719694803216631e-01
1.856175092275388350e-01
1.868551768227403043e-01
1.884041530450348556e-01
1.898829557020369763e-01
1.912405488416494548e-01
1.926415077928146646e-01
1.944070648385665123e-01
1.967592563886289281e-01
1.993597063247733725e-01
2.010605287103465755e-01
2.008839125449037311e-01
1.992589493717536464e-01
1.972841274264920952e-01
1.958535500670863794e-01
1.952011015409301220e-01
1.952874339283488525e-01
1.960637313791810665e-01
1.973841994736994232e-01
1.987951664024980858e-01
1.997022437493812252e-01
1.996943943791842646e-01
1.988408551522665157e-01
1.976649152296307832e-01
1.968153420733396164e-01
1.965673519054138563e-01
1.968714483407315863e-01
1.976558800213309430e-01
1.985385763122076430e-01
1.990711514460462850e-01
1.990675268114190377e-01
1.984874633056211979e-01
1.977951747909792724e-01
1.973366835339563086e-01
1.972588847789616129e-01
1.975713321475867368e-01
1.980351150123539072e-01
1.985147935188208979e-01
1.987185975163542340e-01
1.985185801121348848e-01
1.980764619359204615e-01
1.976743727610907608e-01
2.076743528115182480e-01
2.009515420052912782e-01
1.944438145701355702e-01
1.912763223229896059e-01
1.911410793460659729e-01
1.930803415994012673e-01
1.962538569144896827e-01
1.998228872342170392e-01
2.025809744143344249e-01
2.035777960221936134e-01
2.027954443357419256e-01
2.008158495157327528e-01
1.983921342227402962e-01
1.963005026736468761e-01
1.950904057858627583e-01
1.949338638229764498e-01
1.957334574548693085e-01
1.972274326595039595e-01
1.990004032022323344e-01
2.005285495891954151e-01
2.013488842773396847e-01
2.012663256294527636e-01
2.003984615992145113e-01
1.990882153973856927e-01
1.977805470284623723e-01
1.968744758841898257e-01
1.965943869646077091e-01
1.969562486901304532e-01
1.978083668144488549e-01
1.988666647385808062e-01
1.997843339235964577e-01
2.002631444574128339e-01
2.001753601708515518e-01
1.995988575262852560e-01
1.987721089746079806e-01
1.979992444698958354e-01
1.975387748381159936e-01
1.975159370650534374e-01
1.978987850563814488e-01
1.985328616273301372e-01
1.991758317318507165e-01
1.995928509161892517e-01
1.996470872966108201e-01
1.993488506898536960e-01
1.988403283784761222e-01
1.983321203152697554e-01
1.980133281061648431e-01
1.979892713846845564e-01
1.982445868855126081e-01
1.986576667926514550e-01
1.886581995515721477e-01
1.917359076972543208e-01
1.984851296269398713e-01
2.042687939033819844e-01
1.997226387952285021e-01
1.949213521247720182e-01
1.922340461984106408e-01
1.908070042601135996e-01
1.900726885160723967e-01
1.897690801696105822e-01
1.897740383400480235e-01
1.900500270205545961e-01
1.906352845729825107e-01
1.916292574069068111e-01
1.932458630756893059e-01
1.957626883394189277e-01
1.991083483575378510e-01
2.017758514183426999e-01
2.018281881802847788e-01
1.998567575530471319e-01
1.973452936127724766e-01
1.956118731836053726e-01
1.950338477916377655e-01
1.955322902509281369e-01
1.969468910983641630e-01
1.988899718662044680e-01
2.004711113258348387e-01
2.007483008635376487e-01
1.997144591457456486e-01
1.981273493730175972e-01
1.968967264405022399e-01
1.964758095920439707e-01
1.969130695417177501e-01
1.980015959835030037e-01
1.992657833234229847e-01
2.000142523413726559e-01
1.998264273117820455e-01
1.988988783619186351e-01
1.978532129054440258e-01
1.972663502027982019e-01
1.973482014694711018e-01
1.979930282502928296e-01
1.988692859700413873e-01
1.994769856627482962e-01
1.994617642637837862e-01
1.988853499099495215e-01
1.981574765330071097e-01
1.977120113268148460e-01
1.977498437903998096e-01
1.982173529552681834e-01
2.082173169248584810e-01
2.013632695562387609e-01
1.947010878102840015e-01
1.908321353755150218e-01
1.887368688293563634e-01
1.879505612127552183e-01
1.882571918174264780e-01
1.894513685651072754e-01
1.913692136772250363e-01
1.939888624003818784e-01
1.973323547771590192e-01
2.009132362104539271e-01
2.033494836832109021e-01
2.036442753469801248e-01
2.021288283859679902e-01
1.996689507787303974e-01
1.972524918247242909e-01
1.956042180586711754e-01
1.949311897874977939e-01
1.951881235820559224e-01
1.962583338846906611e-01
1.979412406581327055e-01
1.998322773849082190e-01
2.013013220480884546e-01
2.018108719955382380e-01
2.012542972507351813e-01
1.999604214374908207e-01
1.984884765762237602e-01
1.973554083563336392e-01
1.968581900795148831e-01
1.970528448154570123e-01
1.978344728156113397e-01
1.989549966983635843e-01
2.000343052316694292e-01
2.006683268857888114e-01
2.006294770622167045e-01
1.999969943926093729e-01
1.990834901752899511e-01
1.982653809230189579e-01
1.978265138985239591e-01
1.978775032485944052e-01
1.983621749078745278e-01
1.990834361653574525e-01
1.997591412039556591e-01
2.001118591707476413e-01
2.000123856467851402e-01
1.995450911339938793e-01
1.989433839336006704e-01
1.984713229913744326e-01
1.983019632082208272e-01
2.083018864624548439e-01
2.011587065908743699e-01
1.944705770985399318e-01
1.894299599483219854e-01
1.843043098382478595e-01
1.796109236744726778e-01
1.760720129549044333e-01
1.740043396250998964e-01
1.736093450150157924e-01
1.746683209536995796e-01
1.767075038137375653e-01
1.792732786344803098e-01
1.820472880014794848e-01
1.847102141065514458e-01
1.868125356016835381e-01
1.880549517172522556e-01
1.884260783123268002e-01
1.880158716041955558e-01
1.869076598575379888e-01
1.852517182234279525e-01
1.833451416706445847e-01
1.815604074285112057e-01
1.801627695223415593e-01
1.792974897030517600e-01
1.790086528567621516e-01
1.792723254653532661e-01
1.800169632689483379e-01
1.811285956818370624e-01
1.824409853567070527e-01
1.837488575034573191e-01
1.848029675868267108e-01
1.854021141678367235e-01
1.854602224771590979e-01
1.850109769685906735e-01
1.841826113173589685e-01
1.831869922841269094e-01
1.822503409389309437e-01
1.815473038153578023e-01
1.811823730696669466e-01
1.811833848793275581e-01
1.815221221353139625e-01
1.821118430666348598e-01
1.828323705162007706e-01
1.835296002855495434e-01
1.840461652000664472e-01
1.842767622933608740e-01
1.841954802463703911e-01
1.838453450581297721e-01
1.833280019719136233e-01
1.827901930114519125e-01
1.927901919695177713e-01
2.022986342036288132e-01
2.090535469225478782e-01
2.119528946488510035e-01
2.112185920772662873e-01
2.084581028050496443e-01
2.048110337697424121e-01
2.009477786675309130e-01
1.974535942168189895e-01
1.950333000994777244e-01
1.940972550399199525e-01
1.945872649036588797e-01
1.961900139065043958e-01
1.984687438169195350e-01
2.009174572937817704e-01
2.030840585169741697e-01
2.046701770949064803e-01
2.055225177562892969e-01
2.056015219539511218e-01
2.049730320216387458e-01
2.037858529829231768e-01
2.022385416062167929e-01
2.005696827910772861e-01
1.990557390693940554e-01
1.979739565896583842e-01
1.975183413256510756e-01
1.977339467947859530e-01
1.985140362623332155e-01
1.996420586546154563e-01
2.008557560904989658e-01
2.019145549710285314e-01
2.026453125543337397e-01
2.029554563627351538e-01
2.028318237422882531e-01
2.023298500929211485e-01
2.015611564939382983e-01
2.006783518652469067e-01
1.998586235894138918e-01
1.992696870658973163e-01
1.990263963780129763e-01
1.991573471753565749e-01
1.996010605184464770e-01
2.002272099503219216e-01
2.008789503289013789e-01
2.014130208498620123e-01
2.017279839849052958e-01
2.017790570668155647e-01
2.015772376996943227e-01
2.011843010285911115e-01
2.006987895744292150e-01
