1.000000000000000000e+00
9.899999999999999911e-01
9.800229428850526503e-01
9.700626320134029257e-01
9.601044736180972539e-01
9.501312889112765170e-01
9.401243064154497509e-01
9.300642929877604992e-01
9.199326840050475740e-01
9.097132626429514923e-01
8.993928938207542689e-01
8.889634126002017300e-01
8.784237886475595447e-01
8.677823026238206117e-01
8.570582380500737507e-01
8.462831153632680570e-01
8.355004045253398015e-01
8.247660689910621956e-01
8.141498827799347193e-01
8.037391961298772092e-01
7.936426177851882979e-01
7.839900939318538153e-01
7.749241209348797232e-01
7.665817599206993238e-01
7.590741160656563347e-01
7.524719449234514856e-01
7.468023505732707124e-01
7.420556327417879849e-01
7.381955705425803371e-01
7.351710058104039547e-01
7.329228387805475364e-01
7.313904864067615197e-01
7.305152401212388069e-01
7.302415290524885139e-01
7.305183655947846688e-01
7.312986783243374811e-01
7.325388503784033833e-01
7.341979014561066386e-01
7.362359723081105534e-01
7.386143472704042034e-01
7.412934942308224695e-01
7.442306579407149680e-01
7.473804547791265129e-01
7.506931480213886454e-01
7.541147542998700715e-01
7.575857262342586829e-01
7.610429066222066385e-01
7.644205129233395679e-01
7.676523244288327996e-01
7.706733062923584177e-01
7.734237958048933992e-01
7.634237958048933903e-01
7.534179731588728224e-01
7.436518650745879144e-01
7.339808668709649764e-01
7.241874160781797132e-01
7.144018539268647272e-01
7.047209096283763019e-01
6.949276855133820208e-01
6.853284289683563291e-01
6.762514898496345683e-01
6.676719910631907506e-01
6.590681430040672417e-01
6.503643612279095265e-01
6.413800931683102391e-01
6.324978814898545298e-01
6.248045898248125729e-01
6.176949832611384750e-01
6.107144197172441613e-01
6.041993845291906418e-01
5.984440184711167232e-01
5.939623700740727097e-01
5.898822792951399219e-01
5.857564625557436511e-01
5.820707354169242231e-01
5.786755205665422563e-01
5.760685181583008463e-01
5.741498920728284050e-01
5.731550666643513425e-01
5.723251112978318123e-01
5.724003106304585975e-01
5.728818847794004965e-01
5.734725208385629269e-01
5.745309148962176593e-01
5.764713835554670096e-01
5.788371839171616573e-01
5.816966350206359548e-01
5.843247653310180700e-01
5.867646451268829777e-01
5.888575441874904781e-01
5.910229990933313360e-01
5.934309962741040056e-01
5.959634916714527941e-01
5.985478774358439225e-01
6.017441009003636765e-01
6.042203246100177338e-01
6.063931103866150307e-01
6.085301565969499782e-01
6.112311180179378356e-01
6.134074062195804533e-01
6.151042564080155817e-01
6.051042564080155728e-01
6.002835002684705490e-01
6.011955062767391222e-01
6.044515837937666225e-01
6.081185037962795192e-01
6.110335224550608180e-01
6.119501595429864826e-01
6.109354091244524332e-01
6.088230384637729475e-01
6.067072343827926151e-01
6.050222990714736460e-01
6.040581773116175945e-01
6.042694460215118912e-01
6.053823439462144851e-01
6.069644999451941914e-01
6.084674610579277054e-01
6.092908839124178133e-01
6.094498893947358775e-01
6.087455200523648191e-01
6.074977212524502734e-01
6.064495512454789461e-01
6.058079799584221714e-01
6.057921977910397660e-01
6.062809247126939027e-01
6.070033420630264187e-01
6.076174981352235882e-01
6.080660967892186353e-01
6.080798336271882043e-01
6.075737531203471153e-01
6.069963920437830840e-01
6.064108941763854954e-01
6.061588673169362451e-01
6.063653927804135702e-01
6.068345540459980647e-01
6.073374351447234920e-01
6.075004238012068347e-01
6.076089959301692600e-01
6.076845019071924758e-01
6.079074531415185056e-01
6.078810453532353941e-01
6.074297241045202300e-01
6.067746446490720480e-01
6.061317517295266022e-01
6.058060889579996999e-01
6.060460700227211506e-01
6.065604314907215855e-01
6.073640461959634029e-01
6.077276657194722320e-01
6.077536559509657543e-01
6.074091272251391782e-01
5.974091272251391693e-01
5.909628795370928112e-01
5.901279782314168276e-01
5.924633295401088295e-01
5.961631184810578521e-01
5.998582679076905899e-01
6.023488351396465434e-01
6.029304249833917773e-01
6.018508361554766317e-01
5.997461385287005120e-01
5.973139635651890655e-01
5.952548878955232770e-01
5.940871398746330190e-01
5.940177650152932420e-01
5.949101436511473606e-01
5.964548626873290571e-01
5.981921328354712353e-01
5.996507896918974456e-01
6.004460928376558204e-01
6.003941508643497738e-01
5.996315924245779749e-01
5.984297015571551359e-01
5.971522264366012633e-01
5.961659422857390478e-01
5.956956575968274104e-01
5.958485244205368181e-01
5.965029342363791232e-01
5.974648222662320984e-01
5.983856081727195741e-01
5.990371750224587899e-01
5.992430972370728082e-01
5.989522217272761351e-01
5.982906667292412495e-01
5.975236860094670366e-01
5.968860024215274507e-01
5.965764852698219878e-01
5.966752812475196732e-01
5.971042561674885230e-01
5.977239348314803413e-01
5.982996065268910701e-01
5.986664319254726419e-01
5.987358826770892151e-01
5.984461315784340707e-01
5.979132795052205518e-01
5.973534066781157614e-01
5.969844186370552030e-01
5.968709722763934078e-01
5.970523822111021284e-01
5.974562386876343112e-01
5.979207796415234588e-01
6.079207796415234677e-01
6.159207752604722863e-01
6.179653787357874961e-01
6.159986368558181269e-01
6.123135519327257414e-01
6.083963449514895316e-01
6.054766031826697148e-01
6.042657816435565987e-01
6.047055625564006220e-01
6.064168979567816642e-01
6.088081517232812878e-01
6.112094832737248185e-01
6.130640646271815486e-01
6.139217919756365660e-01
6.136655426560572169e-01
6.124758307443339822e-01
6.107842311246238776e-01
6.090301962284967452e-01
6.076451461170624402e-01
6.069259001252289565e-01
6.070109973593583730e-01
6.078036084768773106e-01
6.090635476335916065e-01
6.104691301657354519e-01
6.116094793700153076e-01
6.122171391399015006e-01
6.121110092462398455e-01
6.114517423307122002e-01
6.104515201641954603e-01
6.094418933151316553e-01
6.086666605442884181e-01
6.083649585094916823e-01
6.085519602020178498e-01
6.091385785518926843e-01
6.099503443028774230e-01
6.106840529816237595e-01
6.111577614257047708e-01
6.112227665078415750e-01
6.109064825574209712e-01
6.103287209625832821e-01
6.096593388982515238e-01
6.091342915791029267e-01
6.089435674444215740e-01
6.090734720961623605e-01
6.094290348502953147e-01
6.098905179143592203e-01
6.103521260634817702e-01
6.106744571455411386e-01
6.107240259079690370e-01
6.105330197459770680e-01
6.205330197459770769e-01
6.285585565063800395e-01
6.297077841616864902e-01
6.270903046057135777e-01
6.230975807193712690e-01
6.193232946131790317e-01
6.168575482910513275e-01
6.161523229804010127e-01
6.171082250544146497e-01
6.191614303738114389e-01
6.216270913753210170e-01
6.238995527291149035e-01
6.254447715081087322e-01
6.258702233090553957e-01
6.251946192252746393e-01
6.238084069202427528e-01
6.220102160955548465e-01
6.204097675627138209e-01
6.193697374204363282e-01
6.191007953181757451e-01
6.196045790917671381e-01
6.205762829234376943e-01
6.217190761532281895e-01
6.227854957837198890e-01
6.234453646753936873e-01
6.236969528622696712e-01
6.234298615703069979e-01
6.227617179665951852e-01
6.219113715167208234e-01
6.212667315211710672e-01
6.208607195946400648e-01
6.207833522416661420e-01
6.211050619545629425e-01
6.216924861885279041e-01
6.224078797480828706e-01
6.229568949218927676e-01
6.232098919389152947e-01
6.230154741504769778e-01
6.225128738838835440e-01
6.218611335102491866e-01
6.212488605819727061e-01
6.209761555399629929e-01
6.211408889568441616e-01
6.215564364907077977e-01
6.220357877971902649e-01
6.224633551643017348e-01
6.226879058830864233e-01
6.225747770443469387e-01
6.221953635488476353e-01
6.217707330864001847e-01
6.117707330864001758e-01
6.018257811571950944e-01
5.919501681402642435e-01
5.822886568885743408e-01
5.728703479490973027e-01
5.637425738296196753e-01
5.549050283427985342e-01
5.463928675349278841e-01
5.381572211842261533e-01
5.300266218550792052e-01
5.220733302678302046e-01
5.142703475505159272e-01
5.067197793656464944e-01
5.000337933816609848e-01
4.952662259415692714e-01
4.929561993959059030e-01
4.931819258475897971e-01
4.951278722908039609e-01
4.983279383849105737e-01
5.021117715647832602e-01
5.061360695824207445e-01
5.099376866684502962e-01
5.131762139417457291e-01
5.157880591348920074e-01
5.177211465087747655e-01
5.190645308603494268e-01
5.196989007562331508e-01
5.196544838959845647e-01
5.189834977232760105e-01
5.178929742921143387e-01
5.164334154097129925e-01
5.145290357441828499e-01
5.123487335447153290e-01
5.099242053923281892e-01
5.074503587798590010e-01
5.053800066284158676e-01
5.036604481922305476e-01
5.024904283619798795e-01
5.021400679045102677e-01
5.024892579171625906e-01
5.034777499286303692e-01
5.048513072770020038e-01
5.065024563945308422e-01
5.082773959338111602e-01
5.098070405572762143e-01
5.110427254986444900e-01
5.121285294930376653e-01
5.128585886704427610e-01
5.130215396836659281e-01
5.127123180835279070e-01
5.027123180835278982e-01
4.933086298757701771e-01
4.871069454487457762e-01
4.856174196342992744e-01
4.872516511319333055e-01
4.905921337142781224e-01
4.946091350298791323e-01
4.983437863053536421e-01
5.009873004161042864e-01
5.021692344826158561e-01
5.019071646272945664e-01
5.004848078922944365e-01
4.982867297259158668e-01
4.957952663731199916e-01
4.934836322729926339e-01
4.917981763717442778e-01
4.910354849389263476e-01
4.912491552694592256e-01
4.922951279648968836e-01
4.938749451959690284e-01
4.956136134117504755e-01
4.971836020765459940e-01
4.982537047435735000e-01
4.986730536071087294e-01
4.984426435078456175e-01
4.976601509542722956e-01
4.965129622882716864e-01
4.952449396747436450e-01
4.941342919409530410e-01
4.934296896438855606e-01
4.932580882683244017e-01
4.936049895636148155e-01
4.943270125439642171e-01
4.952414260497835508e-01
4.961315197356269691e-01
4.968086343706127894e-01
4.971184383061419965e-01
4.970039282337852526e-01
4.965494931678003376e-01
4.958846527337899546e-01
4.951560807637383488e-01
4.945510376693765808e-01
4.942336362157028762e-01
4.942399000331715309e-01
4.945700245162789610e-01
4.950995455729691463e-01
4.956618312906561075e-01
4.961014083606175573e-01
4.962844310667444692e-01
4.962422410363451775e-01
4.862422410363451686e-01
4.779644187065255068e-01
4.730467750979608921e-01
4.712667550318689336e-01
4.717932288622239678e-01
4.739304455266072913e-01
4.771189248493454271e-01
4.808185811108116603e-01
4.844054824138070425e-01
4.871464138847007019e-01
4.884649545131348747e-01
4.882552917521496005e-01
4.868244294580101883e-01
4.846512808984005383e-01
4.822465422349711539e-01
4.800898126871950833e-01
4.785336248653822011e-01
4.777613911458894469e-01
4.778052409216326235e-01
4.785776788604215737e-01
4.799011955557821452e-01
4.815309956672909064e-01
4.831705856102298524e-01
4.845035472942839094e-01
4.852771434157036046e-01
4.853695415238384880e-01
4.848195332830340099e-01
4.838080201129161817e-01
4.825870560856732605e-01
4.814303914123670980e-01
4.805626766423784502e-01
4.801237903503546844e-01
4.801637972558647771e-01
4.806331889044955785e-01
4.814082680826162752e-01
4.823188199982388347e-01
4.831593729744465548e-01
4.837454751971958511e-01
4.839623682257934711e-01
4.837901621032347221e-01
4.832994343992522701e-01
4.826330017576551112e-01
4.819619680184023536e-01
4.814443468351244371e-01
4.811866234929589869e-01
4.812182789065826971e-01
4.815160694565071009e-01
4.819838434238639668e-01
4.825041257907660142e-01
4.829461439581703153e-01
4.929461439581703242e-01
4.947518728940188404e-01
4.915386219501163834e-01
4.878284191841434914e-01
4.860293939502462468e-01
4.864954095505498732e-01
4.884561591461866192e-01
4.908790968708228730e-01
4.925636660375068976e-01
4.927004482136140284e-01
4.914916540486237717e-01
4.897088868123098404e-01
4.882238426930431974e-01
4.876296382405240215e-01
4.880342061618394567e-01
4.891812158269819855e-01
4.905431530034810583e-01
4.915271408836864309e-01
4.917009028571394658e-01
4.910568302349616054e-01
4.899877947787412702e-01
4.890143957333773495e-01
4.885579788872485008e-01
4.887514727613418430e-01
4.894507252056720104e-01
4.903253543581516105e-01
4.909508255087835504e-01
4.910702347859728922e-01
4.906480513365637508e-01
4.899484926594633860e-01
4.893241948331496505e-01
4.890681757387980721e-01
4.892662272295631998e-01
4.898030090800842284e-01
4.903811736699372203e-01
4.907069672730767218e-01
4.906144264831834301e-01
4.901856013430491710e-01
4.896724977566782600e-01
4.893588893844034171e-01
4.893999921092807015e-01
4.897476430246804346e-01
4.901784001442273109e-01
4.904563585419660643e-01
4.904403395756500861e-01
4.901570081245635868e-01
4.897997636480151962e-01
4.895797523663522055e-01
4.896168304481522404e-01
4.898607345206150709e-01
4.798607345206150621e-01
4.709206836926866369e-01
4.631334571322182625e-01
4.562766577855520977e-01
4.500614910844458194e-01
4.442449593101076566e-01
4.386411536369413389e-01
4.331174632233894539e-01
4.276131515758243573e-01
4.220831681667658875e-01
4.165048615313599045e-01
4.109147136244417631e-01
4.053964321870160981e-01
4.000443451794490346e-01
3.949627623861273751e-01
3.902351146669434945e-01
3.859140813535741898e-01
3.820015927726564953e-01
3.784934685044162861e-01
3.753740496076234390e-01
3.726190250624462075e-01
3.702104525069169205e-01
3.681267258628276862e-01
3.663424951231785132e-01
3.648394135444130160e-01
3.636007656402978072e-01
3.626121391308765318e-01
3.618601226699432738e-01
3.613284853657004470e-01
3.609968719062018327e-01
3.608610674384739592e-01
3.608969865130797205e-01
3.610949536920320391e-01
3.614338798399448494e-01
3.619002913537810451e-01
3.624946820511701362e-01
3.632027044666483739e-01
3.640104483307421979e-01
3.649034736232405485e-01
3.658790405479948049e-01
3.669174422656717449e-01
3.680144764854931250e-01
3.691641463903656550e-01
3.703511841404898974e-01
3.715667701719519989e-01
3.728087830334795294e-01
3.740625591967369212e-01
3.753312232510067070e-01
3.766122787883363632e-01
3.778893592318026129e-01
3.678893592318073780e-01
3.599384855584506493e-01
3.538646533298355767e-01
3.493198851817954087e-01
3.459738059439437241e-01
3.435604110964026736e-01
3.418661775910764589e-01
3.407473336725357349e-01
3.400901122288534917e-01
3.398282333896168739e-01
3.399069368146992454e-01
3.402932038697050743e-01
3.409635975596221336e-01
3.419034592186198096e-01
3.431019169443506600e-01
3.445647348207037663e-01
3.462883229085058079e-01
3.482754396837925981e-01
3.505083990972472363e-01
3.529486066160792967e-01
3.555474617078366317e-01
3.582069039684767642e-01
3.607950484803210123e-01
3.631506942751568379e-01
3.650542472396604010e-01
3.663086345982495273e-01
3.667790053682689622e-01
3.664741029065352595e-01
3.654704649541256067e-01
3.640162185009067075e-01
3.623284384995006380e-01
3.606272274034698078e-01
3.590973394253897943e-01
3.578265719250595112e-01
3.568772081866766754e-01
3.562870520908096306e-01
3.560728057818215997e-01
3.562123427188921276e-01
3.566648016218441630e-01
3.573702066258160892e-01
3.582710696615245549e-01
3.592866612893955702e-01
3.603159919077410511e-01
3.612896819727589026e-01
3.621172685887535936e-01
3.627141471518581239e-01
3.630322094781879838e-01
3.630375456471160445e-01
3.627231237468018787e-01
3.621677182538768913e-01
3.521677182539350026e-01
3.468529512617745114e-01
3.413514375920594923e-01
3.341989211026745177e-01
3.260680695734545220e-01
3.177135956491896618e-01
3.099326222190492142e-01
3.029329229027806214e-01
2.966981097392852873e-01
2.911298349555782039e-01
2.861057847638552865e-01
2.815369911641590339e-01
2.773790178715483945e-01
2.736019893137279779e-01
2.701671472748213843e-01
2.670264945931100642e-01
2.641340019774605086e-01
2.614535822590218772e-01
2.589606863336225140e-01
2.566397592625105362e-01
2.544805820541107266e-01
2.524755271665402034e-01
2.506179019160382770e-01
2.489010711649179419e-01
2.473181832112314738e-01
2.458621509484950063e-01
2.445256160116031363e-01
2.433009557470663387e-01
2.421803661248324580e-01
2.411558899089328856e-01
2.402196481037912890e-01
2.393638822222864393e-01
2.385810651711575969e-01
2.378640354507579324e-01
2.372060915262420855e-01
2.366009210715580013e-01
2.360426765238633484e-01
2.355259807403650429e-01
2.350459392465254205e-01
2.345980831131873334e-01
2.341783578962654544e-01
2.337831049790240201e-01
2.334090959515205677e-01
2.330533701390691548e-01
2.327132866836184588e-01
2.323864722150084938e-01
2.320707991059362263e-01
2.317643707100024153e-01
2.314654928346075724e-01
2.311726766020308910e-01
2.211726766206598138e-01
2.111611780266142990e-01
2.015286234247574415e-01
1.929029230111073689e-01
1.879194747879298633e-01
1.873054165288962625e-01
1.894781257633172677e-01
1.930731664050157892e-01
1.972383577378999664e-01
2.012845028488224608e-01
2.045336685151689649e-01
2.066022195831745123e-01
2.074536245225735431e-01
2.072012915067702743e-01
2.060004391706681537e-01
2.040380479632016575e-01
2.015694740640366078e-01
1.989508356868962269e-01
1.966037829627774736e-01
1.948963302578025081e-01
1.940478486602624231e-01
1.941065407177719748e-01
1.949712306214848589e-01
1.964325723979543914e-01
1.982115221086099277e-01
1.999908329968023146e-01
2.014671276974713821e-01
2.024173143724818102e-01
2.027368554844279080e-01
2.024332348472998588e-01
2.016057413284766675e-01
2.004273585393690771e-01
1.991247685532142042e-01
1.979424592695333274e-01
1.970907325508197971e-01
1.967015436497724090e-01
1.968082792590067631e-01
1.973492600689472354e-01
1.981871828483300901e-01
1.991370764968017071e-01
2.000038158140090561e-01
2.006220337558476396e-01
2.008913724982063498e-01
2.007886990389938786e-01
2.003644382591031892e-01
1.997297424490591389e-01
1.990313951250844149e-01
1.984210064699803988e-01
1.980213446362189822e-01
1.979009083353981124e-01
2.079009082908422901e-01
2.058328786844092484e-01
2.009942839544261450e-01
1.971440779024846435e-01
1.972072542347884649e-01
1.996383986829850243e-01
2.025812980473696290e-01
2.044035337717886036e-01
2.045027615685285072e-01
2.031813959999113350e-01
2.011235234301014252e-01
1.992747736116744772e-01
1.985222234297163713e-01
1.990832504716490425e-01
2.005203052602973490e-01
2.020936824781154328e-01
2.030954024350338227e-01
2.031776557891220303e-01
2.024095359341629985e-01
2.011684090366593070e-01
2.000196798677707222e-01
1.994915904376833582e-01
1.997809300501484642e-01
2.006730338185949425e-01
2.016967997771873244e-01
2.023681967521599734e-01
2.024179877284119633e-01
2.018794402639668417e-01
2.010377964083020774e-01
2.003133913463203963e-01
2.000571533756927423e-01
2.003628660729586675e-01
2.010248522600644183e-01
2.016777870889692459e-01
2.019959756016652952e-01
2.018523289102669704e-01
2.013546156022698319e-01
2.007827073181875366e-01
2.004454069257068372e-01
2.005070065956540415e-01
2.009015583516044756e-01
2.013837945234534521e-01
2.016822147425468836e-01
2.016496322424352061e-01
2.013305927815522145e-01
2.009242063420211832e-01
2.006719571746582442e-01
2.007081139063841835e-01
2.009869966585108303e-01
2.013213074965021221e-01
2.113213074108027945e-01
2.145822885557033266e-01
2.124782224506958361e-01
2.087117094282111840e-01
2.049733457963268390e-01
2.027375063980033643e-01
2.029794470268058704e-01
2.049055538026199608e-01
2.073644189411840699e-01
2.094961546154494036e-01
2.107703011674786908e-01
2.109546098863947505e-01
2.101466169008372464e-01
2.086736515297486494e-01
2.069530329108944244e-01
2.054484838946168679e-01
2.046191534167059456e-01
2.047114489214877375e-01
2.055905135864104505e-01
2.068640846416598122e-01
2.081031733037890241e-01
2.089723405295982051e-01
2.092780533483456773e-01
2.089916020929966922e-01
2.082386921909482047e-01
2.072518394316076040e-01
2.063220568627351093e-01
2.057352709687819692e-01
2.056688767543217999e-01
2.061035547470650986e-01
2.068412844089344838e-01
2.076103103254800797e-01
2.081685003982365612e-01
2.083678618138584404e-01
2.081797099324785294e-01
2.076905401589996536e-01
2.070721435109773301e-01
2.065345027038560655e-01
2.062585586683619576e-01
2.063260037474586028e-01
2.066830541915487540e-01
2.071730896808497702e-01
2.076098990700228353e-01
2.078482326982506179e-01
2.078242873750824338e-01
2.075675911496006887e-01
2.071848274160072723e-01
2.068234006498769484e-01
2.066176026654276687e-01
2.066357039382349381e-01
1.966357044349817396e-01
1.925927602827009477e-01
1.948769495053288836e-01
1.989189914418600935e-01
2.020965288665611814e-01
2.030611996191079571e-01
2.020393050291043879e-01
1.997961034338337494e-01
1.972777392666554275e-01
1.955815603947460291e-01
1.953762986319825257e-01
1.964997101878670771e-01
1.983111638526486309e-01
2.000215165010213458e-01
2.009923437769734478e-01
2.009727057351011481e-01
2.000827311351142945e-01
1.987016296661339443e-01
1.973687692693407991e-01
1.966158713813407899e-01
1.967066167929548137e-01
1.975181295496848677e-01
1.986517964952670690e-01
1.996239535439012780e-01
2.000687671899968600e-01
1.998673020583102422e-01
1.991501875206921346e-01
1.982342977180565347e-01
1.975116465899505735e-01
1.972831063664182427e-01
1.976084616927759330e-01
1.982948472319848165e-01
1.990095547614504357e-01
1.994394563525627717e-01
1.994249905459869743e-01
1.990095537614322563e-01
1.984043619151780735e-01
1.978977661482858585e-01
1.977198556285162667e-01
1.979306255018705718e-01
1.983945328127267871e-01
1.988666130650918462e-01
1.991209926550840115e-01
1.990550538699143168e-01
1.987262880735987114e-01
1.983160151506739854e-01
1.980368980442868410e-01
1.980211177385453325e-01
1.982538241503327137e-01
1.985929652618557695e-01
2.085929636101036544e-01
2.021421240885840631e-01
1.951654905983667976e-01
1.937310770124550663e-01
1.960313689460077280e-01
1.996635269180409566e-01
2.027225256021531474e-01
2.040376341837359941e-01
2.035604548120984181e-01
2.017749033039179518e-01
1.993639965598878183e-01
1.972203337239051002e-01
1.962117514986728706e-01
1.966040338141785693e-01
1.980398031355955213e-01
1.998568790413103036e-01
2.013484144117828889e-01
2.020354564835790956e-01
2.017925817929851762e-01
2.007887826866738279e-01
1.994041572464292644e-01
1.981518186324841280e-01
1.975085301043855990e-01
1.976810029795260659e-01
1.985220614454472066e-01
1.996378684885816435e-01
2.005738755196405376e-01
2.009965848727300053e-01
2.008011257697405461e-01
2.001083460827653149e-01
1.992128954914721972e-01
1.984839252637357887e-01
1.982150027320885299e-01
1.984840972228356093e-01
1.991285756685854114e-01
1.998402537158563419e-01
2.003146670918949102e-01
2.003780647033646667e-01
2.000388531530180591e-01
1.994694587707298294e-01
1.989314278350910736e-01
1.986653201261671942e-01
1.987732419837322240e-01
1.991730049613709141e-01
1.996527050847876072e-01
1.999850129981229629e-01
2.000296810396514913e-01
1.997905809654491049e-01
1.994021139378130136e-01
1.990607952781391077e-01
2.090607952414924864e-01
2.157403021743563298e-01
2.175107584233869351e-01
2.155636927335380371e-01
2.121700916463652442e-01
2.086025372127117694e-01
2.055658969246696999e-01
2.036719848445058545e-01
2.033287362222057637e-01
2.043671870441578498e-01
2.062583106988241377e-01
2.084542720716876241e-01
2.105257166185009188e-01
2.121442866112374925e-01
2.130529049606901537e-01
2.131277938611832179e-01
2.124406420115668437e-01
2.112175970912916201e-01
2.097381286705043424e-01
2.082722413340784839e-01
2.070648457107330254e-01
2.063201608998390668e-01
2.061566005227149223e-01
2.065603020082669439e-01
2.073921884397653959e-01
2.084458458276212678e-01
2.095064192320019725e-01
2.103836578071726915e-01
2.109330914554487513e-01
2.110760721061667178e-01
2.108169570154748984e-01
2.102400824043455518e-01
2.094824581654984585e-01
2.087023259507806705e-01
2.080512567469437468e-01
2.076503336788116660e-01
2.075649206115477430e-01
2.077882556113939405e-01
2.082461399297358129e-01
2.088212410467508440e-01
2.093834867073207096e-01
2.098170433490470499e-01
2.100416765876945424e-01
2.100266371586518299e-01
2.097947077482361367e-01
2.094137706605041505e-01
2.089791130411909059e-01
2.085901425788340979e-01
2.083309112771640215e-01
2.082507358831753863e-01
2.182507350207733843e-01
2.111304066438939309e-01
2.047082843081035053e-01
2.017389603768148520e-01
2.028431253606172990e-01
2.058743304348187864e-01
2.093304733003192308e-01
2.122753701709172713e-01
2.140519735254844402e-01
2.142960819107259662e-01
2.131976041948304423e-01
2.112739995894782896e-01
2.090597691890146159e-01
2.070266828174982254e-01
2.056134747130907714e-01
2.051444373122925657e-01
2.056533288568468121e-01
2.068827030877385398e-01
2.084448734404749093e-01
2.099614825339274071e-01
2.111213641215603787e-01
2.117082924881465988e-01
2.116392570284109376e-01
2.109907683126322764e-01
2.099564959779934292e-01
2.087887412698260503e-01
2.077497712308932765e-01
2.070706615379679649e-01
2.068956546436050148e-01
2.072290277239491607e-01
2.079393826253919386e-01
2.088155784276703453e-01
2.096337537063333034e-01
2.102069021478422672e-01
2.104199059969228958e-01
2.102516418052760849e-01
2.097734564512058753e-01
2.091258488157138606e-01
2.084808433690585050e-01
2.080012605364251199e-01
2.078015219695435734e-01
2.079140709099109585e-01
2.082819306866126319e-01
2.087821798957803510e-01
2.092687760752109938e-01
2.096128743171647435e-01
2.097344717882401455e-01
2.096193195482285165e-01
2.093179994768644414e-01
2.089285114770366436e-01
1.989285115505616264e-01
1.903103192967483259e-01
1.864609833228444147e-01
1.874390484368224363e-01
1.906662541431682345e-01
1.945918158347276494e-01
1.981888724783712474e-01
2.005765534652512450e-01
2.013099310032735179e-01
2.005230660197156733e-01
1.986528628488269943e-01
1.962440346392325397e-01
1.938640892052512499e-01
1.920116270822809779e-01
1.910338159460125140e-01
1.910521564771857084e-01
1.919460894827050013e-01
1.934333058429378305e-01
1.951596816188711780e-01
1.967519275153775116e-01
1.978736264147510082e-01
1.983103740961876527e-01
1.980248837368759340e-01
1.971491335465373473e-01
1.959328040961412498e-01
1.946761320938335538e-01
1.936625446328757438e-01
1.930984117272123990e-01
1.930717005185932644e-01
1.935432160124360979e-01
1.943653586886769369e-01
1.953236869504128004e-01
1.961823619897472004e-01
1.967406267449335888e-01
1.968825565285855783e-01
1.966073301397142925e-01
1.960189900655424089e-01
1.952933362969652975e-01
1.946259797638437705e-01
1.941816541834548993e-01
1.940541926966490027e-01
1.942512253529284638e-01
1.946953461885085335e-01
1.952506136904710587e-01
1.957592614361058359e-01
1.960861643702528356e-01
1.961548956277355260e-01
1.959674931358496575e-01
1.955988930221664590e-01
1.951686577845062609e-01
2.051686577540459411e-01
2.123529917663983524e-01
2.164099117875672162e-01
2.169808477514252598e-01
2.151250105008305491e-01
2.120776384567427675e-01
2.086517917416338408e-01
2.053398652679854219e-01
2.026184339799490530e-01
2.010682574293516101e-01
2.009988884483516480e-01
2.021864840026106058e-01
2.041216997373547226e-01
2.062841876299625343e-01
2.082843259055763563e-01
2.098748816967488939e-01
2.109039674673127140e-01
2.112961171208506961e-01
2.110608571328189409e-01
2.102866418309892738e-01
2.091190910273148240e-01
2.077301101098519009e-01
2.063069442745676940e-01
2.050532970719745607e-01
2.041738749458004987e-01
2.038222308211788403e-01
2.040344190933482404e-01
2.047127955698571367e-01
2.056700681387878815e-01
2.066978666576410884e-01
2.076161339986385690e-01
2.082941468052241507e-01
2.086545968854469357e-01
2.086733010653641640e-01
2.083753915495269449e-01
2.078274131209371101e-01
2.071293098171298475e-01
2.064018823736758768e-01
2.057720908824735850e-01
2.053526585948871608e-01
2.052144822258614443e-01
2.053652349373861208e-01
2.057478779481685949e-01
2.062607870705539248e-01
2.067890817571316486e-01
2.072308137115879689e-01
2.075134296811909917e-01
2.076005198229472770e-01
2.074929329746681428e-01
2.072257858797736385e-01
1.972257861455165850e-01
1.933573288082459374e-01
1.954897117540966567e-01
1.994348531066099384e-01
2.027512291451550597e-01
2.039676286318251597e-01
2.031412053194374956e-01
2.010166775795730887e-01
1.985097166015915848e-01
1.966456998795283462e-01
1.961478834070684851e-01
1.970005857307463026e-01
1.986806143693935767e-01
2.004672707012120636e-01
2.016901157361681574e-01
2.019813771633694743e-01
2.013515090401878094e-01
2.001013073141623133e-01
1.987116287315104091e-01
1.977099879661725901e-01
1.974588973761592092e-01
1.979847355947312593e-01
1.990089758436145995e-01
2.000916760413124773e-01
2.008138657733183063e-01
2.009367520207866187e-01
2.004685386984894069e-01
1.996304337967712283e-01
1.987754121756712400e-01
1.982521194467455339e-01
1.982558707436157808e-01
1.987399279413340492e-01
1.994590175964984780e-01
2.000897247543960977e-01
2.003740546031736180e-01
2.002234573554897423e-01
1.997357147910368280e-01
1.991446829749814462e-01
1.987203768535357740e-01
1.986431758680357595e-01
1.989207049319784981e-01
1.993946524326158098e-01
1.998278523723829581e-01
2.000235782658585926e-01
1.999112935189860107e-01
1.995682969009177077e-01
1.991761085125967334e-01
1.989290327295869798e-01
1.989372581500027104e-01
1.991749376864776766e-01
2.091749376560245732e-01
2.137755423573775848e-01
2.135198472009279258e-01
2.107523866257961509e-01
2.070580258570568211e-01
2.034660192183222194e-01
2.013045459590571129e-01
2.014577732390868126e-01
2.032749495387492777e-01
2.057037243439245600e-01
2.078947875159726233e-01
2.093527353026090054e-01
2.098712898468819421e-01
2.094666516427940717e-01
2.083217328531735413e-01
2.067212722362605504e-01
2.050326805916597994e-01
2.037049894074301204e-01
2.031548113506460584e-01
2.035151321235923183e-01
2.045547626460557933e-01
2.058543932623551065e-01
2.070114641202410732e-01
2.077479836747465614e-01
2.079350287163375943e-01
2.075799976043742612e-01
2.068049150623415267e-01
2.058224780871117099e-01
2.049079474467462580e-01
2.043399835464511927e-01
2.042905645025986927e-01
2.047349181311864386e-01
2.054715576513900521e-01
2.062309726744833704e-01
2.067810339864001590e-01
2.069862696404235203e-01
2.068205787636397397e-01
2.063584571386460897e-01
2.057535311305636605e-01
2.052038480556120648e-01
2.048937187008060823e-01
2.049182617140169471e-01
2.052398064718716220e-01
2.057143207123819373e-01
2.061598763700966119e-01
2.064302262559610801e-01
2.064523900332871920e-01
2.062400955102424993e-01
2.058811996969193425e-01
2.055107709029427299e-01
1.955107709612981803e-01
1.962737787820588442e-01
2.000477790281421087e-01
2.030709556148028450e-01
2.035620715908899037e-01
2.020315501912934297e-01
1.996176761552746481e-01
1.976808340331487890e-01
1.972719868898604456e-01
1.983318212907757561e-01
2.000927931753725408e-01
2.016095636950480108e-01
2.021909180092391900e-01
2.017021452579943197e-01
2.004778956370630583e-01
1.991248868143720985e-01
1.983065076147532413e-01
1.983841349083575178e-01
1.992248030606250109e-01
2.003436928922306126e-01
2.011757988294742006e-01
2.013527186443906658e-01
2.008555740166086956e-01
1.999710440694452418e-01
1.991586872981674639e-01
1.988282108339803900e-01
1.991142045183079412e-01
1.998125267697821450e-01
2.005240010983000698e-01
2.008788601514592542e-01
2.007257502003448602e-01
2.001844907851300093e-01
1.995707797836403508e-01
1.992259261537354109e-01
1.993224382872178790e-01
1.997703898221184493e-01
2.002847423747378397e-01
2.005686036714748599e-01
2.004802018642784789e-01
2.000994563186201669e-01
1.996704664190509793e-01
1.994515647427619054e-01
1.995589150717735072e-01
1.998992107325681944e-01
2.002463153392794737e-01
2.003847967077398429e-01
2.002480273524290533e-01
1.999426895103824653e-01
1.996729174926354933e-01
1.996127732776092345e-01
2.096127726832730520e-01
2.038893237890270216e-01
1.971784081479231177e-01
1.961901256469157362e-01
1.989079355311718367e-01
2.023202712808229997e-01
2.045345469510452541e-01
2.049853411287800020e-01
2.039168569328899394e-01
2.018626478674051539e-01
1.995759304150143965e-01
1.980892139765619009e-01
1.981165906381998076e-01
1.994016179793277888e-01
2.011564488032035192e-01
2.025842322005359797e-01
2.032064715805989019e-01
2.029212520303458334e-01
2.019062994068081818e-01
2.005496158156037656e-01
1.994006555312335671e-01
1.989753753796264790e-01
1.994182823568334262e-01
2.004262702500673732e-01
2.014849063414094754e-01
2.021499296450989247e-01
2.022065116595619383e-01
2.016880601695999198e-01
2.008324715600590671e-01
2.000179659846612057e-01
1.996219898327570852e-01
1.998112682794518924e-01
2.004385877747162925e-01
2.011571029762528329e-01
2.016274800568824410e-01
2.016669834452554377e-01
2.012946431155716587e-01
2.007048902114599298e-01
2.001912876167920297e-01
2.000099097479257904e-01
2.002308843392022475e-01
2.007016446187760428e-01
2.011559783249519118e-01
2.013683552278235367e-01
2.012566044845168212e-01
2.009016453125141433e-01
2.005011385013240333e-01
2.002727249915852714e-01
2.003306792144965987e-01
2.006180689994983557e-01
1.906180704108125512e-01
1.927403747251987265e-01
1.971912021713257690e-01
2.006177432421535345e-01
2.006869118825493348e-01
1.985288504261506493e-01
1.958001754033690811e-01
1.939329314667088411e-01
1.936083685157726775e-01
1.946687464803715240e-01
1.965133158090320575e-01
1.983386576636956278e-01
1.993113460605115406e-01
1.990634631960648826e-01
1.978743821215671328e-01
1.963773251492647309e-01
1.952386664490049772e-01
1.948800538154058515e-01
1.953558193905386708e-01
1.964047654800175347e-01
1.975681876915761637e-01
1.983291494030077484e-01
1.983656714026027224e-01
1.977286324351743563e-01
1.967734114226447617e-01
1.959607355137464590e-01
1.956318462551512039e-01
1.958835348902921158e-01
1.965614703745035552e-01
1.973336722833080592e-01
1.978318711380600003e-01
1.978300769444402141e-01
1.973704205551606028e-01
1.967204651150965267e-01
1.962155991654900844e-01
1.960867387029306408e-01
1.963638369353778446e-01
1.968791596282544187e-01
1.973596547022849479e-01
1.975554822695474999e-01
1.973848352818891316e-01
1.969716149464778021e-01
1.965593643342457009e-01
1.963657316388218166e-01
1.964733327828658005e-01
1.968026915939145582e-01
1.971557272598938315e-01
1.973342429643469842e-01
1.972496403354735972e-01
1.969731585395103068e-01
2.069731584800072743e-01
2.126563938617517524e-01
2.137458770966636501e-01
2.118577836849631635e-01
2.085401832206821848e-01
2.048100156354099866e-01
2.017401268582615093e-01
2.004593011513307599e-01
2.011350442399522376e-01
2.031011673402128570e-01
2.055188116789957997e-01
2.076519623460362229e-01
2.090245918955710991e-01
2.094433417867060110e-01
2.089451152455087390e-01
2.077241574848754657e-01
2.060829782887500794e-01
2.044141760974483579e-01
2.031607807545085242e-01
2.026756041970866062e-01
2.030450837668248409e-01
2.040631099743171750e-01
2.053556687580734008e-01
2.065362279691775327e-01
2.073115712416445655e-01
2.075322671099180394e-01
2.071961761596142204e-01
2.064263200867443582e-01
2.054424156735419060e-01
2.045245264276068231e-01
2.039403068657465457e-01
2.038539856113349424e-01
2.042536556750087495e-01
2.049645709212550848e-01
2.057331264651830471e-01
2.063235169639865141e-01
2.065811466808071817e-01
2.064631848961739347e-01
2.060303599529893503e-01
2.054331013732105804e-01
2.048679148806667183e-01
2.045183159660080852e-01
2.044884063306264821e-01
2.047627309177484645e-01
2.052173664611824100e-01
2.056801942951392015e-01
2.059949708641463373e-01
2.060716507980432655e-01
2.059056850835796759e-01
2.055706437958096655e-01
1.955706440105721977e-01
1.912813066801946349e-01
1.922357092491480957e-01
1.955623601919617982e-01
1.994359524687768781e-01
2.019654151139568254e-01
2.022089199229001044e-01
2.006495953746008087e-01
1.982074075664969071e-01
1.958990747299043655e-01
1.945658779536487137e-01
1.945119116355290279e-01
1.955643044603376235e-01
1.972786999514180573e-01
1.990386403808170335e-01
2.002048312096179061e-01
2.004053199550566156e-01
1.996753307912786379e-01
1.983701149194845859e-01
1.970051465965297899e-01
1.960732684606667775e-01
1.958564833004863281e-01
1.963580333610200901e-01
1.973470799173201173e-01
1.984398462976849908e-01
1.992215811074354859e-01
1.994161433647510806e-01
1.989981230351699493e-01
1.981832086708991414e-01
1.973208502006252585e-01
1.967495119643382362e-01
1.966640730369013379e-01
1.970562290735950461e-01
1.977365131363137962e-01
1.984123383886259584e-01
1.988038776567206123e-01
1.987677086294920015e-01
1.983539436638644127e-01
1.977723587513169623e-01
1.972864227776942869e-01
1.970961421604097152e-01
1.972587423059581624e-01
1.976764541998221048e-01
1.981437203430375937e-01
1.984479341400648966e-01
1.984592258203816961e-01
1.981978189545350322e-01
1.978076846220890861e-01
1.974822442610612017e-01
1.973712443375435777e-01
2.073712442970075398e-01
2.130590165948367254e-01
2.142609835551228248e-01
2.124039271652229666e-01
2.091564247438130464e-01
2.055156987136996516e-01
2.022952589014941627e-01
2.005441612814375107e-01
2.007782480038532991e-01
2.024725446101200144e-01
2.047856854122079018e-01
2.070013165927584997e-01
2.086623447601788639e-01
2.095344785864403370e-01
2.095580316438605539e-01
2.088226140662720609e-01
2.075257595463324001e-01
2.059310958465684072e-01
2.043601335843374667e-01
2.031795813001732176e-01
2.027026454963960778e-01
2.030202281904812112e-01
2.039517691461151250e-01
2.051624823762045746e-01
2.063134082330626839e-01
2.071502708712919527e-01
2.075298631137541261e-01
2.074185516604893087e-01
2.068789586855548090e-01
2.060511643916509150e-01
2.051339536514969752e-01
2.043586024844514237e-01
2.039303422839849611e-01
2.039536715276102918e-01
2.043835447344238276e-01
2.050513957774966478e-01
2.057454775766185684e-01
2.062771817392091700e-01
2.065280143969367710e-01
2.064611103196222208e-01
2.061181522877785222e-01
2.056063021550228465e-01
2.050728482594958435e-01
2.046732591695130388e-01
2.045219426717984068e-01
2.046470520102002255e-01
2.049843791302468909e-01
2.054079796413833814e-01
2.057806414243581461e-01
2.059971969998040664e-01
