5.000000000000000278e-02
6.000000000000000472e-02
6.902483357791772134e-02
7.617745322055137491e-02
8.206248710804885105e-02
8.704102583504015611e-02
9.133275314063252215e-02
9.508091473987839715e-02
9.838517950643725640e-02
1.013185012495153581e-01
1.039364234998724629e-01
1.062825725297732449e-01
1.083920767659613954e-01
1.102937978711501232e-01
1.120118457525578204e-01
1.135666405133274603e-01
1.149756772125400950e-01
1.162540902741871218e-01
1.174150794630430539e-01
1.184702376995313833e-01
1.194298074751785760e-01
1.203028843061780540e-01
1.210975803339684187e-01
1.218211575506066152e-01
1.224801375676281279e-01
1.230803930268260793e-01
1.236272244638055989e-01
1.241254255226148517e-01
1.245793387398424490e-01
1.249929036164722784e-01
1.253696983427148859e-01
1.257129762253888505e-01
1.260256976976530663e-01
1.263105585720323554e-01
1.265700151026761533e-01
1.268063063251693989e-01
1.270214740106082596e-01
1.272173805917550526e-01
1.273957252710741783e-01
1.275580585713325943e-01
1.277057954933052408e-01
1.278402274139264494e-01
1.279625329116703680e-01
1.280737876184278590e-01
1.281749731399044467e-01
1.282669852070658922e-01
1.283506411081946907e-01
1.284266865098034616e-01
1.284958016051356844e-01
1.285586067971687119e-01
1.286156678728844760e-01
1.186156678759200667e-01
1.103918573164323208e-01
1.036534933759881011e-01
1.007373158723632867e-01
1.034371829129257236e-01
1.069791174105031162e-01
1.109991226412254950e-01
1.140533691530451893e-01
1.166502859541603820e-01
1.194345110084064771e-01
1.209379835467404019e-01
1.214343626938106380e-01
1.212617410358435566e-01
1.204150827891285885e-01
1.187127958240522946e-01
1.165651634342205339e-01
1.150967267929421528e-01
1.141458385964134042e-01
1.132228860534983533e-01
1.118906182747306521e-01
1.100001865434798026e-01
1.083266454140345419e-01
1.075774285145149195e-01
1.077891794779995138e-01
1.088399090661377605e-01
1.103883836810472668e-01
1.116389382542589265e-01
1.121023586334533167e-01
1.117897741306081577e-01
1.108043492471506297e-01
1.095325543674708496e-01
1.086791138263686063e-01
1.085962754094261656e-01
1.092427538968372830e-01
1.102871532628072054e-01
1.111249463414177019e-01
1.113419157635275464e-01
1.109078891327868188e-01
1.100617212296935848e-01
1.093079122511439877e-01
1.090724906301048930e-01
1.094305893170706978e-01
1.101451296319771456e-01
1.107606304481759535e-01
1.109197712954211323e-01
1.105764204285845098e-01
1.099638576950253688e-01
1.094868093536740528e-01
1.094318328536434681e-01
1.097959460910042651e-01
9.979594609576823705e-02
1.062038660038693849e-01
1.103713010792589516e-01
1.129625939277824204e-01
1.146241178975329067e-01
1.156638941664130948e-01
1.162301836597995908e-01
1.164100515697829297e-01
1.162604446465398261e-01
1.158180649724969147e-01
1.151047485239232310e-01
1.141284209525717380e-01
1.128739445144854997e-01
1.112876312522373540e-01
1.092789957594277328e-01
1.068044725673099604e-01
1.039866769155815551e-01
1.011662677434782831e-01
1.004317901605865926e-01
1.024043804755720155e-01
1.045680552701352545e-01
1.062108205726441795e-01
1.072285391725641135e-01
1.076207626793078270e-01
1.074249503878675210e-01
1.067009398367744499e-01
1.055298070406783251e-01
1.040248785283695576e-01
1.024095807430103477e-01
1.013411019073568453e-01
1.017468244405947408e-01
1.030291908522931038e-01
1.042621711160173770e-01
1.050871656129650084e-01
1.054208654265971212e-01
1.052715053100067993e-01
1.046934511175095783e-01
1.037896061850313301e-01
1.027640170775332984e-01
1.020358386991607608e-01
1.021004320010365368e-01
1.028298794891079615e-01
1.036657302524099517e-01
1.042503061154801264e-01
1.044561936541354985e-01
1.042757020325159462e-01
1.037755092632786091e-01
1.031052621315745182e-01
1.025338822586746856e-01
1.023889842707390724e-01
1.123889842595530292e-01
1.068840946671024139e-01
9.920843295314325794e-02
1.040064583656857417e-01
1.075217720748187361e-01
1.098846279983609897e-01
1.113734469649423908e-01
1.122180281520996359e-01
1.125675935331483801e-01
1.125081902613823265e-01
1.120832810084072262e-01
1.113049064438537128e-01
1.101590722195187194e-01
1.086181723909871583e-01
1.066692894460279512e-01
1.043343258071544322e-01
1.017339980433920460e-01
9.994384994877392181e-02
1.011087637791749372e-01
1.031588239907367949e-01
1.048111737212611555e-01
1.058385103209061734e-01
1.062602724359657941e-01
1.061255117141038790e-01
1.054835419527816037e-01
1.043880686424404070e-01
1.029395255236049828e-01
1.014695906987523322e-01
1.008748574055243347e-01
1.016768574321878088e-01
1.029576260108589353e-01
1.039657656531960128e-01
1.044698004332021840e-01
1.044479459536830634e-01
1.039466596252242303e-01
1.030711406369227284e-01
1.020675287080464733e-01
1.014503704818994628e-01
1.016934867871997078e-01
1.024991721616387436e-01
1.032706140683558871e-01
1.036894359133327254e-01
1.036738437474814811e-01
1.032636726934565014e-01
1.026029613488940867e-01
1.019863173725938099e-01
1.018070739402756053e-01
1.021744802803542795e-01
1.027555246215713647e-01
1.031890571290098452e-01
1.131890571122468880e-01
1.072569199709426518e-01
9.939434809210906385e-02
1.043449109520472595e-01
1.082026017753478231e-01
1.109659117217753760e-01
1.129151167616687657e-01
1.142723671705316579e-01
1.151658497129952191e-01
1.156702937752282917e-01
1.158363775113969568e-01
1.157020256227416916e-01
1.152968649965190884e-01
1.146432794767007490e-01
1.137550492744284353e-01
1.126322849584031616e-01
1.112549496159860180e-01
1.095835948729260018e-01
1.075829370603326729e-01
1.052622491774264230e-01
1.027363283098134267e-01
1.007466223690114127e-01
1.012048912605051643e-01
1.030980796988206077e-01
1.049263215040665553e-01
1.062326032575951762e-01
1.069647240542815070e-01
1.071514529378495700e-01
1.068359694974456708e-01
1.060659754519290843e-01
1.049039410659997063e-01
1.034750827522029626e-01
1.021294856194943923e-01
1.016273434359543648e-01
1.023373061385859928e-01
1.035392486419338953e-01
1.045653299893615357e-01
1.051628239261418601e-01
1.052832735516337909e-01
1.049540867739921918e-01
1.042505226834108956e-01
1.033273682413731742e-01
1.025013745391113035e-01
1.022336434692718982e-01
1.026804735055665552e-01
1.034520508130192529e-01
1.041139969800705112e-01
1.044512360832822451e-01
1.044104643602295074e-01
1.040322680595884564e-01
1.140322680572661562e-01
1.203969823119387106e-01
1.247839644850262525e-01
1.279860489674684854e-01
1.303362645177905121e-01
1.320142132924405909e-01
1.331508842365897449e-01
1.338479493646479168e-01
1.341816218069160904e-01
1.342056605341244713e-01
1.339561955631010937e-01
1.334559665447251631e-01
1.327185520317843703e-01
1.317534108667309800e-01
1.305703257240262982e-01
1.291830394815887961e-01
1.276104016071053504e-01
1.258727185067115839e-01
1.239817362148810248e-01
1.219264605705489835e-01
1.196781462763746584e-01
1.172291923470520220e-01
1.146224039586008214e-01
1.119807473026587369e-01
1.095877030315865475e-01
1.079802967369954680e-01
1.077224819319451410e-01
1.087755820498494397e-01
1.105462036757638156e-01
1.124512584302654467e-01
1.141299476143526753e-01
1.154171994902546822e-01
1.162568617969526041e-01
1.166459986730056658e-01
1.166071142476472478e-01
1.161768321438881035e-01
1.154038482042483160e-01
1.143542462890147493e-01
1.131222163691938121e-01
1.118467259563864918e-01
1.107250323824198468e-01
1.099917161727607950e-01
1.098246166455495582e-01
1.102289319385332811e-01
1.110283484362896561e-01
1.119737387030870085e-01
1.128501230864416421e-01
1.135180164366795391e-01
1.139067700665814115e-01
1.139960497516607635e-01
1.039960497714678689e-01
9.401687917886877854e-02
1.003032043632204745e-01
1.058412003086812575e-01
1.104265921279239948e-01
1.142894610659633686e-01
1.176253674826316237e-01
1.205520976563237562e-01
1.231624736675699383e-01
1.255305371941943249e-01
1.277020568183010463e-01
1.296998501542675764e-01
1.315356534979840730e-01
1.332185667465033696e-01
1.347581234566374020e-01
1.361638929497745176e-01
1.374440810934421942e-01
1.386048727986703977e-01
1.396509255463098120e-01
1.405863771679424779e-01
1.414158502259771077e-01
1.421449529074712836e-01
1.427803353073085202e-01
1.433294087470057265e-01
1.437999559926187443e-01
1.441996990039368653e-01
1.445360366217215697e-01
1.448158047387932967e-01
1.450452109879640517e-01
1.452298060612032260e-01
1.453744662490259465e-01
1.454834339732100634e-01
1.455603612588090012e-01
1.456084072602628066e-01
1.456302486318098166e-01
1.456281095474157017e-01
1.456038689802662545e-01
1.455590486803673700e-01
1.454949015419685632e-01
1.454123794480206566e-01
1.453122439239369346e-01
1.451950259643272068e-01
1.450611137233572545e-01
1.449107181375800801e-01
1.447439446384835016e-01
1.445608299246437245e-01
1.443613548898782240e-01
1.441454886696424964e-01
1.439132547710278431e-01
1.436647151840249326e-01
1.536647151761011687e-01
1.631660732821815230e-01
1.728675585687575178e-01
1.825089837693627814e-01
1.917689166095550568e-01
2.002743047632423168e-01
2.077383195183581943e-01
2.140674188683296675e-01
2.193002369664400764e-01
2.233311148197305862e-01
2.260601906385493465e-01
2.275641720998337336e-01
2.280004384356412173e-01
2.275094208842974863e-01
2.261970012084790205e-01
2.241621379484085852e-01
2.215341148453051634e-01
2.184930938409340162e-01
2.152349372535566907e-01
2.119091369674453162e-01
2.085978409554338220e-01
2.053500343981473908e-01
2.022268207944787899e-01
1.993237802543263992e-01
1.967639270873713098e-01
1.946674818348340108e-01
1.931214136113599544e-01
1.921694078891371948e-01
1.918153233674019520e-01
1.920282248236938882e-01
1.927474200033764684e-01
1.938889279658857212e-01
1.953517124753839096e-01
1.970220912134263980e-01
1.987792165187488025e-01
2.005063639241758122e-01
2.021034896226749644e-01
2.034959943695836548e-01
2.046360190063323536e-01
2.054988623591542385e-01
2.060771276054088885e-01
2.063759492944319540e-01
2.064092155369352255e-01
2.061976600357168510e-01
2.057675864631420271e-01
2.051503909308661222e-01
2.043826535200746475e-01
2.035061955902278952e-01
2.025684026033869878e-01
2.016210093941355197e-01
1.916210099810247702e-01
1.966633899838202693e-01
2.021977696377269818e-01
2.045581803654147046e-01
2.037572884065075307e-01
2.011324264613072454e-01
1.979414501868589360e-01
1.955799039455911048e-01
1.950727178274430929e-01
1.962578588028776050e-01
1.983608939998153520e-01
2.004608669034116941e-01
2.017875797872791255e-01
2.019955410724473821e-01
2.011672712760517456e-01
1.996686510975831941e-01
1.980421930975755085e-01
1.968942907601564929e-01
1.966387492836816353e-01
1.972829197864050532e-01
1.984847607823761462e-01
1.997368637043616391e-01
2.005753103461616893e-01
2.007429443592341212e-01
2.002454173729318054e-01
1.993094657748031573e-01
1.983057502083173385e-01
1.976311119799077920e-01
1.975374992531160334e-01
1.980144309310680750e-01
1.988141313572336366e-01
1.995816575137234206e-01
2.000120586314614590e-01
1.999650022305935748e-01
1.994984236198486527e-01
1.988314683089563994e-01
1.982576562933611730e-01
1.980209284007038162e-01
1.982015438127496532e-01
1.986820677984972860e-01
1.992214489711155168e-01
1.995739328102697219e-01
1.996003635400964704e-01
1.993168018073192271e-01
1.988745777372734336e-01
1.984886902123626784e-01
1.983380107167506679e-01
1.984771783022245273e-01
1.988134893956272631e-01
1.991662453842949765e-01
2.091662453566349444e-01
2.096584191836640687e-01
2.064527965511070429e-01
2.020424150568859434e-01
1.991836661611952053e-01
1.997626000085846454e-01
2.022384146555929463e-01
2.048926593877114510e-01
2.064898683528869350e-01
2.066626747674666642e-01
2.056037019033315483e-01
2.037740271358481070e-01
2.018769831733070175e-01
2.007783072715491335e-01
2.009539180303527572e-01
2.021432005364550422e-01
2.036719475947922076e-01
2.048572148512672886e-01
2.052930385851800821e-01
2.049124569144124830e-01
2.039159253004720340e-01
2.027097636806318715e-01
2.018173992488437596e-01
2.016417746037457992e-01
2.022052826715735607e-01
2.031636557796177300e-01
2.040408741263162740e-01
2.044722948363971449e-01
2.043252596974456381e-01
2.037056582426527152e-01
2.029051438936377294e-01
2.023024943874268400e-01
2.021844686241588973e-01
2.025719323266411409e-01
2.032223192986623017e-01
2.037914446113813227e-01
2.040191129722551122e-01
2.038307033095343723e-01
2.033440250970028340e-01
2.028172271835701479e-01
2.025247936883446676e-01
2.026057034431401338e-01
2.029849158827570499e-01
2.034296638940861213e-01
2.037017069127317614e-01
2.036757584888360118e-01
2.033898650003051201e-01
2.030146623529719141e-01
2.027652136166515351e-01
2.027716522535943089e-01
2.127716520957013135e-01
2.102616838014750023e-01
2.056600255641972408e-01
2.021037852350111852e-01
2.024632638489284042e-01
2.049637965516042104e-01
2.076382109337605586e-01
2.092682984632871224e-01
2.094191916749884863e-01
2.083014178465555644e-01
2.064616124672636055e-01
2.046058357188942356e-01
2.035497664569224652e-01
2.037632288906893185e-01
2.049579437723582365e-01
2.064547498722491825e-01
2.076183775817491695e-01
2.080674810941446073e-01
2.077241582883742332e-01
2.067779537521198530e-01
2.056044134572914128e-01
2.046809176632304883e-01
2.044119243247420614e-01
2.048711771172754825e-01
2.057682479172832646e-01
2.066626546616779359e-01
2.071892625278969613e-01
2.071799418682737093e-01
2.066812605858879548e-01
2.059260175903501744e-01
2.052489068563692343e-01
2.049596433943135232e-01
2.051712358475392406e-01
2.057335609353656558e-01
2.063456433534504308e-01
2.067252216216910465e-01
2.067273952399251435e-01
2.063812921507371390e-01
2.058671850294178651e-01
2.054400217908172177e-01
2.053090871752295543e-01
2.055195308763739237e-01
2.059308867746216798e-01
2.063149307478366890e-01
2.064836762292683037e-01
2.063726491568560473e-01
2.060611965518726885e-01
2.057203898634303030e-01
2.055342965460159876e-01
2.055929894312984452e-01
1.955929895034348720e-01
2.006370846033724842e-01
2.057598388808660472e-01
2.080449616028738902e-01
2.077322803028352760e-01
2.056596335126831543e-01
2.026699399139090252e-01
1.998776700755479363e-01
1.986400398310067816e-01
1.993128952068412563e-01
2.012009743620669366e-01
2.033374565579574855e-01
2.048906522527764451e-01
2.054510699408667596e-01
2.049987536001172950e-01
2.037624788416175503e-01
2.021550122675566663e-01
2.007525347255655346e-01
2.001150945676727078e-01
2.004468230806186191e-01
2.015008624064416054e-01
2.027738627481953937e-01
2.037610907718161168e-01
2.041501671716952071e-01
2.038720132304162880e-01
2.030727338215790601e-01
2.020615675471440775e-01
2.012396916219300336e-01
2.009433129832045861e-01
2.012608977169929036e-01
2.019976052641089259e-01
2.027981826507858631e-01
2.033310191675520573e-01
2.034133500475477918e-01
2.030520383913864690e-01
2.024204874560276424e-01
2.017979230931327694e-01
2.014611548692122889e-01
2.015442245097285590e-01
2.019737770224957762e-01
2.025172966072732172e-01
2.029182299230234410e-01
2.030137562510261895e-01
2.027867094841487861e-01
2.023621659123295002e-01
2.019519289934366135e-01
2.017524750429091074e-01
2.018478005402041531e-01
2.021648300710667256e-01
2.025243713124469103e-01
1.925243713365290266e-01
1.895072263441491822e-01
1.922256916620915523e-01
1.961757408825519355e-01
1.991984216639899885e-01
2.000320713760785907e-01
1.988858187261171306e-01
1.966274234935087850e-01
1.942226366648218405e-01
1.925795916759396875e-01
1.922593828046569309e-01
1.931858738347616011e-01
1.948385622846887932e-01
1.965703508053416315e-01
1.977804483673963054e-01
1.980970904719616121e-01
1.975108632062849978e-01
1.963152542749937446e-01
1.949652498857515626e-01
1.939366882848633233e-01
1.935711829467433309e-01
1.939412766973547253e-01
1.948436161232321162e-01
1.959112195817441227e-01
1.967505926891744417e-01
1.970772419024839073e-01
1.968150828767618876e-01
1.961110409652035980e-01
1.952592327309937148e-01
1.945884825274357688e-01
1.943416016025664717e-01
1.945800355605596110e-01
1.951696983654097606e-01
1.958513447508440086e-01
1.963493369552352930e-01
1.964797015224655219e-01
1.962196532758113676e-01
1.957063701352563523e-01
1.951705075692572178e-01
1.948366679034823357e-01
1.948299441779566543e-01
1.951265045733960035e-01
1.955738578360414204e-01
1.959663225563897937e-01
1.961355104906590541e-01
1.960254547219353882e-01
1.957088594463676501e-01
1.953443297427706893e-01
1.951023138304047999e-01
1.950839467244895598e-01
2.050839466784153686e-01
2.034122353382190329e-01
1.989826329656533277e-01
1.954821893469005645e-01
1.951802056508197269e-01
1.971577159432916504e-01
1.999179645014825812e-01
2.019376706614414985e-01
2.023219541810615807e-01
2.012204276903788447e-01
1.993165414512847455e-01
1.975258470409120004e-01
1.966728936530964256e-01
1.970222491490538630e-01
1.982669111383974503e-01
1.997817986173275051e-01
2.008718666674438602e-01
2.010957071950239539e-01
2.004522196946109669e-01
1.992971332103686266e-01
1.981778302867947816e-01
1.976024368528583597e-01
1.977842822262112776e-01
1.985713833160570319e-01
1.995535797464640104e-01
2.002585059652591537e-01
2.003795625868308450e-01
1.999105441894809265e-01
1.991206322844709664e-01
1.984134364951632146e-01
1.981301562880044276e-01
1.983759098906783813e-01
1.989850523330712051e-01
1.996214637341365006e-01
1.999593323853646465e-01
1.998491339103132813e-01
1.993848926216973128e-01
1.988376343143154756e-01
1.985036312573941752e-01
1.985461837001967766e-01
1.989106283829484012e-01
1.993700913226368332e-01
1.996640076659151053e-01
1.996430357643927955e-01
1.993445957399942181e-01
1.989599468269998284e-01
1.987174961950429752e-01
1.987486407797324772e-01
1.990122648128865857e-01
1.993315008601704297e-01
2.093315007790604310e-01
2.046888480317289594e-01
1.983965645466604644e-01
1.961722110856947976e-01
1.980009644343631858e-01
2.013437364495310467e-01
2.041429231016779755e-01
2.051187038320110012e-01
2.043146589466837970e-01
2.023270964549797601e-01
2.000264841522689518e-01
1.984828326242730756e-01
1.983550165705685597e-01
1.994851681323484838e-01
2.012196145104006850e-01
2.027506465780002098e-01
2.034694755814235312e-01
2.031996372210984336e-01
2.021430590218791790e-01
2.007652960713169621e-01
1.996692877485606310e-01
1.993280870047032804e-01
1.998266407134773326e-01
2.008591763016835119e-01
2.019174255114483396e-01
2.025355414007163068e-01
2.024944062691750868e-01
2.018694199375219711e-01
2.009692567828267606e-01
2.002218754975862713e-01
1.999710091299431169e-01
2.002985384043229899e-01
2.009939705381694752e-01
2.016898308621706826e-01
2.020545198498814310e-01
2.019446088085231905e-01
2.014520953845454487e-01
2.008428173180829557e-01
2.004311212140265086e-01
2.004162053773292373e-01
2.007738693849033251e-01
2.012835348403219926e-01
2.016656544361845882e-01
2.017309367632548200e-01
2.014718813116104235e-01
2.010511420249087855e-01
2.007088380840630626e-01
2.006305268999022118e-01
2.008385016201681417e-01
2.011879474004049650e-01
2.111879473174792521e-01
2.146812462663671150e-01
2.127243577979828493e-01
2.090084388891293166e-01
2.052338421581414440e-01
2.028041779458590876e-01
2.028009809884503134e-01
2.045848059671699359e-01
2.070233402162781622e-01
2.092353268425379553e-01
2.106645585795906550e-01
2.110384559622386635e-01
2.103963212523227988e-01
2.090269698794864350e-01
2.073266532041414256e-01
2.057377454309276543e-01
2.047205467054726558e-01
2.045872880762793777e-01
2.052952053547993927e-01
2.065026291663396019e-01
2.077837716815291169e-01
2.087795174237796203e-01
2.092596596761094330e-01
2.091490405922068752e-01
2.085271180490874121e-01
2.075928686164706105e-01
2.066167054153988381e-01
2.058874894378654452e-01
2.056275072511505597e-01
2.058904827112470193e-01
2.065385360446534702e-01
2.073204135235036938e-01
2.079803670299827656e-01
2.083334077541802443e-01
2.083030212136148251e-01
2.079291658282973743e-01
2.073484682292908166e-01
2.067555106642564589e-01
2.063471974975886469e-01
2.062544265672335564e-01
2.064856269931722166e-01
2.069287223434427003e-01
2.074073396941466252e-01
2.077542130974958101e-01
2.078643083776857969e-01
2.077212321523522198e-01
2.073933968907283876e-01
2.070084197392648429e-01
2.067092385421645528e-01
2.066019116783888998e-01
1.966019121767314803e-01
1.926165818600462376e-01
1.949222140710043794e-01
1.989624435094513588e-01
2.021119992560460876e-01
2.030388179287589689e-01
2.019872081242660988e-01
1.997300278343846769e-01
1.972226626767546731e-01
1.955644025374306261e-01
1.954049169299505173e-01
1.965597495097660963e-01
1.983790714734189609e-01
2.000706608252239560e-01
2.010047688190088888e-01
2.009444516653122736e-01
2.000238713353059694e-01
1.986325058639960561e-01
1.973169918752094854e-01
1.966036934020433669e-01
1.967366002291729143e-01
1.975770731828140891e-01
1.987147977801371757e-01
1.996649191705064941e-01
2.000731325514466807e-01
1.998339226719088868e-01
1.990932232544154468e-01
1.981770923788775118e-01
1.974796554567853912e-01
1.972885103075604218e-01
1.976479859953559348e-01
1.983503412244189412e-01
1.990561534632164509e-01
1.994568834418000147e-01
1.994075644491589139e-01
1.989654957991787987e-01
1.983551822460701275e-01
1.978666361010410768e-01
1.977215018941790858e-01
1.979626009426212752e-01
1.984408629467775131e-01
1.989050167225956678e-01
1.991329335740147088e-01
1.990361093585199248e-01
1.986875491653078973e-01
1.982782876384249493e-01
1.980184004628909589e-01
1.980307793576796260e-01
1.982857901947588652e-01
1.986295694909814558e-01
2.086295677590008779e-01
2.021268853086039541e-01
1.951210511124095714e-01
1.936995431453617522e-01
1.960094077556016612e-01
1.996519765336260133e-01
2.027267871843266289e-01
2.040613488797177744e-01
2.036025840922124075e-01
2.018280834984277627e-01
1.994158624131492363e-01
1.972513190101005953e-01
1.962053145587308034e-01
1.965614720839401475e-01
1.979759976059397852e-01
1.997952690275239529e-01
2.013120192756184534e-01
2.020372730142284412e-01
2.018302284119002088e-01
2.008505219257042118e-01
1.994707368364566080e-01
1.981984315322928847e-01
1.975165394407460695e-01
1.976468234710845040e-01
1.984596293335393613e-01
1.995729396337225237e-01
2.005315283100377599e-01
2.009926015626188889e-01
2.008370385107240974e-01
2.001720937276398882e-01
1.992790455875429190e-01
1.985244737538598980e-01
1.982118445974209164e-01
1.984403223153793638e-01
1.990647804964970624e-01
1.997850908523186586e-01
2.002913290534817092e-01
2.003948310025065183e-01
2.000856148296422388e-01
1.995248942680844240e-01
1.989714137663126103e-01
1.986722076770909284e-01
1.987441926139034698e-01
1.991231990019720899e-01
1.996075740581744751e-01
1.999643883829521906e-01
2.000425193090652198e-01
1.998291508618551260e-01
1.994456008679709735e-01
1.990876655443884757e-01
2.090876655076041590e-01
2.157560757128395290e-01
2.174942385876890427e-01
2.155285395930576220e-01
2.121270930483694916e-01
2.085610683374173047e-01
2.055345588516951649e-01
2.036613222815162605e-01
2.033436385166607629e-01
2.044021714034378878e-01
2.063045266525725396e-01
2.085020563874923072e-01
2.105669526074991915e-01
2.121715448607252585e-01
2.130595606650407536e-01
2.131123307108619414e-01
2.124073974716141899e-01
2.111731663276652515e-01
2.096904418845671747e-01
2.082290021327970753e-01
2.070333386413521770e-01
2.063071175469816110e-01
2.061643211379262097e-01
2.065864559489889452e-01
2.074305799811303752e-01
2.084891589124883982e-01
2.095467571947338681e-01
2.104140913875683361e-01
2.109477725785199320e-01
2.110725184074594418e-01
2.107970469607102215e-01
2.102082911319041181e-01
2.094453879498388293e-01
2.086672011662195902e-01
2.080254160730058421e-01
2.076392658290838744e-01
2.075709071562200914e-01
2.078095644379575613e-01
2.082773213190760586e-01
2.088553245575444084e-01
2.094133082641716492e-01
2.098366574085948344e-01
2.100473709391185995e-01
2.100177045690658217e-01
2.097735838023118693e-01
2.093854230471846878e-01
2.089496677215800235e-01
2.085664843362161625e-01
2.083183076907760278e-01
2.082518182223493663e-01
2.182518173583875565e-01
2.111311295432252155e-01
2.047087849555822847e-01
2.017420979312800899e-01
2.028495900221151671e-01
2.058810073085458880e-01
2.093352273500462546e-01
2.122774696804511363e-01
2.140501290824704528e-01
2.142907978175250527e-01
2.131873946910715634e-01
2.112606139094827251e-01
2.090453158513455034e-01
2.070139195923882403e-01
2.056058496438491479e-01
2.051444737506914751e-01
2.056609143915703319e-01
2.068955482604170337e-01
2.084595820444269665e-01
2.099745657836905866e-01
2.111299241455258935e-01
2.117099501072358947e-01
2.116336491112607854e-01
2.109784334085434698e-01
2.099408102407842036e-01
2.087734037016422128e-01
2.077377835216975277e-01
2.070651584250903787e-01
2.068977184898127264e-01
2.072380528722643500e-01
2.079528992604966486e-01
2.088296839683390083e-01
2.096449153705955970e-01
2.102128183286250951e-01
2.104200987743260476e-01
2.102455808516171254e-01
2.097629442649755205e-01
2.091132148176504946e-01
2.084689542176396126e-01
2.079932235940853136e-01
2.077991019034827747e-01
2.079173584052938784e-01
2.082894417353179650e-01
2.087919431926109626e-01
2.092782238814095142e-01
2.096197854908094238e-01
2.097375084741422979e-01
2.096177623550286306e-01
2.093128619847417216e-01
2.089219174620646768e-01
1.989219175355339264e-01
1.903067207164430563e-01
1.864631489104816020e-01
1.874414028256600473e-01
1.906688492513372024e-01
1.945930179603821697e-01
1.981882252325667670e-01
2.005720307210611952e-01
2.013034819698654165e-01
2.005176252510223189e-01
1.986497737826995180e-01
1.962435805685408263e-01
1.938658644979119328e-01
1.920157891437705711e-01
1.910385890753584226e-01
1.910553560074677026e-01
1.919473493574848644e-01
1.934327691853502673e-01
1.951562048715848319e-01
1.967467739682148553e-01
1.978687773388913829e-01
1.983065764675748799e-01
1.980228377788863792e-01
1.971502342096257132e-01
1.959366870035632868e-01
1.946814063279504459e-01
1.936678273346773560e-01
1.931025293054994540e-01
1.930748716823833533e-01
1.935451313568617437e-01
1.943658463113680235e-01
1.953224880314743395e-01
1.961801398067746227e-01
1.967375418868470560e-01
1.968794295090118551e-01
1.966046632690676699e-01
1.960171184723598359e-01
1.952918716998330584e-01
1.946246217147564184e-01
1.941807706149765167e-01
1.940551712356444747e-01
1.942538375482838198e-01
1.946982117736919815e-01
1.952524445576152290e-01
1.957599760369112540e-01
1.960855820356741941e-01
1.961537131223293484e-01
1.959658574830235589e-01
1.955959881159869962e-01
1.951664134662827732e-01
2.051664134358364144e-01
2.123515976383633652e-01
2.164097932739861563e-01
2.169811831163982185e-01
2.151283192102745878e-01
2.120855851280635529e-01
2.086624218453629054e-01
2.053516766546989447e-01
2.026289708728447325e-01
2.010747681183515656e-01
2.009997947324206335e-01
2.021818210913749747e-01
2.041138455888275860e-01
2.062750108984316433e-01
2.082754327868878153e-01
2.098673035181958801e-01
2.108987929934580396e-01
2.112941545675865174e-01
2.110615149020076964e-01
2.102902850147611302e-01
2.091241841587178352e-01
2.077354952873901039e-01
2.063120160023511895e-01
2.050572859219673139e-01
2.041764934682387678e-01
2.038228956290272509e-01
2.040330447110098866e-01
2.047096374677436770e-01
2.056659023902965289e-01
2.066933979995932702e-01
2.076119050976625580e-01
2.082905225693990059e-01
2.086523345525349848e-01
2.086725429109937413e-01
2.083756890786392924e-01
2.078292129499914598e-01
2.071323278470216522e-01
2.064054291450772016e-01
2.057754824024213003e-01
2.053552071964331871e-01
2.052157607277797779e-01
2.053650442752588123e-01
2.057462419527965602e-01
2.062586154047893749e-01
2.067868551771736840e-01
2.072293331585967624e-01
2.075125907875918774e-01
2.076001629591660014e-01
2.074932646811287751e-01
2.072265244588312183e-01
1.972265247243407960e-01
1.933548406499620287e-01
1.954854790826845157e-01
1.994300578720745731e-01
2.027484913204630479e-01
2.039683365784828728e-01
2.031476573512407957e-01
2.010271297465897333e-01
1.985190630927831656e-01
1.966495166885941226e-01
1.961435487577572467e-01
1.969898059432964588e-01
1.986670041647309870e-01
2.004561912215011288e-01
2.016858541165378882e-01
2.019848926103906539e-01
2.013621141748059562e-01
2.001155218284022819e-01
1.987229881297552514e-01
1.977142577631618436e-01
1.974543784939003510e-01
1.979739018877771928e-01
1.989965237022299771e-01
2.000823187261316083e-01
2.008107779138802729e-01
2.009411109137436702e-01
2.004778762417341043e-01
1.996424669017115572e-01
1.987851872648817575e-01
1.982568806397873584e-01
1.982536069040350124e-01
1.987322863381028315e-01
1.994487651139597584e-01
2.000802587153918954e-01
2.003704355003774751e-01
2.002264906820608592e-01
1.997436197603104646e-01
1.991544311535345946e-01
1.987268602667492112e-01
1.986436595248824433e-01
1.989149420741832264e-01
1.993843658586552103e-01
1.998181976757291700e-01
2.000194617085047644e-01
1.999144212959832467e-01
1.995777208236029499e-01
1.991869576579821388e-01
1.989355550457038435e-01
1.989358309334429420e-01
1.991672463333982734e-01
2.091672463030144757e-01
2.137743850884060437e-01
2.135284275478778193e-01
2.107679413715259353e-01
2.070775477658557406e-01
2.034852298977068985e-01
2.013128844758373392e-01
2.014508421536510829e-01
2.032570883613846746e-01
2.056811465744964040e-01
2.078737897674074742e-01
2.093370615883150265e-01
2.098641864859759620e-01
2.094695683246313722e-01
2.083332575106818796e-01
2.067389525807715733e-01
2.050523479014894346e-01
2.037203200934675495e-01
2.031593227205054086e-01
2.035078607430012843e-01
2.045396802382769552e-01
2.058367917714188089e-01
2.069961626753219208e-01
2.077395216091101893e-01
2.079345412759244505e-01
2.075879540077906482e-01
2.068189886309019232e-01
2.058391399947849532e-01
2.049227018390632205e-01
2.043477870340754399e-01
2.042888562686949738e-01
2.047240380444537156e-01
2.054556802320399167e-01
2.062145402383077364e-01
2.067693102562683516e-01
2.069815872056067485e-01
2.068226039585389919e-01
2.063658290633605119e-01
2.057638409378412248e-01
2.052143741001438149e-01
2.049006277279578903e-01
2.049175127073644687e-01
2.052320337944227024e-01
2.057022400006805196e-01
2.061478997605733221e-01
2.064227315474238822e-01
2.064524133265222827e-01
2.062471949778311997e-01
2.058928026047095461e-01
2.055231694351034033e-01
1.955231694933625974e-01
1.962614105458037050e-01
2.000316391839217223e-01
2.030637193209078317e-01
2.035668082334562423e-01
2.020448337238111847e-01
1.996334765484457097e-01
1.976911480606562133e-01
1.972719610853554129e-01
1.983232044154586982e-01
2.000808841371498614e-01
2.016005730707866594e-01
2.021881192175616349e-01
2.017073876921231801e-01
2.004874727287335179e-01
1.991343745142760135e-01
1.983121283973838522e-01
1.983840941713092276e-01
1.992193181087284770e-01
2.003358633864964489e-01
2.011695117796243881e-01
2.013521539717757491e-01
2.008602256308075762e-01
1.999785654272438207e-01
1.991643515233777195e-01
1.988315898101771229e-01
1.991145922605753182e-01
1.998113281850468770e-01
2.005220753542206191e-01
2.008771252657508555e-01
2.007255215446376584e-01
2.001865872868319463e-01
1.995736786938646368e-01
1.992266512319170735e-01
1.993205784143262660e-01
1.997664136332229223e-01
2.002799885725156381e-01
2.005647422395981927e-01
2.004809739759998433e-01
2.001040243983942257e-01
1.996746131294682702e-01
1.994519090897177716e-01
1.995567164820358508e-01
1.998963584315796849e-01
2.002431453126414518e-01
2.003831335268551062e-01
2.002473195471325684e-01
1.999439202921080572e-01
1.996767381804283037e-01
1.996149259387511588e-01
2.096149253433977899e-01
2.038869713579695708e-01
1.971754789953783504e-01
1.961935789441427436e-01
1.989128175686440680e-01
2.023226676864186280e-01
2.045338535819593850e-01
2.049830277796994005e-01
2.039138210800371387e-01
2.018597488469164314e-01
1.995742866961960904e-01
1.980889921075259241e-01
1.981180861929048853e-01
1.994028933791822944e-01
2.011570354379842440e-01
2.025843631426693381e-01
2.032066020167516973e-01
2.029212148932472703e-01
2.019063272950720744e-01
2.005498459445739234e-01
1.994013022916492073e-01
1.989756482623912803e-01
1.994182837248661966e-01
2.004261560859096347e-01
2.014846969297790502e-01
2.021495143920268855e-01
2.022062755982292626e-01
2.016877525561596995e-01
2.008323246031509524e-01
2.000176502928474598e-01
1.996216074862736112e-01
1.998105177991000292e-01
2.004382946001943000e-01
2.011574231816614100e-01
2.016282516181975293e-01
2.016677366957324025e-01
2.012950998501613353e-01
2.007048911821547876e-01
2.001908166307500292e-01
2.000088196955157605e-01
2.002304401480257956e-01
2.007019384218208802e-01
2.011563902985424312e-01
2.013688007460990304e-01
2.012568518956173169e-01
2.009010438153210065e-01
2.004998638097138519e-01
2.002715887732583466e-01
2.003299804454333477e-01
2.006180998968118689e-01
1.906181013090328114e-01
1.927418460258458754e-01
1.971928641053254661e-01
2.006172201178889059e-01
2.006879331975337521e-01
1.985286514268604363e-01
1.957973791332352498e-01
1.939296089766470998e-01
1.936059108676121687e-01
1.946704578972628386e-01
1.965177669650645942e-01
1.983443462224331044e-01
1.993144445885487726e-01
1.990620163348853500e-01
1.978701290243416733e-01
1.963717705160058780e-01
1.952342329903468399e-01
1.948779924817475862e-01
1.953586986468303921e-01
1.964130656924870100e-01
1.975775956311204284e-01
1.983351322449435905e-01
1.983672411101861932e-01
1.977257949597415188e-01
1.967699645049898194e-01
1.959562989965129287e-01
1.956276401230011286e-01
1.958813304810528566e-01
1.965622727721938745e-01
1.973384281317416278e-01
1.978365408819579840e-01
1.978329157255490633e-01
1.973714562588836097e-01
1.967204903471531929e-01
1.962154193801499136e-01
1.960861434843410855e-01
1.963626904041756160e-01
1.968808798729503595e-01
1.973629982941748351e-01
1.975590307464936968e-01
1.973862846160814866e-01
1.969690497936757712e-01
1.965526197106370054e-01
1.963592706263968257e-01
1.964708593292281980e-01
1.968027281339021217e-01
1.971576597346719195e-01
1.973358391633290021e-01
1.972490119273240250e-01
1.969700003817108358e-01
2.069700003222356421e-01
2.126568689484128749e-01
2.137503184181066551e-01
2.118636862823344846e-01
2.085479820155864139e-01
2.048185048805929442e-01
2.017464632163257776e-01
2.004597617761514072e-01
2.011293429951544198e-01
2.030932962340439851e-01
2.055118802501148534e-01
2.076480693960518487e-01
2.090250260500406965e-01
2.094489210769392706e-01
2.089545062813767951e-01
2.077349745191221786e-01
2.060928965387517908e-01
2.044200047043665258e-01
2.031603287298582305e-01
2.026694173622374529e-01
2.030357995204415122e-01
2.040536262688256719e-01
2.053495458721305844e-01
2.065329090454415539e-01
2.073106362174642336e-01
2.075341411632247168e-01
2.072012574492796411e-01
2.064338635730785798e-01
2.054510262709434987e-01
2.045320396022344278e-01
2.039439681813408345e-01
2.038535007776147157e-01
2.042487325944981613e-01
2.049578728495059510e-01
2.057276509401491094e-01
2.063200520199154897e-01
2.065808076052085274e-01
2.064643782202113809e-01
2.060328727343130328e-01
2.054356483456110383e-01
2.048695323667064638e-01
2.045187227630729798e-01
2.044879522336457423e-01
2.047593466196911682e-01
2.052114365478625302e-01
2.056741454855598450e-01
2.059906988284776752e-01
2.060699818248419579e-01
2.059060743504903812e-01
2.055733861161390119e-01
1.955733863306343967e-01
1.912757161406971884e-01
1.922269708440738079e-01
1.955513986697570983e-01
1.994251299782689446e-01
2.019646629129120685e-01
2.022179645732495312e-01
2.006635478524269600e-01
1.982204219695248015e-01
1.959070848973753221e-01
1.945646608935720778e-01
1.945008832860609660e-01
1.955452036125063242e-01
1.972577755334099792e-01
1.990233283284713606e-01
2.002020100496827992e-01
2.004145341782467837e-01
1.996935194671989044e-01
1.983905121825503270e-01
1.970210873508002614e-01
1.960782521230511333e-01
1.958485234223532045e-01
1.963402437311470849e-01
1.973264929185866157e-01
1.984237094321452399e-01
1.992157100836400574e-01
1.994238339733628296e-01
1.990183437865755411e-01
1.982069937397809012e-01
1.973374978216817788e-01
1.967535225062988502e-01
1.966541272832051379e-01
1.970370534313486133e-01
1.977168136128573950e-01
1.983984666696479437e-01
1.988000723879582710e-01
1.987763069530364413e-01
1.983707599874671990e-01
1.977898859352340832e-01
1.972972335879809580e-01
1.970958218271835760e-01
1.972470929573036658e-01
1.976567193855649496e-01
1.981266051414085072e-01
1.984393764407628158e-01
1.984638290081636447e-01
1.982114363446602356e-01
1.978262428400756057e-01
1.974981414904987409e-01
1.973781772872078011e-01
2.073781772466111173e-01
2.130583764029602145e-01
2.142513022444223481e-01
2.123889292953818342e-01
2.091399360203435032e-01
2.054992016692807622e-01
2.022833508686239234e-01
2.005428784702496803e-01
2.007899379965871201e-01
2.024922576872567048e-01
2.048073708544975446e-01
2.070198328443889624e-01
2.086749273397442705e-01
2.095387500155294347e-01
2.095533516018159292e-01
2.088099851222125491e-01
2.075079679289164036e-01
2.059113426382736811e-01
2.043418597303398865e-01
2.031674965432146152e-01
2.027015028241223316e-01
2.030306533431548155e-01
2.039701976547060314e-01
2.051838523461752828e-01
2.063330416216034857e-01
2.071632210711823185e-01
2.075333808353740928e-01
2.074117176351100433e-01
2.068634831832815990e-01
2.060298538791464074e-01
2.051119141727553441e-01
2.043410160223824990e-01
2.039225042211933736e-01
2.039577818243377139e-01
2.043968926807885889e-01
2.050702677111525263e-01
2.057633064079190388e-01
2.062899018873585455e-01
2.065326864226629255e-01
2.064570565122224033e-01
2.061073828910406636e-01
2.055917654948109241e-01
2.050589498137405653e-01
2.046638545720038949e-01
2.045195039314748053e-01
2.046517101807731054e-01
2.049947898763005982e-01
2.054211175433169612e-01
2.057913338473698894e-01
2.060018947334261441e-01
