3.000000000000000000e+00
2.990000000000000213e+00
2.979997788524986202e+00
2.969991832701053713e+00
2.959980784575098500e+00
2.949963525107924145e+00
2.939938658873994193e+00
2.929904876479301201e+00
2.919861293637853628e+00
2.909806702527601097e+00
2.899739891032497852e+00
2.889660089745252680e+00
2.879566545722286985e+00
2.869458658022668196e+00
2.859336181372296615e+00
2.849198670170717484e+00
2.839046044421782877e+00
2.828877859815763784e+00
2.818694692319394068e+00
2.808496778998873733e+00
2.798284710500047900e+00
2.788059040565448399e+00
2.777820776198350661e+00
2.767571312706807340e+00
2.757312448727850196e+00
2.747045569244039864e+00
2.736772693159197356e+00
2.726496231035770546e+00
2.716218836310519524e+00
2.705942861630617369e+00
2.695671653537383250e+00
2.685408149530974065e+00
2.675155956833896731e+00
2.664918853504177676e+00
2.654701116131665817e+00
2.644507024499862968e+00
2.634340633498359452e+00
2.624206351701192652e+00
2.614109327189916510e+00
2.604054227162123425e+00
2.594046479297848151e+00
2.584091144629568682e+00
2.574192915018752359e+00
2.564356487260474271e+00
2.554587404670454642e+00
2.544891012975228239e+00
2.535272186338660028e+00
2.525735501449068110e+00
2.516285639378504690e+00
2.506927279109897544e+00
2.497664504919889339e+00
2.487664504919889552e+00
2.477669939023992907e+00
2.467650499628159189e+00
2.457762924006127392e+00
2.447802698333005011e+00
2.438077798093968518e+00
2.428692254334144263e+00
2.419660795420127020e+00
2.410312806858527335e+00
2.400695004824858980e+00
2.391578557441031982e+00
2.382546345904421603e+00
2.373309415940052070e+00
2.364008542092280507e+00
2.354971477686660819e+00
2.346607253652034597e+00
2.337702718685931824e+00
2.328781229335200820e+00
2.319797379923997926e+00
2.310915029110821362e+00
2.302031627318385620e+00
2.293078988618107328e+00
2.284093680824581973e+00
2.275332436540100201e+00
2.266577852316525643e+00
2.258140624854594325e+00
2.249863259921100589e+00
2.241533520690476955e+00
2.233768025320398198e+00
2.226085641976818241e+00
2.218510882579629584e+00
2.210538292910978253e+00
2.202299286865261774e+00
2.193792202141452208e+00
2.185520913492593031e+00
2.177718251007055628e+00
2.169986059618872698e+00
2.162779828775362567e+00
2.155719616960452001e+00
2.148770393642200460e+00
2.141079518655001568e+00
2.133482233716260446e+00
2.126366252470119900e+00
2.119153899311434497e+00
2.112246884535053049e+00
2.105635998733054848e+00
2.099272391441291408e+00
2.092748969208549248e+00
2.085971253968986971e+00
2.079670031404573294e+00
2.069670031404573507e+00
2.060191670116038765e+00
2.052376583596794646e+00
2.044097835908869953e+00
2.035376516112761713e+00
2.026799795155482808e+00
2.017909251353597000e+00
2.011082819640976904e+00
2.004057313732912959e+00
1.996409514036954214e+00
1.988627690316349117e+00
1.982404025168217565e+00
1.975007341872285993e+00
1.967518378472938867e+00
1.959949553004013412e+00
1.952876708315756327e+00
1.946027984710649639e+00
1.939000027099870627e+00
1.931307978267180481e+00
1.923615857868137713e+00
1.915743759692178472e+00
1.907973450010872263e+00
1.899661923483357384e+00
1.891319031818701646e+00
1.882489552274320577e+00
1.873827598890686730e+00
1.865230764819628018e+00
1.856814257302251026e+00
1.848052998969964777e+00
1.839045366143383653e+00
1.830344165274927493e+00
1.821128105001514452e+00
1.811940554039682683e+00
1.802522908773142030e+00
1.792854575945449058e+00
1.783014082254058330e+00
1.772930213213647299e+00
1.762522857256108688e+00
1.752094659742273741e+00
1.741674009891618358e+00
1.731153320375783622e+00
1.720978934698230267e+00
1.710732831146853705e+00
1.700671467123115566e+00
1.690310205072442784e+00
1.679553497785752914e+00
1.669031241955473810e+00
1.658358741563971783e+00
1.647747009111641736e+00
1.637313296412401753e+00
1.627313296412401744e+00
1.617389837125317698e+00
1.609219225265325903e+00
1.601559553545076398e+00
1.593395743478448257e+00
1.584681091244847684e+00
1.575798064051459280e+00
1.567192264217123210e+00
1.558917283358307371e+00
1.550673027263292925e+00
1.542020094136015373e+00
1.533596577632279745e+00
1.524860498425374189e+00
1.515641215938209996e+00
1.507104060715520388e+00
1.498494969776187569e+00
1.490342770145728579e+00
1.481492979321366477e+00
1.472709435230044051e+00
1.463614460020385533e+00
1.454717502480877611e+00
1.446120289109079859e+00
1.437595318601434080e+00
1.429223514369327708e+00
1.420777945017565491e+00
1.412315408052905896e+00
1.404034092138627399e+00
1.395349057282918803e+00
1.386170272543663096e+00
1.377965232834071685e+00
1.369707289353128132e+00
1.361833899870656506e+00
1.354136893817574405e+00
1.346688765647309882e+00
1.339505951227411895e+00
1.333777944128639925e+00
1.328468438269528429e+00
1.324090871869605390e+00
1.320764349693618778e+00
1.318214513540155286e+00
1.315982990768032268e+00
1.315457215559961091e+00
1.315367713222511892e+00
1.317034284547437872e+00
1.319462621950051151e+00
1.323022614142667974e+00
1.325254452793057647e+00
1.327477115195311530e+00
1.328724787226487569e+00
1.329804582395275769e+00
1.319804582395275760e+00
1.311002025466410759e+00
1.301927730184634813e+00
1.293430700463533034e+00
1.287222807585878925e+00
1.282320993072065818e+00
1.277918048821050867e+00
1.276507664646794771e+00
1.276383220233604510e+00
1.277539526421203053e+00
1.279883587924915522e+00
1.281928879395312748e+00
1.283895529892461917e+00
1.286265601728373786e+00
1.288891346850808084e+00
1.290453247161863271e+00
1.291993399799658881e+00
1.293498961891136334e+00
1.294571583562888817e+00
1.294793811638874859e+00
1.294709154332452483e+00
1.294649513575325539e+00
1.294508079682302304e+00
1.293368336356803594e+00
1.292146005620181004e+00
1.290606291983325438e+00
1.289017455434153803e+00
1.287871660642615046e+00
1.285924275173014886e+00
1.284113323537264595e+00
1.284145754398924977e+00
1.284693418262778053e+00
1.285861173079559494e+00
1.285702768759136250e+00
1.285526269444655867e+00
1.285215543825501072e+00
1.285749549744677145e+00
1.286322676937033949e+00
1.288609823529577980e+00
1.290789558820406135e+00
1.292784917358889674e+00
1.294023667287109269e+00
1.294558297225582022e+00
1.294236853252390018e+00
1.293660069501224807e+00
1.292702889674751443e+00
1.291996414137214444e+00
1.290664353341568482e+00
1.288254127175980868e+00
1.285918678422147465e+00
1.275918678422147456e+00
1.266962321929304247e+00
1.258556900901293352e+00
1.250889866659047778e+00
1.245846244661967139e+00
1.241360576158545115e+00
1.237822557576270688e+00
1.236320955963490009e+00
1.233349932969110219e+00
1.230836129190845840e+00
1.228684532416215669e+00
1.229407345881065261e+00
1.232092920079001619e+00
1.233180857271394926e+00
1.232982235853216091e+00
1.233407706930531811e+00
1.235239770507875479e+00
1.238191694619214411e+00
1.242043523763515012e+00
1.246275685665294120e+00
1.250807890174389314e+00
1.254096695810203554e+00
1.255125056794467175e+00
1.256730246424413000e+00
1.258666276973883447e+00
1.262162321315930313e+00
1.262853473162926399e+00
1.260457594138099546e+00
1.258318129874125058e+00
1.256731556673582606e+00
1.254985734430802857e+00
1.254111232055803882e+00
1.253495214294653159e+00
1.253010617302243057e+00
1.252266672347329246e+00
1.250344722534352915e+00
1.247427719135250079e+00
1.242806859738103675e+00
1.238653061388833132e+00
1.235160353579405790e+00
1.232387829964803228e+00
1.230314663169749467e+00
1.230633526805015476e+00
1.231106751877553585e+00
1.232086335427527102e+00
1.232342492482338292e+00
1.233665939333380424e+00
1.235794854402691545e+00
1.238029122653751868e+00
1.242086499167403657e+00
1.232086499167403648e+00
1.222777290825357577e+00
1.214340314841098944e+00
1.206040113732816721e+00
1.197734154610536672e+00
1.189986896456981302e+00
1.182380143057746080e+00
1.175373903946848486e+00
1.167810731632227705e+00
1.159686786582024842e+00
1.151279170074337221e+00
1.142822474511927533e+00
1.133902247715965705e+00
1.124834392460417387e+00
1.115854921356115970e+00
1.107459967226605224e+00
1.098902503458631719e+00
1.091347224505974101e+00
1.084451838221630604e+00
1.078266126710684114e+00
1.071938036521118409e+00
1.065863397274657398e+00
1.060006787959934194e+00
1.053725118060804933e+00
1.047535295175352488e+00
1.041172274219014371e+00
1.034536589075002011e+00
1.027932329671247924e+00
1.021261570058182855e+00
1.014731034743822313e+00
1.008031962986055685e+00
1.001344004836391077e+00
9.942082201465731739e-01
9.871577887619288338e-01
9.798002453015836055e-01
9.724059483204122722e-01
9.653329634284234517e-01
9.582406823157045839e-01
9.514405408759512017e-01
9.444701149734735512e-01
9.379123653203094158e-01
9.313805745888880105e-01
9.247101187073897277e-01
9.177004384499116707e-01
9.105598794238370930e-01
9.034452547147286960e-01
8.961528045671744991e-01
8.886388789840654612e-01
8.808062701883417889e-01
8.729224912298657602e-01
8.629224912298657513e-01
8.529103040107152145e-01
8.429631595922080223e-01
8.330776218662263588e-01
8.236401070654796319e-01
8.145593661190136947e-01
8.061007462977761717e-01
7.989945853589514035e-01
7.926426461827095205e-01
7.869696324803070464e-01
7.820462240221365269e-01
7.775534869677230843e-01
7.737638483979791815e-01
7.705228747948551504e-01
7.677005600064060742e-01
7.654579144087649833e-01
7.634523031670102933e-01
7.617279693344574110e-01
7.601905648388401771e-01
7.587022373267051645e-01
7.575818229920923130e-01
7.564755647488720092e-01
7.555898592444258988e-01
7.548728026631691401e-01
7.540090640008728640e-01
7.530100533666391760e-01
7.521617189176795781e-01
7.514994336988667367e-01
7.508997029258116518e-01
7.504063524316659795e-01
7.501732669392677799e-01
7.501332706651652193e-01
7.503275893449382616e-01
7.504293944160809193e-01
7.505793754726534095e-01
7.504084353134585772e-01
7.502361266681173424e-01
7.501294780276396290e-01
7.499953918577842993e-01
7.500421939620287581e-01
7.502816519445294485e-01
7.507081119224238153e-01
7.510630536341522667e-01
7.514149621504695453e-01
7.517134962727491931e-01
7.519425366198820848e-01
7.521103434050897540e-01
7.522799617961956065e-01
7.526421614609574151e-01
7.526882044911441527e-01
7.426882044911441438e-01
7.327946219615568690e-01
7.234289967904790064e-01
7.147005144812682564e-01
7.058787481186429291e-01
6.967125259491471212e-01
6.873404607592118465e-01
6.777965316311759247e-01
6.680491508111350285e-01
6.584653381241406533e-01
6.488149976609709491e-01
6.390051224556987375e-01
6.289756959667858194e-01
6.187052591990409578e-01
6.082392377530458916e-01
5.977430461531543227e-01
5.875536233975393596e-01
5.782848469648883549e-01
5.702838846102991077e-01
5.636058319422608820e-01
5.581980580392633673e-01
5.541005108638551446e-01
5.509691257465800796e-01
5.486819787371794988e-01
5.470490635965058468e-01
5.460302227690272403e-01
5.455918637434657992e-01
5.456531778922332210e-01
5.461452646668490951e-01
5.470578533194737636e-01
5.483852663581103570e-01
5.501282633095007091e-01
5.523309624314984845e-01
5.549241443680312802e-01
5.579605234012595671e-01
5.613908883709063380e-01
5.651380957405358618e-01
5.692495218465177809e-01
5.736499944894214442e-01
5.782574585146775803e-01
5.829250859191337231e-01
5.874349461702570441e-01
5.913124126175196560e-01
5.944581759332129289e-01
5.967907273992614225e-01
5.982691224242697725e-01
5.987485933250489278e-01
5.983674373183127670e-01
5.971677182092760550e-01
5.951569257654616418e-01
5.851569257654616329e-01
5.753966499170936055e-01
5.659788757719436125e-01
5.569817127234961696e-01
5.484511615255069916e-01
5.404046827350907911e-01
5.328468338137062332e-01
5.256918930294579573e-01
5.189189345731891612e-01
5.125307918481264435e-01
5.064120944545550396e-01
5.005552254657323896e-01
4.949653179759694877e-01
4.896961174238707581e-01
4.848351087772110324e-01
4.805244859725471551e-01
4.768870834727672592e-01
4.740725803156931040e-01
4.722969583976381891e-01
4.715156326893196748e-01
4.716935326523291061e-01
4.727106805108710619e-01
4.744480940216173059e-01
4.767847583116874843e-01
4.794279431817883852e-01
4.822031947121436790e-01
4.849037434487139531e-01
4.873799444546956794e-01
4.896070340786574104e-01
4.915234665306364992e-01
4.931030349219781561e-01
4.942749753352171371e-01
4.949812725890616050e-01
4.953547045333582255e-01
4.954059035842141023e-01
4.951204227212319120e-01
4.945894763577577957e-01
4.937888735333301748e-01
4.928340924944794588e-01
4.917179051938096457e-01
4.904404809546948907e-01
4.890729318706755202e-01
4.877409968946168073e-01
4.864964263595547567e-01
4.853389769177345325e-01
4.843454126815094907e-01
4.835504971313140943e-01
4.829828241560523150e-01
4.826194992339111201e-01
4.825086222791227786e-01
4.725086222791227697e-01
4.637466620988455746e-01
4.570170167907653402e-01
4.524073395377787854e-01
4.496713448709328542e-01
4.484672852666283238e-01
4.485103952386496617e-01
4.495686807612968017e-01
4.514510556045501222e-01
4.539939155281667027e-01
4.570177674507789889e-01
4.603194423546448366e-01
4.636611666862573422e-01
4.667258956190157293e-01
4.691430848941378629e-01
4.705860918057219178e-01
4.709017725883608563e-01
4.701660994605412203e-01
4.686306696178080267e-01
4.666231961046217180e-01
4.644678543408202742e-01
4.624514886146558479e-01
4.607839475617888092e-01
4.596036955585335315e-01
4.589660194856134967e-01
4.588796749193588820e-01
4.593040402567011848e-01
4.601622044996149241e-01
4.613512009839444983e-01
4.627311212613079983e-01
4.641429538834526691e-01
4.654133681243134424e-01
4.663772881440372831e-01
4.669141630266531173e-01
4.669788109067061765e-01
4.665972008270309890e-01
4.658662116046672907e-01
4.649332652948305888e-01
4.639541519147429849e-01
4.630761281520378581e-01
4.624039022879290473e-01
4.620090753298805586e-01
4.619120984627254067e-01
4.621007345655743226e-01
4.625308922191705974e-01
4.631275168407653076e-01
4.637974801778043110e-01
4.644406955715207341e-01
4.649563385255466308e-01
4.652747405744176445e-01
4.552747405744176912e-01
4.465648009867665413e-01
4.392138755477864032e-01
4.334547263911606163e-01
4.290305922048635590e-01
4.263201433271439633e-01
4.255624021521021705e-01
4.263297496762136762e-01
4.282936226172814331e-01
4.309069426370363831e-01
4.338444861498932381e-01
4.367274766297053468e-01
4.394585216492161717e-01
4.418707382209228207e-01
4.437995887328583522e-01
4.451967532582557507e-01
4.460310040428932532e-01
4.464338080429228750e-01
4.463135287724129263e-01
4.456533167655763461e-01
4.447420703082348714e-01
4.435033481127370059e-01
4.420057292874803312e-01
4.404915482377215752e-01
4.389382441606071161e-01
4.376611891331853577e-01
4.365495376505785230e-01
4.356170906204138160e-01
4.350253115146637262e-01
4.349582675390514797e-01
4.353689188105258623e-01
4.358909345473862551e-01
4.367552775409452859e-01
4.377358437989473661e-01
4.388198459694699349e-01
4.398762430505829824e-01
4.409612355490090674e-01
4.418619840105183494e-01
4.422408570164292896e-01
4.424147323929828457e-01
4.424818246871696781e-01
4.423619151362944146e-01
4.420223001714166933e-01
4.415281619981230032e-01
4.408842944879822756e-01
4.400477801870524841e-01
4.391795117733978682e-01
4.385009310199999844e-01
4.380879835750401963e-01
4.376838546904335825e-01
4.276838546904336291e-01
4.178996375010970987e-01
4.087918394250917853e-01
4.010446841382481198e-01
3.949842178179971408e-01
3.905059869625808200e-01
3.873810974884629443e-01
3.853602570277045447e-01
3.842191201134991241e-01
3.838380501721572746e-01
3.841233858403160784e-01
3.849856933101212797e-01
3.863670318272235948e-01
3.882294386207106873e-01
3.905586038645917912e-01
3.933140750678631448e-01
3.964296291858854238e-01
3.998129839878268865e-01
4.033208901546027625e-01
4.067457894928693252e-01
4.098348094678993525e-01
4.122763082293402492e-01
4.138643557029612063e-01
4.144686767618853684e-01
4.140701098298626981e-01
4.128672935069331307e-01
4.110890947427462971e-01
4.089654619832372995e-01
4.067594794911656986e-01
4.047093045159751434e-01
4.029864114766168459e-01
4.016969328692716612e-01
4.009114835057994153e-01
4.006324597601125248e-01
4.008294230433962491e-01
4.014519606572743982e-01
4.024314911253757399e-01
4.036677671597621586e-01
4.050564224499026977e-01
4.064410246626846135e-01
4.077066465309641119e-01
4.086853735803598897e-01
4.092901574154274025e-01
4.094724335456558784e-01
4.092422395765938914e-01
4.086814963312537796e-01
4.078698581447436911e-01
4.069880733921398819e-01
4.061040879977764750e-01
4.053250918751112319e-01
3.953250918751117227e-01
3.865793950479356478e-01
3.792109609043435303e-01
3.729967196121153905e-01
3.677023833782684936e-01
3.631378222440864167e-01
3.591660408638698843e-01
3.556795550685977192e-01
3.526002531612037472e-01
3.498681489425541913e-01
3.474329847991161069e-01
3.452565352362262918e-01
3.433081898534431353e-01
3.415615212201123518e-01
3.399985575324363518e-01
3.385953356936651226e-01
3.373360772226001170e-01
3.362071839496450498e-01
3.351933760311202604e-01
3.342844352540833563e-01
3.334719001825812712e-01
3.327488399282563791e-01
3.321050205960272006e-01
3.315311658020108077e-01
3.310259689207140088e-01
3.305757215793094783e-01
3.301831128602850107e-01
3.298429300521025787e-01
3.295515364909829548e-01
3.293056768437259141e-01
3.291007333490701958e-01
3.289289742414446271e-01
3.287847951899160459e-01
3.286664115606869885e-01
3.285787195374190173e-01
3.285155190904386902e-01
3.284765033430874781e-01
3.284662854327412007e-01
3.284746941082343774e-01
3.285043949812477826e-01
3.285534248606608032e-01
3.286195892331064683e-01
3.287009302329835791e-01
3.287860188981824305e-01
3.288860962837308333e-01
3.289983957552582994e-01
3.291263478122336550e-01
3.292618924271651926e-01
3.294022528487827173e-01
3.295474719452989865e-01
3.195474719474605818e-01
3.100907669267153333e-01
3.017931452556675831e-01
2.946678340435125443e-01
2.885132845212066699e-01
2.831736842343581806e-01
2.784919441419798081e-01
2.744032811927131776e-01
2.708259492277265146e-01
2.676671521443712565e-01
2.648497021123409345e-01
2.623461287481790860e-01
2.601347088253919693e-01
2.581847564635206260e-01
2.564561041540627806e-01
2.549264541339419932e-01
2.535895994800039244e-01
2.524178431377089304e-01
2.513860803998118065e-01
2.504839818822529596e-01
2.497141569249115289e-01
2.490808315379085258e-01
2.485516198796033638e-01
2.481370304292681572e-01
2.478334190808677284e-01
2.476252893823985279e-01
2.475177855749658706e-01
2.474677923825326920e-01
2.474790328184554855e-01
2.475247218869421617e-01
2.476497547477895245e-01
2.478288280614594774e-01
2.480654117016216353e-01
2.483496356858667653e-01
2.486698496831596661e-01
2.490127699134076777e-01
2.493720457549970793e-01
2.497644481127694049e-01
2.502072657551872581e-01
2.506711142557851435e-01
2.511488552160306975e-01
2.516523707023298195e-01
2.521556104096801532e-01
2.526790883693475487e-01
2.532125695958525879e-01
2.537876022960741662e-01
2.543806055792195986e-01
2.550089207343055331e-01
2.556209554543670270e-01
2.562068606004972993e-01
2.462068608656104718e-01
2.380222607290207182e-01
2.310093812460129736e-01
2.244245251615913650e-01
2.183763584982032768e-01
2.130464436490364100e-01
2.083176564034756040e-01
2.040391024253881136e-01
2.001262389617713966e-01
1.965413408925401895e-01
1.932672584120960491e-01
1.902876139915481435e-01
1.875861181840152436e-01
1.851513473148047040e-01
1.829744402748363086e-01
1.810449273451367469e-01
1.793501656287697643e-01
1.778766956409744138e-01
1.766125564110483104e-01
1.755468333456756125e-01
1.746700544177393899e-01
1.739730801470447674e-01
1.734470168419705582e-01
1.730826880273312607e-01
1.728706068437450005e-01
1.728006588336148952e-01
1.728624389152647045e-01
1.730450199315657078e-01
1.733374216178766580e-01
1.737281568295127587e-01
1.742058254944769957e-01
1.747593020290899024e-01
1.753775436980632429e-01
1.760502075179438408e-01
1.767675055220572500e-01
1.775203509809689106e-01
1.783006626410317819e-01
1.791009813686346985e-01
1.799147068381596049e-01
1.807358078125715362e-01
1.815585669053392526e-01
1.823773143938845764e-01
1.831859136189082637e-01
1.839787508028204732e-01
1.847499313196732107e-01
1.854929422557217711e-01
1.862021326604281213e-01
1.868718347201637209e-01
1.874977670034840005e-01
1.880761899877227694e-01
1.980761862309899368e-01
2.068363128841539944e-01
2.103413570299721980e-01
2.092974345429830241e-01
2.060575666435013886e-01
2.020486617388450867e-01
1.983228483875615067e-01
1.960413727827033936e-01
1.956676965178679728e-01
1.969017180099119635e-01
1.991614133574370060e-01
2.017366491402557693e-01
2.039556095624919518e-01
2.053509021145160374e-01
2.057230800415625338e-01
2.051173391645816080e-01
2.037701074545727187e-01
2.020131016959393344e-01
2.002510337028585996e-01
1.989144093973887473e-01
1.983241145044212783e-01
1.985770521487705553e-01
1.995221261324849893e-01
2.008436218939640694e-01
2.021641354430513404e-01
2.031584886220689778e-01
2.036265062220526945e-01
2.034983744036191200e-01
2.028527806048011084e-01
2.018856435981677688e-01
2.008543406555735600e-01
2.000330565208669753e-01
1.996404692899914624e-01
1.997610530080519697e-01
2.003135512618684777e-01
2.011021528157406202e-01
2.018727388329657202e-01
2.024164520217745233e-01
2.026057389362053984e-01
2.024170826888106456e-01
2.019294555635211819e-01
2.013040272149788090e-01
2.007332394486554816e-01
2.003952045616303745e-01
2.003724181316874631e-01
2.006488173420457322e-01
2.011056445990109798e-01
2.015859123066972014e-01
2.019310930852218355e-01
2.020484994341135432e-01
1.920485137490011429e-01
1.981710863105265730e-01
2.044246227967111695e-01
2.071583936002429349e-01
2.064222411680336766e-01
2.037204986717646715e-01
2.002582988788103868e-01
1.972524250511349109e-01
1.959825881200400466e-01
1.966406231356095935e-01
1.985953890992547266e-01
2.009685432861008092e-01
2.029155338774465134e-01
2.039065155854655476e-01
2.038044992525308852e-01
2.027711640072822619e-01
2.011550571231819073e-01
1.994487748591428911e-01
1.982040652542205184e-01
1.978458201611448530e-01
1.984113815299287653e-01
1.996008364372277855e-01
2.009410987198106124e-01
2.019709851811619383e-01
2.024092531421813335e-01
2.021831997279445736e-01
2.014167684301980954e-01
2.003817516566758772e-01
1.994343274241429376e-01
1.989061898779033999e-01
1.989712075521339885e-01
1.995535069541929107e-01
2.003846531037358492e-01
2.011377524165063047e-01
2.015442855566131342e-01
2.015034882395684568e-01
2.010619251099841631e-01
2.004040666803211801e-01
1.997949215808020873e-01
1.994685984434379500e-01
1.995376227822619752e-01
1.999395533368605871e-01
2.004755380425649325e-01
2.009216525367406303e-01
2.011030012718736937e-01
2.009819194157127786e-01
2.006232200280355371e-01
2.001946922655931937e-01
1.998828468958039339e-01
1.998056703845543791e-01
1.898057092412967772e-01
1.798392926739483810e-01
1.777072289152532847e-01
1.804954898749899506e-01
1.846202610662771026e-01
1.878148297404638178e-01
1.888065077907973011e-01
1.878925360818709533e-01
1.856744967150583403e-01
1.830268995440680890e-01
1.810633167852628289e-01
1.805013629826918431e-01
1.813322524912090450e-01
1.830628656563974832e-01
1.849745068097791711e-01
1.863256420046149053e-01
1.866895690359777482e-01
1.860495965941420526e-01
1.847157871447910049e-01
1.832202551147978364e-01
1.821478224324421802e-01
1.818765369155169731e-01
1.824349033013242805e-01
1.835388864332633818e-01
1.847152326205785122e-01
1.854989459155128584e-01
1.856154390123682385e-01
1.850786103710725383e-01
1.841498421143452358e-01
1.832373629005236981e-01
1.827119309296600380e-01
1.827605640237502105e-01
1.833187808853387613e-01
1.841060540738845008e-01
1.847664208608451875e-01
1.850272903551064829e-01
1.848097024171798108e-01
1.842463138154829261e-01
1.836175012739424683e-01
1.832101458983279585e-01
1.831883988503406890e-01
1.835244403909835897e-01
1.840514117689942830e-01
1.844982372696141182e-01
1.846603333125526047e-01
1.844720154356192521e-01
1.840555000049592382e-01
1.836441643797690204e-01
1.834339673787777070e-01
1.835118309239678613e-01
1.935118298695542582e-01
2.029891468876827421e-01
2.095388485419510394e-01
2.120154382051579467e-01
2.109377022170042804e-01
2.079809260699047035e-01
2.042436518284855562e-01
2.003881237593454767e-01
1.970550697405474005e-01
1.949539990170627846e-01
1.943888086268847071e-01
1.952112349906744426e-01
1.970561600466718410e-01
1.994440773126071043e-01
2.018564761750218095e-01
2.038722613557706898e-01
2.052338141564276908e-01
2.058197328524832281e-01
2.056290899653673288e-01
2.047634337393464121e-01
2.033998185358301125e-01
2.017617239674673046e-01
2.001133204059237780e-01
1.987455483072780027e-01
1.979186481315385604e-01
1.977687239327862168e-01
1.982686483497371199e-01
1.992499548094376904e-01
2.004594933403972268e-01
2.016319055782052061e-01
2.025521017538920165e-01
2.030829962155122626e-01
2.031698497649704616e-01
2.028356074240758866e-01
2.021680226203476649e-01
2.013084696196322243e-01
2.004299123292344609e-01
1.997155320507312259e-01
1.993109539066060809e-01
1.992858229927573221e-01
1.996153969510386650e-01
2.001913677692645499e-01
2.008575341368555589e-01
2.014580415815718506e-01
2.018705347150181739e-01
2.020248356580177096e-01
2.019103959664168835e-01
2.015736234106211000e-01
2.011025142946938071e-01
2.006116742405062436e-01
1.906117779005317980e-01
1.806062210480957331e-01
1.811867601407178563e-01
1.847376644913538701e-01
1.860818103454758565e-01
1.847229462626349406e-01
1.823754742591986722e-01
1.813790830345674288e-01
1.823932222870801034e-01
1.841926893303118262e-01
1.851697147167297441e-01
1.847497191072184075e-01
1.834138375792802589e-01
1.822348373133931554e-01
1.821440144706587549e-01
1.830696869632962576e-01
1.842114922167489011e-01
1.846796798210582347e-01
1.841715698572480298e-01
1.831682269019302978e-01
1.824704860710955612e-01
1.826170687772794565e-01
1.834274242498639407e-01
1.841706003688656501e-01
1.842841921851079423e-01
1.837237256635016747e-01
1.829905360207801923e-01
1.826975981285988149e-01
1.830568991593186368e-01
1.837093341275985725e-01
1.840930985862494484e-01
1.838930522828897407e-01
1.833167617379359848e-01
1.829198149728401834e-01
1.830351226957411259e-01
1.834913737673083134e-01
1.838756246706058084e-01
1.838524068588446858e-01
1.834746434241461832e-01
1.831072026828432786e-01
1.831030640306956225e-01
1.834427386343306376e-01
1.837405896925378701e-01
1.837303642662339587e-01
1.834506151392034934e-01
1.832074166016138261e-01
1.832103534678254098e-01
1.834784306328180459e-01
1.836843015900272158e-01
1.836135010408452284e-01
1.936134988758032582e-01
2.033778961950387931e-01
2.096111025124598182e-01
2.113335202719984207e-01
2.098961502116080680e-01
2.067113390737538581e-01
2.027211898520462907e-01
1.987433115007846973e-01
1.958406452493263727e-01
1.947025596201919784e-01
1.952394498721437277e-01
1.970496361878329716e-01
1.995828079174161995e-01
2.021689297468912683e-01
2.042169538282972985e-01
2.053894408498277979e-01
2.055848758263980336e-01
2.048851354502679301e-01
2.034943772930284667e-01
2.017010896703413381e-01
1.998809776988931530e-01
1.984580346596136746e-01
1.977659661010421621e-01
1.979145797428486786e-01
1.987860455090125211e-01
2.000917008957856513e-01
2.014667078583319837e-01
2.025731998270010326e-01
2.031871957654366734e-01
2.032264500567488585e-01
2.027317058989483167e-01
2.018499921733636626e-01
2.008040499367260701e-01
1.998619014212432432e-01
1.992684391917347309e-01
1.991624110599492237e-01
1.995346488295459964e-01
2.002368538602043724e-01
2.010423145375754284e-01
2.017218700356668282e-01
2.021099012460450262e-01
2.021314556452696309e-01
2.018118326170076637e-01
2.012580548801210234e-01
2.006386225275887114e-01
2.001341746202099092e-01
1.998883623097666151e-01
1.999576071809758548e-01
2.002924019263549738e-01
2.007662964469201228e-01
1.907663065813497982e-01
1.836361477863196479e-01
1.841744574459875106e-01
1.875967717943312074e-01
1.910221186145810990e-01
1.938114687367169520e-01
1.964708842566011970e-01
1.987881336697776835e-01
1.995436664075645183e-01
1.984887880362195267e-01
1.966224195322323065e-01
1.948753948662935997e-01
1.935225826584976438e-01
1.924657705830373211e-01
1.915350309584541999e-01
1.905937641876932764e-01
1.895894401030148724e-01
1.885693284817132886e-01
1.877361945375589092e-01
1.873674764755944300e-01
1.875825102398813726e-01
1.882337886368793123e-01
1.890411087641092891e-01
1.897643361675899754e-01
1.902856008412115163e-01
1.905924921194431243e-01
1.907025747361838774e-01
1.906351295408118263e-01
1.903942904401169089e-01
1.899971089096047505e-01
1.894708993495443083e-01
1.888918737427637551e-01
1.883731417477260695e-01
1.880880805076866613e-01
1.881343272112407650e-01
1.884576425351050799e-01
1.889171463178960508e-01
1.893544456266424147e-01
1.896643755634624395e-01
1.897957448187152507e-01
1.897472537931057246e-01
1.895411870889387174e-01
1.892123037193184643e-01
1.888429936284151400e-01
1.885370446575353187e-01
1.884188867283064506e-01
1.885018287498759770e-01
1.887390931240579828e-01
1.890241712129417939e-01
1.892647477282378421e-01
1.792647936461208291e-01
1.822086257144578114e-01
1.873360052818997812e-01
1.902663803450342361e-01
1.898974035517798364e-01
1.874960751116684365e-01
1.845305618911341206e-01
1.827071193714520925e-01
1.827316043745552399e-01
1.842106388600375788e-01
1.863277189650692223e-01
1.880200911029091815e-01
1.885440805829558253e-01
1.878425224688694273e-01
1.863477962566073287e-01
1.847764625639789493e-01
1.838727369316955351e-01
1.839741747141762918e-01
1.849298617722148208e-01
1.862385472404954057e-01
1.872772227459224836e-01
1.875842256886935677e-01
1.870859035445894547e-01
1.860946234446358982e-01
1.850865322759781550e-01
1.845589397005471533e-01
1.847290070601948775e-01
1.854577176092666591e-01
1.863369745808763078e-01
1.869248237317521211e-01
1.869547199772529367e-01
1.864497722298540938e-01
1.857211677179433085e-01
1.851478115787114631e-01
1.850233642301679637e-01
1.853711989645747127e-01
1.859692928082110341e-01
1.864646400955946859e-01
1.866079354227712650e-01
1.863618699558142189e-01
1.858777445831779063e-01
1.854665389303150613e-01
1.853394268105611753e-01
1.855410703973548181e-01
1.859286215607612314e-01
1.862720271845312581e-01
1.863854314385903210e-01
1.862058051677492887e-01
1.858547145678250967e-01
1.855643188458508397e-01
1.955642022089363885e-01
2.054567790207011413e-01
2.016173755617714503e-01
1.961626506106489143e-01
1.924567009126918471e-01
1.897962595900272997e-01
1.875109088630233234e-01
1.857929935518209952e-01
1.851586239712247617e-01
1.857010918589020176e-01
1.870556679387497534e-01
1.886605728218700984e-01
1.901278379548843045e-01
1.914753987992075523e-01
1.929499906081257321e-01
1.948843498986385370e-01
1.973903736051189628e-01
1.999407590437544124e-01
2.012083432357093804e-01
2.006847535153892526e-01
1.989317704938735332e-01
1.969692865958682648e-01
1.956476107824267063e-01
1.951388760412779699e-01
1.954482193439901760e-01
1.964524458794585371e-01
1.978763614150958472e-01
1.992720400520910096e-01
1.999217632717742443e-01
1.995362036482392909e-01
1.984043639190457842e-01
1.971541827291066751e-01
1.963765819775517285e-01
1.962989639751304971e-01
1.968887070472357947e-01
1.978708367691060788e-01
1.988442641965574298e-01
1.992936492063121234e-01
1.990197796724568202e-01
1.982246465349038755e-01
1.973933289034477401e-01
1.969650017724483559e-01
1.971157736287466877e-01
1.976741472574001512e-01
1.983355169936264206e-01
1.988256231755407555e-01
1.989334370850643907e-01
1.984927837973416986e-01
1.978174230483787377e-01
1.972717435907876959e-01
2.072717290070811846e-01
2.008824324776496140e-01
1.946134099481146851e-01
1.916632329803384105e-01
1.917081311934545895e-01
1.937732897702706958e-01
1.970033104551305592e-01
2.004434954614474629e-01
2.028102960787628029e-01
2.033139193832387004e-01
2.021450361358211323e-01
1.999812345829506122e-01
1.976255741820867606e-01
1.958395907377874778e-01
1.950578755552636046e-01
1.953335709872886239e-01
1.964832952429995394e-01
1.981568620960173499e-01
1.998512964431027050e-01
2.010231259058305187e-01
2.013264149865839903e-01
2.007467614463083194e-01
1.995618479047824023e-01
1.982102786330799116e-01
1.971407092131478578e-01
1.966566298251362643e-01
1.968430231985912326e-01
1.975877677740925098e-01
1.986292122011406869e-01
1.996078436630669972e-01
2.001903046599206593e-01
2.002030847010204950e-01
1.996875366105545502e-01
1.988721597779809780e-01
1.980748090617992230e-01
1.975752918494964316e-01
1.975207236010627920e-01
1.978926272823118282e-01
1.985281688284773194e-01
1.991775084099822457e-01
1.995927175431319589e-01
1.996319661901827247e-01
1.993104381364913247e-01
1.987848000487608680e-01
1.982804794465751197e-01
1.979936691484258937e-01
1.980170694960571853e-01
1.983170682234808857e-01
1.987529579867112206e-01
1.991368244811681232e-01
1.891369347289937886e-01
1.863112014275013495e-01
1.884953942026173224e-01
1.917494585211806379e-01
1.977599090008244909e-01
2.046877344963843048e-01
2.010733298531475199e-01
1.962980000119313173e-01
1.931167836115829928e-01
1.913201363683467437e-01
1.902773947130800281e-01
1.896925555902893301e-01
1.893985539702572607e-01
1.893375023984258110e-01
1.894778634266100215e-01
1.898185768482111846e-01
1.903891252587765204e-01
1.912793855101848073e-01
1.926701239021539336e-01
1.948236971682595631e-01
1.978832143078524675e-01
2.010132941513217975e-01
2.021233201312932770e-01
2.008479354385694637e-01
1.983872473693041594e-01
1.962322037845173894e-01
1.951407058728828192e-01
1.951574425302342874e-01
1.961733533519755823e-01
1.979504836410946322e-01
1.998527505651821745e-01
2.008355601139716617e-01
2.003685685503508451e-01
1.989173353881358020e-01
1.973941639936618031e-01
1.965292733113041257e-01
1.965361542449414745e-01
1.973290481534828722e-01
1.985980376941864911e-01
1.997273376318914329e-01
2.000671972027309453e-01
1.994650535570694494e-01
1.983945084332483788e-01
1.974978199378435439e-01
1.971801178311697600e-01
1.975230011979685618e-01
1.983318963653664668e-01
1.991806454251759673e-01
1.995783430082484766e-01
1.993089954511380046e-01
1.893091628784688563e-01
1.961429021668321948e-01
2.044132797270697133e-01
2.022376270650105556e-01
1.981082268445277517e-01
1.952085557645113212e-01
1.943714256109764227e-01
1.952026974050138919e-01
1.972929205958867949e-01
1.999653404830206149e-01
2.018780050236741730e-01
2.019648433768679030e-01
2.005235733748672033e-01
1.985280823843251774e-01
1.969982616957276778e-01
1.964595476464219559e-01
1.969444150851659414e-01
1.982104796988086448e-01
1.997567890203659213e-01
2.008528851474492560e-01
2.009537876373719278e-01
2.001162358918717465e-01
1.988679276384058281e-01
1.978512400793351889e-01
1.974813267108611325e-01
1.978310012773352167e-01
1.987120698511508909e-01
1.997112654192578218e-01
2.003199424457161038e-01
2.002405244028940823e-01
1.995777205401378651e-01
1.987334901019456312e-01
1.981624623943400165e-01
1.981025022012105619e-01
1.985400741935062219e-01
1.992391485782480098e-01
1.998157846251641945e-01
1.999501500241508412e-01
1.996047156899432018e-01
1.990105565367080165e-01
1.985333947412976918e-01
1.984158173950094362e-01
1.986848620915074859e-01
1.991705160911049488e-01
1.995879205734151784e-01
1.996930445212346528e-01
1.994453861897976243e-01
1.990274170851579205e-01
1.987068763605102373e-01
1.986605549318110064e-01
2.086604076230487714e-01
2.013698719154408401e-01
1.944688709808648497e-01
1.892385575322645674e-01
1.839501784270458351e-01
1.791982209583630747e-01
1.756523630495131771e-01
1.736405314636968733e-01
1.733590772004226788e-01
1.745392446104206963e-01
1.766822692359696911e-01
1.793211789621029784e-01
1.821461230277444665e-01
1.848376374876307404e-01
1.869459096842445711e-01
1.881926648507648570e-01
1.885971059145650497e-01
1.882381663452576959e-01
1.871898313489840926e-01
1.855753207685578998e-01
1.836559699679092272e-01
1.817983124538586903e-01
1.802967553041026350e-01
1.793114051031432787e-01
1.788983769157874715e-01
1.790503032759216684e-01
1.796967243830806527e-01
1.807360242466557743e-01
1.820237527156236268e-01
1.833654320240060143e-01
1.845252461262181509e-01
1.852836571384574860e-01
1.855189172621984628e-01
1.852234380947408443e-01
1.845043833808901190e-01
1.835534909574978446e-01
1.825842414847506645e-01
1.817925640996709835e-01
1.812909294040675190e-01
1.811413646906479546e-01
1.813394313525878432e-01
1.818302565474492760e-01
1.825089235469743443e-01
1.832335796803028771e-01
1.838510743279605786e-01
1.842273070886061570e-01
1.842956511237009987e-01
1.840713404735245529e-01
1.836252259563270761e-01
1.830820576154929269e-01
1.930820565597136385e-01
2.025665427368064653e-01
2.092032103276533495e-01
2.119140353485365058e-01
2.110278270286844449e-01
2.081830726275043786e-01
2.045008666702882449e-01
2.006376729941226900e-01
1.972004776195166176e-01
1.949046512012755916e-01
1.941200660900969377e-01
1.947516019075476446e-01
1.964629919899068822e-01
1.987955262625008546e-01
2.012341422771049548e-01
2.033387381643863845e-01
2.048296451327956680e-01
2.055655469167342042e-01
2.055265357909109858e-01
2.047937662347223131e-01
2.035278888405136211e-01
2.019363438832348645e-01
2.002690710425186482e-01
1.988114377006575118e-01
1.978357981683725453e-01
1.975139206302216066e-01
1.978592711748199118e-01
1.987357633127378176e-01
1.999090514147117692e-01
2.011121307028730099e-01
2.021129961432232558e-01
2.027541237708315736e-01
2.029621327955049848e-01
2.027396899995436153e-01
2.021559074974901837e-01
2.013380620602888971e-01
2.004499112235648972e-01
1.996732760792402916e-01
1.991674472378714700e-01
1.990279278807758345e-01
1.992585945290097360e-01
1.997725019648681211e-01
2.004256088076575293e-01
2.010583239967912439e-01
2.015354753935031107e-01
2.017715245917328926e-01
2.017393387153250395e-01
2.014663879680221870e-01
2.010298286655120559e-01
2.005365079121944338e-01
