1.000000000000000056e-01
1.099999999921754679e-01
1.118585276312270838e-01
1.090529635190365942e-01
1.050738765564164789e-01
1.013960132143721105e-01
9.928055869396441857e-02
1.016438269275314055e-01
1.042230660738079906e-01
1.064157176104746916e-01
1.079656463914560327e-01
1.086161509314749196e-01
1.083243951390902154e-01
1.072786987314128804e-01
1.057912303727095576e-01
1.041663653619003260e-01
1.026079501905012986e-01
1.013323353057537374e-01
1.008430167103422231e-01
1.014314825299545142e-01
1.025554913704553317e-01
1.037283649497731525e-01
1.047557059089711390e-01
1.055370529146316960e-01
1.059908987918290746e-01
1.060723387163138576e-01
1.057978315506046124e-01
1.052423223254901619e-01
1.045114784172324618e-01
1.037110668460296675e-01
1.029400614304513961e-01
1.023163220974938059e-01
1.019916897327223793e-01
1.020683159832310727e-01
1.024803790421845023e-01
1.030533127654105624e-01
1.036351737040706322e-01
1.041303030068690960e-01
1.044804333815863850e-01
1.046522590021032179e-01
1.046371756530572322e-01
1.044522502557424376e-01
1.041361994491376841e-01
1.037417305589669464e-01
1.033296975105721799e-01
1.029673876539010519e-01
1.027241658943265218e-01
1.026524636147117947e-01
1.027591483689186680e-01
1.029985220823553815e-01
1.032983467597734656e-01
1.132983467420505125e-01
1.176689524442541962e-01
1.157233226209382904e-01
1.125195645865434552e-01
1.087732552450926954e-01
1.050399516183139065e-01
1.033647124203431605e-01
1.046698151046265152e-01
1.071333063577645517e-01
1.095893865894118357e-01
1.111572402424558931e-01
1.117527578210392170e-01
1.115063466409215442e-01
1.105098472719254765e-01
1.088787638357911619e-01
1.070094955623313721e-01
1.056139981499417818e-01
1.051994151135710875e-01
1.058305447735190807e-01
1.071385409033550756e-01
1.085729911482039706e-01
1.095793400492609398e-01
1.098910520406549962e-01
1.095052943471850337e-01
1.085695422698340906e-01
1.074147842813178294e-01
1.065085938738409288e-01
1.062011360450307307e-01
1.065648657615953232e-01
1.073939550058373854e-01
1.083083175918124058e-01
1.089209129279863769e-01
1.090244364938321164e-01
1.086261074562575590e-01
1.079114571053477606e-01
1.072008869236175110e-01
1.068100725173405929e-01
1.068881465995718816e-01
1.073610158165333728e-01
1.079808196830345512e-01
1.084502751654621983e-01
1.085721323970410684e-01
1.083229655054690210e-01
1.078421623114109856e-01
1.073724182253170401e-01
1.071412854230642114e-01
1.072428577177613612e-01
1.075991026058489425e-01
1.080105068903451926e-01
1.082664650745631535e-01
9.826646513115527837e-02
1.054754000747871318e-01
1.108181209210992307e-01
1.151295334261638742e-01
1.187745356702539640e-01
1.218110364171646753e-01
1.243800302163685229e-01
1.266386176196320767e-01
1.286772431406217054e-01
1.305358420180926238e-01
1.322414595366324108e-01
1.338249534865427748e-01
1.353184034883898323e-01
1.367478960233153851e-01
1.381298556770370611e-01
1.394717160144768875e-01
1.407749025925391362e-01
1.420379973385204608e-01
1.432589379282688258e-01
1.444361882352122595e-01
1.455692612891748283e-01
1.466588622788502216e-01
1.477067970663414331e-01
1.487156429765683630e-01
1.496882898094729630e-01
1.506274611727308199e-01
1.515353172862860254e-01
1.524132377937629790e-01
1.532617702702619711e-01
1.540807333509222332e-01
1.548694228750776003e-01
1.556268477421309249e-01
1.563519638018645019e-01
1.570438555978924677e-01
1.577018722057715039e-01
1.583256902608333738e-01
1.589153431675289496e-01
1.594712026819536943e-01
1.599939483554808639e-01
1.604845187661005645e-01
1.609440602623671834e-01
1.613738794755409656e-01
1.617753969862476549e-01
1.621501091361011448e-01
1.624995508534373412e-01
1.628252739504556790e-01
1.631288129045158908e-01
1.634116763344484191e-01
1.636753251510975060e-01
1.639211697819048519e-01
1.739211647107075098e-01
1.831674414455485012e-01
1.895326074117107407e-01
1.921771022554323027e-01
1.930907176027467642e-01
1.930030723775149060e-01
1.920748075880603922e-01
1.901561128863990813e-01
1.870092631979139719e-01
1.829112419310075233e-01
1.788890113760961964e-01
1.758469861417610025e-01
1.743107251398914870e-01
1.743835087272044559e-01
1.757855113019253512e-01
1.780713684461714408e-01
1.807600861102963696e-01
1.833501731606010376e-01
1.852663867406833809e-01
1.860816814263994701e-01
1.857399513827436566e-01
1.844472520701772311e-01
1.825930875262803121e-01
1.806620477263584934e-01
1.790730133577331518e-01
1.780990207938723258e-01
1.778623785135551028e-01
1.783382697270013972e-01
1.793786791351240084e-01
1.807478532730425747e-01
1.821533343776043923e-01
1.832789525042212986e-01
1.838628565154495076e-01
1.837934381115876592e-01
1.831467712069408116e-01
1.821448300338696091e-01
1.810732858765739250e-01
1.801957195463971539e-01
1.796921237352837042e-01
1.796370062189929229e-01
1.800038948928654459e-01
1.806807049082498062e-01
1.814902163535558055e-01
1.822274759285798240e-01
1.827024737400681775e-01
1.828037497188282623e-01
1.825337635005068182e-01
1.820000606905365081e-01
1.813782407531802365e-01
1.808430953953100440e-01
1.908430940167613610e-01
2.003518378547966272e-01
2.077862103283883710e-01
2.118830521142176793e-01
2.121860876699763476e-01
2.100078043552274232e-01
2.066283962356796899e-01
2.028214582777151664e-01
1.991051768682901846e-01
1.960659859449881692e-01
1.942477180645439949e-01
1.938076406901457494e-01
1.946019765183114314e-01
1.963416697476208228e-01
1.986404087822608022e-01
2.010462402557531003e-01
2.031615515908379022e-01
2.047219809101441246e-01
2.055864326481427196e-01
2.057142846427896243e-01
2.051595723191545206e-01
2.040533161131810047e-01
2.025772622051096317e-01
2.009465520105067904e-01
1.994066418702177268e-01
1.982128354787985880e-01
1.975659910902792249e-01
1.975489241918280958e-01
1.981103366898412654e-01
1.990892043211446305e-01
2.002584942239083732e-01
2.013841373662339784e-01
2.022775931264372273e-01
2.028151634420551630e-01
2.029447697724058863e-01
2.026810870032948464e-01
2.020947356986071419e-01
2.013038088607074783e-01
2.004578310720731560e-01
1.997169204771586659e-01
1.992208935070191589e-01
1.990546938526112364e-01
1.992284127859913767e-01
1.996746696529660692e-01
2.002756303556049722e-01
2.008896706751010786e-01
2.013913624138486125e-01
2.016924014787611352e-01
2.017519951349555640e-01
2.015783752791277250e-01
1.915784420256223253e-01
1.984039538274081083e-01
2.054627121930417410e-01
2.088703640227595471e-01
2.093057140918442860e-01
2.077094618413475591e-01
2.046923854059744530e-01
2.009154025361199469e-01
1.975462103921249712e-01
1.961600468814886644e-01
1.969196414799227746e-01
1.990953546453145817e-01
2.017015100006396833e-01
2.037836854700545153e-01
2.048379154778602051e-01
2.047958269004664378e-01
2.037975066158352055e-01
2.021293815477025191e-01
2.002287567188888728e-01
1.987321294668898952e-01
1.981719976563220131e-01
1.986781539259401264e-01
1.999334948943126411e-01
2.014055075148200591e-01
2.025659007592526817e-01
2.031030685253479573e-01
2.029293948656741564e-01
2.021636312777053412e-01
2.010508196708949424e-01
1.999761476046083564e-01
1.993371809517897608e-01
1.993534243499997527e-01
1.999510061032076513e-01
2.008504661413963166e-01
2.016862555930178380e-01
2.021484800306930230e-01
2.021337688580333580e-01
2.016674445784967518e-01
2.009506891218192093e-01
2.002643515726163781e-01
1.998974288379560538e-01
1.999762026344796551e-01
2.004255492665263927e-01
2.010236473005025393e-01
2.014969127695516726e-01
2.016733803065394182e-01
2.015269812318990772e-01
2.011233913727781819e-01
2.006542252458219655e-01
2.003151263950404271e-01
1.903151387362392033e-01
1.808499498739101208e-01
1.749166386865251832e-01
1.736598748571293038e-01
1.755584170425688317e-01
1.789945147811554393e-01
1.829983060296022090e-01
1.865217665774664968e-01
1.882622803793451982e-01
1.881939270827473476e-01
1.866794699790709777e-01
1.842086700578167702e-01
1.816041740786661918e-01
1.796291129058282809e-01
1.786167380542532657e-01
1.786249519198434277e-01
1.795330181738883368e-01
1.811079824225598212e-01
1.830023405810665693e-01
1.847244779734576459e-01
1.857322633563460168e-01
1.857629733545711759e-01
1.849132240568756025e-01
1.835342366041116946e-01
1.821071343657179042e-01
1.810553771901032283e-01
1.806020858136702101e-01
1.807968608677819888e-01
1.815419389811721018e-01
1.826095963516942977e-01
1.836974797342021959e-01
1.844520331509958422e-01
1.846370835832447377e-01
1.842297772617119134e-01
1.834305116064740004e-01
1.825524617868846677e-01
1.818861863688946146e-01
1.816171347076721565e-01
1.817965535227155649e-01
1.823372462037532726e-01
1.830443883861172516e-01
1.836673505242049920e-01
1.839781792609868627e-01
1.838844572751872908e-01
1.834603716871051893e-01
1.828964806798896170e-01
1.824164906419160348e-01
1.821800479312716825e-01
1.822441044056008763e-01
1.825667886666112183e-01
1.925667865749686736e-01
2.023337084694886712e-01
2.092355846256619967e-01
2.123659738816874587e-01
2.120373636755760460e-01
2.095815052210684148e-01
2.060596783195733639e-01
2.021150321935810679e-01
1.983329701430107395e-01
1.955698779628574635e-01
1.944432263256982985e-01
1.949195190970581804e-01
1.966308491606943987e-01
1.990585100636345917e-01
2.015968692792048933e-01
2.037335100970311397e-01
2.051798823166291752e-01
2.058166125045046424e-01
2.056539792127907995e-01
2.047945467471573022e-01
2.034014038185458784e-01
2.016924378015888253e-01
1.999561609222844927e-01
1.985351329846987145e-01
1.977366348552180297e-01
1.977042230069304407e-01
1.983750886484941800e-01
1.995210387838433908e-01
2.008275345745473006e-01
2.019945704237455786e-01
2.028053936402171298e-01
2.031499953900771926e-01
2.030104369925564978e-01
2.024496266416261347e-01
2.015961253419510935e-01
2.006312940792775168e-01
1.997727426712731513e-01
1.992188496289295507e-01
1.990879104903062191e-01
1.993794306253250936e-01
1.999818225446909625e-01
2.007113709114253519e-01
2.013740585889342294e-01
2.018241491400483978e-01
2.019798767549368379e-01
2.018321537379010322e-01
2.014381538524661897e-01
2.009059856771432395e-01
2.003737706937530061e-01
1.999799945324899630e-01
1.899800132397401753e-01
1.810725039844712780e-01
1.756107245555272311e-01
1.753237301209432109e-01
1.779801176559133169e-01
1.816217989877213224e-01
1.853468828586786743e-01
1.883827923852983699e-01
1.901585835231120181e-01
1.906096459707888047e-01
1.898817983591598035e-01
1.882578517109664840e-01
1.860510836012611580e-01
1.837124702565941237e-01
1.817063446669141824e-01
1.803617621680666250e-01
1.798526374366861691e-01
1.801875316575375363e-01
1.812154921250717921e-01
1.826947245565468392e-01
1.843414810213459543e-01
1.858217421003226510e-01
1.868366616315952911e-01
1.872141757929645933e-01
1.869399048014155351e-01
1.861389354784728500e-01
1.850014813750303633e-01
1.837821396160155274e-01
1.827812800790046543e-01
1.821838086254411182e-01
1.820748015032286338e-01
1.824386784567478825e-01
1.831552390717873513e-01
1.840494569133940550e-01
1.849222245819814314e-01
1.855627912912822530e-01
1.858187863713188781e-01
1.856756084581673294e-01
1.852047234213426152e-01
1.845466718638023862e-01
1.838896163250882676e-01
1.833872788658834352e-01
1.831324802370266347e-01
1.831810250747240576e-01
1.834986098194050230e-01
1.839930960179080033e-01
1.845159285914934055e-01
1.849251247697235034e-01
1.851065281511867500e-01
1.850396474425202165e-01
1.950396460752380212e-01
2.042545472632179004e-01
2.097347328458951388e-01
2.109714695414549035e-01
2.091861067411360520e-01
2.058995094885508748e-01
2.020116083496720227e-01
1.981972566228562826e-01
1.953512729402954451e-01
1.941611772400352320e-01
1.946167928370437783e-01
1.963269962002177627e-01
1.987415024521102247e-01
2.012379018674623765e-01
2.032944358077987956e-01
2.046062973601580071e-01
2.050645905580078254e-01
2.046984561543337411e-01
2.036406054615200467e-01
2.021007059564600972e-01
2.003482417510256408e-01
1.987225950311951039e-01
1.975783886019161772e-01
1.971629886708972657e-01
1.975152898327856010e-01
1.984742105033895643e-01
1.997492201596223760e-01
2.010105401061210162e-01
2.019869417306447978e-01
2.025117396846044249e-01
2.025321722593099449e-01
2.020844645722019162e-01
2.012873779559862242e-01
2.003231391462599320e-01
1.994156171438072611e-01
1.987844176159112852e-01
1.985727941135597696e-01
1.988054269593097778e-01
1.993806792135738859e-01
2.001148652859876254e-01
2.008049834687049284e-01
2.012857550800893625e-01
2.014596020588374781e-01
2.013113752415894020e-01
2.009029612553666355e-01
2.003517872766752417e-01
1.998123185011198288e-01
1.994288599540333384e-01
1.992953160756465447e-01
1.994339793767753999e-01
2.094339692938747555e-01
2.042210834915433038e-01
1.983823066312527250e-01
1.962503990325074887e-01
1.977756600217279725e-01
2.009003915079697056e-01
2.038805145639094596e-01
2.054748067229916486e-01
2.053560037554803819e-01
2.038977029019810594e-01
2.017482460267739919e-01
1.997108858372084184e-01
1.985963117724033056e-01
1.987633842933873574e-01
1.999758113285522720e-01
2.016294048860818866e-01
2.030638959828515167e-01
2.038122268871856435e-01
2.036830392228975439e-01
2.028173627188656347e-01
2.015511725099924933e-01
2.003717547453827130e-01
1.997320920736760930e-01
1.998441237274650173e-01
2.005948152334197376e-01
2.016232485352334736e-01
2.024956245692124124e-01
2.028927442854439323e-01
2.027113141251822015e-01
2.020672126581136152e-01
2.012454089876865859e-01
2.005828888636931040e-01
2.003449167011369658e-01
2.006078858344024773e-01
2.012070876470060388e-01
2.018583120168394862e-01
2.022782240904356099e-01
2.023102675887560320e-01
2.019702623887887349e-01
2.014370733605071739e-01
2.009649361985298699e-01
2.007539675464723727e-01
2.008940543931269918e-01
2.012777509260474662e-01
2.017171578845486923e-01
2.019912656491062164e-01
2.019952592516078838e-01
2.017461913546295948e-01
2.013735091408255795e-01
2.010699511211727075e-01
1.910699733821857316e-01
1.977006332640544872e-01
2.045131353439583188e-01
2.071250977396549842e-01
2.059765285056412154e-01
2.028945985113002337e-01
1.992203092359826344e-01
1.963601637324124405e-01
1.954081247110621422e-01
1.962985346721023983e-01
1.983926942330452026e-01
2.008526219861304085e-01
2.028307123157845338e-01
2.037785508814416169e-01
2.035565261271242432e-01
2.023768901845340029e-01
2.006475412321682139e-01
1.989134536155431343e-01
1.977423635742091290e-01
1.974913746592290298e-01
1.981436279337938366e-01
1.993954657952570209e-01
2.007757563300741899e-01
2.018225156500474127e-01
2.022383377314575237e-01
2.019590044857772770e-01
2.011309501977125991e-01
2.000473929593867550e-01
1.990872176570803731e-01
1.985831296898229181e-01
1.986820822030063993e-01
1.992937996972085901e-01
2.001513187210712530e-01
2.009239922552290003e-01
2.013461780125034017e-01
2.012991910765622172e-01
2.008375570063551940e-01
2.001522681917926871e-01
1.995198811514436454e-01
1.991786072590158718e-01
1.992370929528523293e-01
1.996408945366278942e-01
2.001991510926091900e-01
2.006782484056539584e-01
2.008981401966730695e-01
2.007944472938896774e-01
2.004349960076080295e-01
1.999845998278740045e-01
1.996345931358233239e-01
1.995218856830369980e-01
2.095218549924812712e-01
2.035658392060210320e-01
1.968773539465405731e-01
1.941117561356036081e-01
1.939801476754162424e-01
1.956823634897350561e-01
1.988441790949113108e-01
2.025457563766570046e-01
2.049450222249552533e-01
2.050968531142233209e-01
2.034708002114809511e-01
2.009671784762557256e-01
1.986879150559668628e-01
1.974723615881067429e-01
1.975123312697215916e-01
1.986315020723255220e-01
2.004296332849285489e-01
2.022480658941218368e-01
2.033457167037837354e-01
2.033464826899336053e-01
2.023740011255637794e-01
2.009030978947353441e-01
1.995644260520102187e-01
1.988626615268941078e-01
1.989738428775874590e-01
1.997861478514510458e-01
2.009589405125347117e-01
2.020068625208184254e-01
2.024928119059293818e-01
2.022559742102946478e-01
2.014628371345700830e-01
2.005019900799692723e-01
1.997963848872469639e-01
1.996150132380119790e-01
1.999835534814083937e-01
2.007130858479659608e-01
2.014599282926430035e-01
2.018870453624616035e-01
2.018181818099885894e-01
2.013273318039494331e-01
2.006795490237825996e-01
2.001963717895107464e-01
2.000833024341558408e-01
2.003654003120573790e-01
2.008787403681598915e-01
2.013572545109779122e-01
2.015681873009081970e-01
2.014217887867542078e-01
2.010299641787921532e-01
2.006080555797211951e-01
2.106080169708390015e-01
2.086311112697519232e-01
2.035146175603814167e-01
1.991130326023190511e-01
1.992279761441896058e-01
2.018869661650491143e-01
2.050525607268193218e-01
2.068828506143144952e-01
2.069076283046025755e-01
2.054453485257681788e-01
2.032137997651367600e-01
2.012497863489995098e-01
2.005553500672454248e-01
2.012767509406460931e-01
2.028923460873169327e-01
2.045478052946791414e-01
2.055010915806963767e-01
2.054519858041866653e-01
2.045350909527708094e-01
2.031722218193828533e-01
2.019929231101450229e-01
2.015720326631468273e-01
2.020276903016474113e-01
2.030556148064469324e-01
2.041255824452753720e-01
2.047106341629513493e-01
2.045887116935195260e-01
2.038979638516960902e-01
2.029903700052914650e-01
2.023239162228096522e-01
2.022283668711531701e-01
2.027093222960458241e-01
2.034360804968995406e-01
2.040298438033329720e-01
2.042209073508545469e-01
2.039367647982628373e-01
2.033586755482409136e-01
2.028103571938591754e-01
2.025811995629711038e-01
2.027833802317442202e-01
2.032640608053121190e-01
2.037221761403485987e-01
2.039036090951359959e-01
2.037553549002458220e-01
2.033665150947358558e-01
2.029870515368123740e-01
2.028177188929884134e-01
2.029556135135746342e-01
2.033005164816416577e-01
2.036167773982710816e-01
1.936168287113241293e-01
1.996525623095413426e-01
2.054641809679944586e-01
2.084632148082236902e-01
2.091259689412880429e-01
2.080428386438415433e-01
2.057202552066103862e-01
2.025831619531739958e-01
1.993377947961082475e-01
1.973904742464940576e-01
1.975855479383602231e-01
1.993665910810349939e-01
2.017137061479674642e-01
2.036917495813103385e-01
2.048162994813166604e-01
2.049863352572415809e-01
2.042800384467105546e-01
2.029013819298761123e-01
2.011819807708098706e-01
1.996577429231848055e-01
1.989183036752713296e-01
1.992163836534172894e-01
2.003014182400290610e-01
2.016491868397201070e-01
2.027479651450335429e-01
2.032988352973908452e-01
2.032068626603815154e-01
2.025381225243639560e-01
2.015317203128517143e-01
2.005206624808045790e-01
1.999000632734122540e-01
1.999191997496917450e-01
2.004940895913608079e-01
2.013308342429205866e-01
2.020682321393259540e-01
2.024396703146331411e-01
2.023756895735654149e-01
2.019247846543171798e-01
2.012658451745926724e-01
2.006613365946320893e-01
2.003720596724612724e-01
2.004999824068568470e-01
2.009571857073269852e-01
2.015060668867707516e-01
2.019100249143802595e-01
2.020268405501900455e-01
2.018276806460763406e-01
2.014127416638291090e-01
2.009512290756951258e-01
2.006817405325748982e-01
1.906817531626925077e-01
1.827581638942518683e-01
1.797434015163324184e-01
1.804508250876342701e-01
1.832803049605647439e-01
1.870924822806824539e-01
1.907605943072974986e-01
1.933324028434576236e-01
1.943605960551792466e-01
1.938900369038149829e-01
1.922832322759573664e-01
1.900132676930761377e-01
1.875828519075392053e-01
1.855615077592296103e-01
1.844220999666363048e-01
1.843376649890155206e-01
1.852040561759288329e-01
1.867248677229125797e-01
1.884751376246754651e-01
1.900202309231669440e-01
1.910289762512426548e-01
1.913385392729254897e-01
1.909489246337522927e-01
1.900087124289062401e-01
1.887537956959870200e-01
1.875034405208724497e-01
1.865628333857810017e-01
1.861545870077860598e-01
1.863416290716561063e-01
1.870264844259412196e-01
1.879788139072589292e-01
1.889300660482397531e-01
1.896283175858928804e-01
1.899193516599980147e-01
1.897664368453835515e-01
1.892458862078862658e-01
1.885149688151557257e-01
1.877817140653741945e-01
1.872542485497382392e-01
1.870714396440938398e-01
1.872666635076283281e-01
1.877444694186753693e-01
1.883396684173095359e-01
1.888599661873969215e-01
1.891670258485809164e-01
1.891958362652755576e-01
1.889551851886388800e-01
1.885353945423053901e-01
1.880775425834407544e-01
1.877271613737544476e-01
1.977271576807209941e-01
2.066245107252571711e-01
2.104355767152326362e-01
2.095910595072970617e-01
2.064537066572016133e-01
2.024563902398177628e-01
1.986457063496055997e-01
1.961402287737087358e-01
1.955198210805780545e-01
1.965493644551937202e-01
1.986903019052568276e-01
2.012681770954256044e-01
2.036032741419850078e-01
2.051953753749822806e-01
2.057893963690218264e-01
2.053875564446512592e-01
2.041879482189497552e-01
2.024985956216135974e-01
2.006967842583600448e-01
1.992056071806931339e-01
1.983847587875074425e-01
1.983962472587474379e-01
1.991567416949222569e-01
2.003923296498665574e-01
2.017367099914006146e-01
2.028565406584734165e-01
2.035104535281397342e-01
2.035865940620669723e-01
2.031243314918567133e-01
2.022748209624445070e-01
2.012615205260264717e-01
2.003470771255864702e-01
1.997750887769390027e-01
1.996821052789764239e-01
2.000568909141918761e-01
2.007462057158071189e-01
2.015278138292891097e-01
2.021737063626217190e-01
2.025265482412640927e-01
2.025173923666890030e-01
2.021738348498303417e-01
2.016150840137614086e-01
2.010202464868240668e-01
2.005653012119580914e-01
2.003767448560262177e-01
2.004949367358316581e-01
2.008580021219719958e-01
2.013257967091273970e-01
2.017469723546649052e-01
2.019872026655584463e-01
1.919872174477366689e-01
1.981604859092509496e-01
2.044555219423972170e-01
2.071974967412054391e-01
2.064722491569618013e-01
2.037723987303296236e-01
2.002969008378935600e-01
1.972554338785526828e-01
1.959423338710809814e-01
1.965698439314836343e-01
1.985124198142154128e-01
2.009010807591825876e-01
2.028834212832649198e-01
2.039211133530568765e-01
2.038647693394366467e-01
2.028560258630843216e-01
2.012501097151647989e-01
1.995204187953767139e-01
1.982344647258052206e-01
1.978228126730100234e-01
1.983485798212279716e-01
1.995191647217328668e-01
2.008676921477949295e-01
2.019360986322370766e-01
2.024232615215919850e-01
2.022423383153603427e-01
2.015067024102700777e-01
2.004687669799069816e-01
1.994856223677083096e-01
1.989092513818317698e-01
1.989257611520914293e-01
1.994817542540813782e-01
2.003093965710964208e-01
2.010810740771832028e-01
2.015305246985747978e-01
2.015338538770139465e-01
2.011321242274562437e-01
2.004892199362927618e-01
1.998605097643332551e-01
1.994858287215078296e-01
1.994991775842437365e-01
1.998630759556657976e-01
2.003984680025639176e-01
2.008771417862163511e-01
2.011130069746721039e-01
2.010358600180112421e-01
2.006988130989188490e-01
2.002599388699977112e-01
1.999024801535231322e-01
1.997764384903992219e-01
1.897764778919607820e-01
1.798150507568523349e-01
1.777563777120145516e-01
1.805670626496844733e-01
1.846848431363697640e-01
1.878532065885267499e-01
1.888093584380524659e-01
1.878472390694710392e-01
1.855923698419125467e-01
1.829395943869659147e-01
1.809986520884806493e-01
1.804897281030410916e-01
1.813773603931465028e-01
1.831390590636033655e-01
1.850594921048292762e-01
1.863802759769236650e-01
1.866956824864842157e-01
1.860155114817090005e-01
1.846620669706968421e-01
1.831728258282060984e-01
1.821375645551319422e-01
1.819117030004435975e-01
1.824994143884420550e-01
1.836016053852797258e-01
1.847559265241591475e-01
1.855025040159555549e-01
1.855837087209337988e-01
1.850289562675409838e-01
1.841068585296743720e-01
1.832162994509003440e-01
1.827176879378032970e-01
1.827868681117179872e-01
1.833464671607940577e-01
1.841316733454006760e-01
1.847768040636314779e-01
1.850216913913779737e-01
1.847882942211114821e-01
1.842214356973160827e-01
1.836006552600221442e-01
1.832119914406332706e-01
1.832175142275199176e-01
1.835762657710402479e-01
1.840967865543088056e-01
1.845225232759688805e-01
1.846402980014574535e-01
1.844257505025583554e-01
1.840097576902498255e-01
1.836173703218070274e-01
1.834476433946815588e-01
1.835593910175325749e-01
1.935593899604723389e-01
2.030311039136194207e-01
2.095611427390360049e-01
2.120025226083308012e-01
2.109011026739824324e-01
2.079305716445211116e-01
2.041865785111479648e-01
2.003331161775975533e-01
1.970130601161670936e-01
1.949381155361079032e-01
1.944026550020901689e-01
1.952515161195377269e-01
1.971143742649780484e-01
1.995086617622657266e-01
2.019144086017691520e-01
2.039148927909383291e-01
2.052548605070060872e-01
2.058166653901410681e-01
2.056008596416314949e-01
2.047148439825120791e-01
2.033376568202138190e-01
2.016947766211794335e-01
2.000519747104634594e-01
1.987019869491289115e-01
1.979011198801497173e-01
1.977796773546987574e-01
1.983043873168958415e-01
1.993024968534838626e-01
2.005177330398796864e-01
2.016861261075358625e-01
2.025927508968170809e-01
2.031040232476733765e-01
2.031685218328862508e-01
2.028133604764643660e-01
2.021304584558273609e-01
2.012618282943901549e-01
2.003840930955878841e-01
1.996794211155541454e-01
1.992924923886863764e-01
1.992897807863926452e-01
1.996401511351589830e-01
2.002290868620749675e-01
2.008984886673487735e-01
2.014929474760922545e-01
2.018903379324043512e-01
2.020260800791737477e-01
2.018954835596174779e-01
2.015465713337055154e-01
2.010693882398448817e-01
2.005801700863073800e-01
1.905802822806383912e-01
1.805687292956429657e-01
1.812749664178530118e-01
1.848260699560182740e-01
1.860494462157115669e-01
1.846477040944929093e-01
1.823212407664768497e-01
1.814300879199053917e-01
1.825044366390874973e-01
1.842543381845017092e-01
1.851649520333690235e-01
1.846346722312527389e-01
1.832608570160151606e-01
1.821715428636391521e-01
1.822230038793814511e-01
1.832434859107021086e-01
1.843676227142729829e-01
1.846807432052427200e-01
1.840359370839654007e-01
1.830011644432303630e-01
1.824091400678392594e-01
1.827042967560600639e-01
1.835646940079130041e-01
1.842483275476735904e-01
1.842521403661452895e-01
1.836201354911859984e-01
1.829070903385057734e-01
1.827281623237917707e-01
1.831477097409608124e-01
1.837628597177740353e-01
1.840764543848910362e-01
1.838529305954244297e-01
1.833085606447840965e-01
1.829534514525486544e-01
1.830854692377970050e-01
1.835197717927664618e-01
1.838632842438281123e-01
1.837703861081088907e-01
1.833724509035559724e-01
1.830673628032410682e-01
1.831714646160081672e-01
1.835553117546537549e-01
1.837988096015794326e-01
1.836881080998616356e-01
1.833648770909029058e-01
1.831550082064501705e-01
1.832621959148984236e-01
1.835419329981712311e-01
1.837104164019060515e-01
1.835840527042671977e-01
1.935840505411507984e-01
2.033498910300586549e-01
2.095974036959450670e-01
2.113453870347249131e-01
2.099194304823300272e-01
2.067368497836523100e-01
2.027458089104429428e-01
1.987631947540407507e-01
1.958491195174394128e-01
1.946993491580985003e-01
1.952250829320505143e-01
1.970268986039535319e-01
1.995575797111169558e-01
2.021468442106096608e-01
2.042033465943823289e-01
2.053886700096316520e-01
2.055975273468344522e-01
2.049089093261309003e-01
2.035221775350750384e-01
2.017293579061973652e-01
1.999049176434645747e-01
1.984705047267739386e-01
1.977647404933413344e-01
1.979016881669146133e-01
1.987628840539281683e-01
2.000658748109829799e-01
2.014433756319111146e-01
2.025569061890068467e-01
2.031822220784411936e-01
2.032337178118374110e-01
2.027485402751756094e-01
2.018732055620189036e-01
2.008278173061536498e-01
1.998812289851026602e-01
1.992792275240655997e-01
1.991621523576963815e-01
1.995221677393997362e-01
2.002168077967893534e-01
2.010215052930840740e-01
2.017065463989751173e-01
2.021013795462583418e-01
2.021307135913339992e-01
2.018181331081199958e-01
2.012708916991819141e-01
2.006537507011566801e-01
2.001486993174064755e-01
1.998975781832564858e-01
1.999572252104888370e-01
2.002833651983703389e-01
2.007513827833821707e-01
1.907513929477328563e-01
1.836255336710612418e-01
1.841951369529739591e-01
1.876201674872537695e-01
1.910245532377268518e-01
1.937862031225513482e-01
1.964269296815165378e-01
1.987423155318422396e-01
1.995206440804344894e-01
1.984995046134826469e-01
1.966547627443398782e-01
1.949203952258569406e-01
1.935835874004761259e-01
1.925618689400742933e-01
1.916716537484443872e-01
1.907909117958118128e-01
1.898325590847564637e-01
1.888292832111037878e-01
1.879504253020266857e-01
1.874543450505065378e-01
1.875139121780382001e-01
1.880513593775432757e-01
1.888110949679360495e-01
1.895418036983116117e-01
1.900946365731867038e-01
1.904352462171720883e-01
1.905710341028189203e-01
1.905196559708459136e-01
1.902951433896618305e-01
1.899054370792784552e-01
1.893780513630302642e-01
1.887959531969994609e-01
1.883029850155766294e-01
1.880620156214916905e-01
1.881538306358678525e-01
1.885197461609239289e-01
1.889859419976249733e-01
1.894116727885130913e-01
1.896997489121541036e-01
1.898086119702057928e-01
1.897405550750767833e-01
1.895195162694406354e-01
1.891845186039670945e-01
1.888148850371177412e-01
1.885245277751952664e-01
1.884237851481185555e-01
1.885236783415804029e-01
1.887614446947321056e-01
1.890442548651678489e-01
1.892758555493397332e-01
1.792759008179530822e-01
1.821517465278451320e-01
1.872430703688846565e-01
1.902213993521190971e-01
1.898955513240475346e-01
1.875162644788730126e-01
1.845547466943015802e-01
1.827080165258415101e-01
1.827107966201810263e-01
1.841730460868219177e-01
1.862841901953579959e-01
1.879995267573573992e-01
1.885459377135146053e-01
1.878738104698894351e-01
1.863905002193550764e-01
1.848287114001317955e-01
1.839189966951013944e-01
1.840000246524169658e-01
1.849291583675459760e-01
1.862247304075342058e-01
1.872540246376241946e-01
1.875608333254050186e-01
1.870705840920046659e-01
1.860758733098351880e-01
1.850938327408242212e-01
1.845935458710028232e-01
1.847763207207839542e-01
1.854941982413822188e-01
1.863509088743421083e-01
1.869156157557167741e-01
1.869161687708481012e-01
1.863937576038529886e-01
1.856737446935277092e-01
1.851495181291298309e-01
1.850780448364179043e-01
1.854459555398931814e-01
1.860292802481421925e-01
1.864919861135596879e-01
1.865945489551756875e-01
1.863006901429906381e-01
1.858263328053264274e-01
1.854399230505384966e-01
1.853657804926361619e-01
1.856070288130607648e-01
1.860118352107338335e-01
1.863257483229783795e-01
1.863456651823778842e-01
1.861056572695642952e-01
1.857728122931553150e-01
1.855550607607620306e-01
1.955549423639659223e-01
2.054948729327183976e-01
2.015131880172799095e-01
1.961629396329604147e-01
1.924625683172551671e-01
1.898238308366054783e-01
1.875366851447558825e-01
1.858085962996889051e-01
1.851039807582259833e-01
1.855435450704512323e-01
1.868040229531108543e-01
1.883872516506969741e-01
1.899176834237547851e-01
1.913465861341658303e-01
1.928834436294704913e-01
1.948053220624686444e-01
1.972639790478186439e-01
1.998222196894119673e-01
2.011558261911289558e-01
2.006983864719590616e-01
1.989443261715977407e-01
1.969344192868165144e-01
1.955321924922416577e-01
1.949809211824183319e-01
1.952274994833234911e-01
1.961749673282209838e-01
1.976576682707306687e-01
1.992697547115267753e-01
2.001012940581885224e-01
1.998043810276663168e-01
1.986805333184974154e-01
1.973360117080077969e-01
1.964462943261706118e-01
1.962188387701817582e-01
1.966420202026316066e-01
1.975068639266941706e-01
1.985187301354779388e-01
1.992587725718305003e-01
1.993439443454481930e-01
1.987255987894248899e-01
1.978660371245075378e-01
1.971635039497786623e-01
1.969335504405424209e-01
1.972023186286690211e-01
1.978470927059912121e-01
1.985270604604208733e-01
1.989744810109289608e-01
1.989590899564647741e-01
1.985532012909847766e-01
1.979981007415970440e-01
2.079980722325052156e-01
2.010321392402561469e-01
1.943440428697132960e-01
1.909851885900015755e-01
1.906837052207608074e-01
1.925053318325820884e-01
1.956152475773998145e-01
1.992471087547404984e-01
2.022866940282352366e-01
2.036926960794452623e-01
2.032660462603282925e-01
2.014954289738679349e-01
1.990885186679219876e-01
1.968066880098661986e-01
1.952729233651794849e-01
1.947570486952447111e-01
1.952354845577516651e-01
1.965104100679143095e-01
1.982396551638469506e-01
1.999468126081877795e-01
2.011326782182166484e-01
2.014773680479197970e-01
2.009559143160971340e-01
1.998118823266804012e-01
1.984450265843329952e-01
1.972805659188403837e-01
1.966352204402546933e-01
1.966336633786981425e-01
1.972198017743514720e-01
1.981888501739160202e-01
1.992340226886660237e-01
2.000213050909145085e-01
2.003136868606526233e-01
2.000547122442768999e-01
1.993783983125277937e-01
1.985445295676303845e-01
1.978432507385874117e-01
1.974897102432489893e-01
1.975673221495540532e-01
1.980146089964453793e-01
1.986587291478746908e-01
1.992651660406205283e-01
1.996218670112534788e-01
1.996205357581523343e-01
1.992915491670436134e-01
1.987845119002411010e-01
1.982989971014850195e-01
1.980111500234782440e-01
1.980066546061901578e-01
1.982647143637881748e-01
2.082644848917072355e-01
2.010197607967534050e-01
1.939030159275460519e-01
1.891948861195375808e-01
1.853753751271511596e-01
1.825335640010606053e-01
1.812310035765722083e-01
1.814890747185766984e-01
1.829582024827126063e-01
1.851301889818172119e-01
1.874775591713518375e-01
1.896912601010447286e-01
1.918484629701840138e-01
1.942725928375225175e-01
1.972062661383184590e-01
2.003018260565652409e-01
2.023077358005284931e-01
2.023342284323798035e-01
2.007433815920220133e-01
1.984196776547746954e-01
1.963482561760354628e-01
1.950553922008253505e-01
1.946054484926141581e-01
1.949186832076219567e-01
1.959127828126742965e-01
1.974694360131145909e-01
1.992371471283361783e-01
2.005760340156877986e-01
2.009213084685260720e-01
2.002114346772171372e-01
1.988765170191103548e-01
1.975358027042350972e-01
1.966550518917552226e-01
1.964276077434198575e-01
1.968263043832956527e-01
1.977164686795420956e-01
1.988141233116888507e-01
1.997057490783127331e-01
2.000092561506293110e-01
1.996378122742129557e-01
1.988204606294003696e-01
1.979611934501100678e-01
1.973992805130847239e-01
1.973095244119550673e-01
1.976782051813344154e-01
1.983493041612721663e-01
1.990369126196751548e-01
1.994386473049922504e-01
1.993939175493574523e-01
1.989596984424319703e-01
2.089595182441849053e-01
2.016263121027384031e-01
1.945164509072454806e-01
1.902208151757405763e-01
1.876787225593790909e-01
1.865378382219134157e-01
1.866413498938022664e-01
1.877503771233865193e-01
1.896008092425800484e-01
1.920421239467119678e-01
1.951098696647430852e-01
1.987571864842683500e-01
2.021789868679836066e-01
2.039289918364956267e-01
2.035357810336370643e-01
2.015854505446148803e-01
1.989795477138273649e-01
1.966610471095389112e-01
1.951941774085734216e-01
1.946781145097093713e-01
1.950461317838766417e-01
1.961880816546368311e-01
1.979149780728534647e-01
1.998378042688999101e-01
2.013449476554503570e-01
2.019034593535548316e-01
2.014005376791353497e-01
2.001315028019541864e-01
1.986284010831931846e-01
1.974184071348362435e-01
1.968108300625286688e-01
1.968843554829389220e-01
1.975671319260939585e-01
1.986514854433652499e-01
1.997957743495699656e-01
2.005958540693136838e-01
2.007691061055391635e-01
2.002982993869590056e-01
1.994284186876156828e-01
1.985278468720449163e-01
1.979175526263264595e-01
1.977689467460669592e-01
1.980851907942511592e-01
1.987273122365985911e-01
1.994585536729332476e-01
1.999988815929485686e-01
2.001355901723815001e-01
1.998395328130776472e-01
1.992787115574934931e-01
1.987064481405270699e-01
2.087062714045259115e-01
2.013893754893008037e-01
1.944767033141374668e-01
1.892349573723981215e-01
1.839537106612671724e-01
1.791997371095676861e-01
1.756451505336771579e-01
1.736149348932383152e-01
1.733135681154064911e-01
1.744786513611917556e-01
1.766082756911338814e-01
1.792435665103814524e-01
1.820705575968611101e-01
1.847710723325880489e-01
1.869013534048778180e-01
1.881774217619315015e-01
1.886056350322712072e-01
1.882668787403430355e-01
1.872394738175495732e-01
1.856434063186988004e-01
1.837337313788511839e-01
1.818758794661319289e-01
1.803656446092167798e-01
1.793670120647231081e-01
1.789293966274177472e-01
1.790500334021704054e-01
1.796641483008907803e-01
1.806762502634831347e-01
1.819429303413064303e-01
1.832834153063318539e-01
1.844568260372555502e-01
1.852416914087863520e-01
1.855163245160849073e-01
1.852612013676414315e-01
1.845725523215361874e-01
1.836287942115601146e-01
1.826481599072287132e-01
1.818285008933284985e-01
1.812999682433523441e-01
1.811251868431603129e-01
1.812959906213397199e-01
1.817546983327938959e-01
1.824113015490733680e-01
1.831303143835776581e-01
1.837686796833101766e-01
1.841835012265644611e-01
1.843034136238727305e-01
1.841218248602961294e-01
1.837042293682330241e-01
1.831684317268145179e-01
1.931684306669426976e-01
2.026447430999061550e-01
2.092454843812896204e-01
2.118823055069145311e-01
2.109577619867302190e-01
2.080971811622186751e-01
2.044055052610675438e-01
2.005441111301001500e-01
1.971279607643367515e-01
1.948735831246868611e-01
1.941392648652048580e-01
1.948160533765206093e-01
1.965602187560028247e-01
1.989074348643792289e-01
2.013399352184486735e-01
2.034210752551796619e-01
2.048768836994731279e-01
2.055734126528896422e-01
2.054927304385320286e-01
2.047234711189433731e-01
2.034289705596731557e-01
2.018235667286676083e-01
2.001592199553085538e-01
1.987247106228090532e-01
1.977907343339640467e-01
1.975193820374497589e-01
1.979119294715305788e-01
1.988230046074673518e-01
2.000106448614304977e-01
2.012077882549856145e-01
2.021856930759240722e-01
2.027933408857429121e-01
2.029621810833976969e-01
2.027012573556286334e-01
2.020878764786903370e-01
2.012531318554245108e-01
2.003642630484716303e-01
1.996045355329177373e-01
1.991312126131145055e-01
1.990315009145114666e-01
1.992976436527219009e-01
1.998359025285258439e-01
2.004975146265409458e-01
2.011217637592192520e-01
2.015772799472724253e-01
2.017845174764593685e-01
2.017217514049538807e-01
2.014228989641256573e-01
2.009701397751621488e-01
2.004747224581016063e-01
