2.000000000000000000e+00
1.989999999999999991e+00
1.980016741516901435e+00
1.970054989588799543e+00
1.960127163077393764e+00
1.950242002717272438e+00
1.940405459062695126e+00
1.930623700035669188e+00
1.920897799892075319e+00
1.911231432789867624e+00
1.901622406120137443e+00
1.892066881145750612e+00
1.882562351240362419e+00
1.873104289482851792e+00
1.863682585883322806e+00
1.854281115542133707e+00
1.844886836845252009e+00
1.835482027235188829e+00
1.826047459867207401e+00
1.816561580202566084e+00
1.807000065865178362e+00
1.797340693578579174e+00
1.787553735278722966e+00
1.777616496415605596e+00
1.767497083831640614e+00
1.757163547862237607e+00
1.746588863832346794e+00
1.735752085335429573e+00
1.724628650267018948e+00
1.713202035693523584e+00
1.701459917843481717e+00
1.689397250406746487e+00
1.677016683620865534e+00
1.664326083892022634e+00
1.651338197844093969e+00
1.638070399418842360e+00
1.624542296433463484e+00
1.610774226152920097e+00
1.596785730493644584e+00
1.582594191386987648e+00
1.568214735706424889e+00
1.553659592548515267e+00
1.538937600669534111e+00
1.524055431171598585e+00
1.509017545252402615e+00
1.493825782946007319e+00
1.478480811685176644e+00
1.462981843862670939e+00
1.447326884738215469e+00
1.431513101513463448e+00
1.415537579802398804e+00
1.425537579802398813e+00
1.421427191672719248e+00
1.414802459141074165e+00
1.416743086931276929e+00
1.418317249393980850e+00
1.421757727002665339e+00
1.424885352855254972e+00
1.427690633698089462e+00
1.429498549391822859e+00
1.431909197821460200e+00
1.433551531664912115e+00
1.436340649387235047e+00
1.440024667461659469e+00
1.440775062549069840e+00
1.443249623119301051e+00
1.444685699488884811e+00
1.444568214501075865e+00
1.444073354506519191e+00
1.443122634925456227e+00
1.442395830809492629e+00
1.442851382924153603e+00
1.444252052971389810e+00
1.444630502876517397e+00
1.444766586619971704e+00
1.442598847733790990e+00
1.439061079429491130e+00
1.435858558599279133e+00
1.434593886488325198e+00
1.433270046760122263e+00
1.432906620032468492e+00
1.430983245973194151e+00
1.429819074224679021e+00
1.426471133307156691e+00
1.423478058307711347e+00
1.420129362142222185e+00
1.415614438624840377e+00
1.411361283822242241e+00
1.406514467124840184e+00
1.402034414938868601e+00
1.396581038619086446e+00
1.392240743684325599e+00
1.389317630322462582e+00
1.386266647178117539e+00
1.383323202266382168e+00
1.380436044165702203e+00
1.378595398726304433e+00
1.376924787983074605e+00
1.375412602202895851e+00
1.372152574837992800e+00
1.369302460398412524e+00
1.359302460398412515e+00
1.349361533219850084e+00
1.339581832731433719e+00
1.330257635034941321e+00
1.320833466986406801e+00
1.312467230818563424e+00
1.305497455272800034e+00
1.298399284543798160e+00
1.292131518221379727e+00
1.285893189471169817e+00
1.280010303923035275e+00
1.273438630096696889e+00
1.267129608034828658e+00
1.262632111986531136e+00
1.258622588005436693e+00
1.255760238125873229e+00
1.252521710671381960e+00
1.250491842633092210e+00
1.248528672260032168e+00
1.246668882930434430e+00
1.244421760660628484e+00
1.242473446515991675e+00
1.241333947132794879e+00
1.242247239752286792e+00
1.244575811287557121e+00
1.245544281184763902e+00
1.246990327026581191e+00
1.247290168857762005e+00
1.248298387107557472e+00
1.250373154737777881e+00
1.251758860672503415e+00
1.253791679373177370e+00
1.255491197630980160e+00
1.257099758192967265e+00
1.259532679561727653e+00
1.262106834845454273e+00
1.266321772708729698e+00
1.270614528657636910e+00
1.274640925681394199e+00
1.278081544107722678e+00
1.282620190807038707e+00
1.287490004768352181e+00
1.291860962850843730e+00
1.296327061213873089e+00
1.301084384292574114e+00
1.304220474309605304e+00
1.307767730280342988e+00
1.310290298444563239e+00
1.312644114745226132e+00
1.314174759369652445e+00
1.324174759369652454e+00
1.325130372006258828e+00
1.326935324873445232e+00
1.331261521392580027e+00
1.336013691321674912e+00
1.340748462813226460e+00
1.345527275139867251e+00
1.350414538113854146e+00
1.356479654403748292e+00
1.360987823703505351e+00
1.364833714568931100e+00
1.368522755886655284e+00
1.373306994449140950e+00
1.378917337989907566e+00
1.385660473271830950e+00
1.393045447466400244e+00
1.401014125810627453e+00
1.409505644147309056e+00
1.418597688463080875e+00
1.427519808226098919e+00
1.436616052019154210e+00
1.445616927051335932e+00
1.454825828628520057e+00
1.464239692457004693e+00
1.473673380131925947e+00
1.483496101680884971e+00
1.493385612801406248e+00
1.503556935866610988e+00
1.513782472601624018e+00
1.524083883868415645e+00
1.534446294425848789e+00
1.545022138658819433e+00
1.555610319916351569e+00
1.566239790540642218e+00
1.576904156655873024e+00
1.587218121605812993e+00
1.597620903480916121e+00
1.607985834317642304e+00
1.618576274238809232e+00
1.629188886072734599e+00
1.639627771005500279e+00
1.649925702183346443e+00
1.660146322746636427e+00
1.670025081240696929e+00
1.679953319338850282e+00
1.690261427448686460e+00
1.700182204226636573e+00
1.709883770787655299e+00
1.719350132991778191e+00
1.728708601705718495e+00
1.718708601705718486e+00
1.709058516472742761e+00
1.701153058419507369e+00
1.692453560225330778e+00
1.683333657573316211e+00
1.673927658418383979e+00
1.664559344680720976e+00
1.655059590576619888e+00
1.645425961059097775e+00
1.635957387890400128e+00
1.626750033662059058e+00
1.617560302842808051e+00
1.608058925609527456e+00
1.598264634667381667e+00
1.588810133777879052e+00
1.579076489766906288e+00
1.569097139964508614e+00
1.558771357403088587e+00
1.548697879811242739e+00
1.538253716744898858e+00
1.527911384796459604e+00
1.517383791551994321e+00
1.507154104890898516e+00
1.496809032167282227e+00
1.486270961271502378e+00
1.476167388744111797e+00
1.466183708108099726e+00
1.457094285147371160e+00
1.448394269082064589e+00
1.441744757798900212e+00
1.434394668824775287e+00
1.426179226077012752e+00
1.419494050224534787e+00
1.413053768215575712e+00
1.406395320403223570e+00
1.400426792098599549e+00
1.395198982075186889e+00
1.390227847500610237e+00
1.385301679155447774e+00
1.380616912163869614e+00
1.375219211230555016e+00
1.369340667584633797e+00
1.364373295517901319e+00
1.359800919684551967e+00
1.354913313712236000e+00
1.350354034582753160e+00
1.346937827091196693e+00
1.344346481184106601e+00
1.341495559332211540e+00
1.337918562973631431e+00
1.327918562973631422e+00
1.317917635023952982e+00
1.307903148597323151e+00
1.298251050193205192e+00
1.288586553615817865e+00
1.279228840962308267e+00
1.269756706631246734e+00
1.260383317862782349e+00
1.250890365364930368e+00
1.241532948907691836e+00
1.232390112259986514e+00
1.223549650470823424e+00
1.214975627459003338e+00
1.206527937286392627e+00
1.198031826029057223e+00
1.189689081573307439e+00
1.181411670870240016e+00
1.173010400950384780e+00
1.164844579246795186e+00
1.156683230138934038e+00
1.148529618329507951e+00
1.140354655823551555e+00
1.131961388920172729e+00
1.123545221523373216e+00
1.114829956302747727e+00
1.106285028207096843e+00
1.097504943004689260e+00
1.088404818296888843e+00
1.079183618222219199e+00
1.069951811540494013e+00
1.060740246048155644e+00
1.051318345156716294e+00
1.041759112549683897e+00
1.032070523047047494e+00
1.022161791822979948e+00
1.012133183979912143e+00
1.001997192874488851e+00
9.918719403979292526e-01
9.816731008279271364e-01
9.714306380338972868e-01
9.612636074457964197e-01
9.510675190168181858e-01
9.408561747599047953e-01
9.306600309803171323e-01
9.204693946511172120e-01
9.100766708111185377e-01
8.995192011637567209e-01
8.890739246399818052e-01
8.785163827531357050e-01
8.680509293151650319e-01
8.580509293151650230e-01
8.480778540227330575e-01
8.382017696320911426e-01
8.283742099059621111e-01
8.186762118224850671e-01
8.093875993656940437e-01
8.006084634806331923e-01
7.923915160947302416e-01
7.850836690835588660e-01
7.785954100326072380e-01
7.730552490176459957e-01
7.682506138925375705e-01
7.642194716780866814e-01
7.608354270550021781e-01
7.582300906466528101e-01
7.562843004683629244e-01
7.548693623877947845e-01
7.540478601587634611e-01
7.537321650088392166e-01
7.539561520380397841e-01
7.546407341574671301e-01
7.556668874393205337e-01
7.570589223973169801e-01
7.588667265397590622e-01
7.609324973415196869e-01
7.631274446331641759e-01
7.654958206642634710e-01
7.679582471845799452e-01
7.705525114996373270e-01
7.732311787206048725e-01
7.759527442739109215e-01
7.786226025201212764e-01
7.814564476793969261e-01
7.841149291723219505e-01
7.864497496450182368e-01
7.886564662579157448e-01
7.905118683273600899e-01
7.922027042554993237e-01
7.934096704901416608e-01
7.942025109922796755e-01
7.945504876305583553e-01
7.947097397730297219e-01
7.944558185894351476e-01
7.939174075552983822e-01
7.929917973403476372e-01
7.920367151803729966e-01
7.907195206676891353e-01
7.893154731176384997e-01
7.879373827478125536e-01
7.866574519020740341e-01
7.766574519020740253e-01
7.666773692324443390e-01
7.566694413748658032e-01
7.466219964686794386e-01
7.365292547649355814e-01
7.264032177674021318e-01
7.162309411128240377e-01
7.060474633391049526e-01
6.959159755226906885e-01
6.857833938513747674e-01
6.756317447711812640e-01
6.654319207187610052e-01
6.551334370905502746e-01
6.446891536645202869e-01
6.340643343837373269e-01
6.232889831949178783e-01
6.125435536350243293e-01
6.022739958949967498e-01
5.931564624387902773e-01
5.858077780899724196e-01
5.804851108423917383e-01
5.771518006158787850e-01
5.756327388285812363e-01
5.757067681098544387e-01
5.771557475667862258e-01
5.797550413970129490e-01
5.832990490390150828e-01
5.875776037349993430e-01
5.923853956178081193e-01
5.974830275255497147e-01
6.025808320211843983e-01
6.073846154690392130e-01
6.115960916805720515e-01
6.149672415172392492e-01
6.173353391665891143e-01
6.186241850651853502e-01
6.188547478449021311e-01
6.181170553419496061e-01
6.165574135019832314e-01
6.143504526901756302e-01
6.117008207872650649e-01
6.088248168889827117e-01
6.059415351371010283e-01
6.032595059140052340e-01
6.009500711723849697e-01
5.991563462898366055e-01
5.979489745618271623e-01
5.973556697925149761e-01
5.973528093422216800e-01
5.978950658046389144e-01
5.878950658046389055e-01
5.779901611486116808e-01
5.682415631390914657e-01
5.586303919256245809e-01
5.491122876410285958e-01
5.395884905497855266e-01
5.299522748030592867e-01
5.201473017439229851e-01
5.101692370494624873e-01
5.000371348400034499e-01
4.898111612721505748e-01
4.798318422940969219e-01
4.709644980172855711e-01
4.641642080182880603e-01
4.597168414162698946e-01
4.574309262198126835e-01
4.569861561652552306e-01
4.580773449077265025e-01
4.604271246653310334e-01
4.638134694363440502e-01
4.679986006036046531e-01
4.727225275341314648e-01
4.776733260173108842e-01
4.824535383687796330e-01
4.866549728877452297e-01
4.899427597255634481e-01
4.921122111716847991e-01
4.930937659944191753e-01
4.929464221740641472e-01
4.917997311164429841e-01
4.898253976212425531e-01
4.872719465879307710e-01
4.843778123765451471e-01
4.814041203963823623e-01
4.786503940363448506e-01
4.763394343610973247e-01
4.746711731813089141e-01
4.737263447473986089e-01
4.735340620270362400e-01
4.740354138829137587e-01
4.751245919712396293e-01
4.766690725074675949e-01
4.784720937494905679e-01
4.803469403152921813e-01
4.820923263996828023e-01
4.835525564410783628e-01
4.845992372895099320e-01
4.851624164983364129e-01
4.852115931949831928e-01
4.847925979353414627e-01
4.747925979353414538e-01
4.654268845627408391e-01
4.570423941360890474e-01
4.498547819614195920e-01
4.437830989497115741e-01
4.389005997035059781e-01
4.352444753369100194e-01
4.326913104488823714e-01
4.311798755976939401e-01
4.305939492304863281e-01
4.308599022328790662e-01
4.318330909006339868e-01
4.334460606270860716e-01
4.354934020600906286e-01
4.379425084793722167e-01
4.406883088782823643e-01
4.435700176808702877e-01
4.464974285210212002e-01
4.493708788796317855e-01
4.520568080880000839e-01
4.544882587426135045e-01
4.565311161600701939e-01
4.580830541414541157e-01
4.591281364518211561e-01
4.596117851091209849e-01
4.595757306657026753e-01
4.590819027672558561e-01
4.581599637345896148e-01
4.569241638120501992e-01
4.555343513326733373e-01
4.540803633780102211e-01
4.526865535664456042e-01
4.513770502704523846e-01
4.501850829046318836e-01
4.491595429630927394e-01
4.484388988904258189e-01
4.479102651035356542e-01
4.476397453159041695e-01
4.476167217927023989e-01
4.477394861297135931e-01
4.480297989174697459e-01
4.484936886379531917e-01
4.490662239410697087e-01
4.497173336060818483e-01
4.505140148595905281e-01
4.511872155223057845e-01
4.518674522758838186e-01
4.525157962486431318e-01
4.530718375415203059e-01
4.534097517727011528e-01
4.434097517727011994e-01
4.333961728509668765e-01
4.234349566571724011e-01
4.138423567289025717e-01
4.052834860749550128e-01
3.989020676795934639e-01
3.949538353731409379e-01
3.932063570391765572e-01
3.932252543209221463e-01
3.946377784782704179e-01
3.972031895297220561e-01
4.006454383915888928e-01
4.046691034062666059e-01
4.089225611176636743e-01
4.130111428076297941e-01
4.165341409198031752e-01
4.191366506261453573e-01
4.206871772594459880e-01
4.210887678226588049e-01
4.203922634511241818e-01
4.188699053993216181e-01
4.167636699094108277e-01
4.142894758931034982e-01
4.116816708454218987e-01
4.093355736521373522e-01
4.073676680171335329e-01
4.060804773909403864e-01
4.053362134402891392e-01
4.052789121185667587e-01
4.058116559502976672e-01
4.068590859585679564e-01
4.082969825035172584e-01
4.099839254858503867e-01
4.116876967581241664e-01
4.131878443637137521e-01
4.142430088685171707e-01
4.148810867727354412e-01
4.150660703906819404e-01
4.148246736731767137e-01
4.142310726673864019e-01
4.133943557924238954e-01
4.123507153762425714e-01
4.113467924196799186e-01
4.105109729744652602e-01
4.098973300903808736e-01
4.096164143940124736e-01
4.095981685280236650e-01
4.098555681278537866e-01
4.102840606581519278e-01
4.108646580180950192e-01
4.008646580180956764e-01
3.997809867764215985e-01
4.026021234605761667e-01
4.067198930802165546e-01
4.095583697834355164e-01
4.090570949081379082e-01
4.071980432746027390e-01
4.051993383732370169e-01
4.035829186062951934e-01
4.032075798323108140e-01
4.038798115191569726e-01
4.055061004939291003e-01
4.073027923096805836e-01
4.084720623404554107e-01
4.083365738204914330e-01
4.073508751160968000e-01
4.057441896812241655e-01
4.042012359108722030e-01
4.037757176244490265e-01
4.042009681411553035e-01
4.051829473923209690e-01
4.063259316183402414e-01
4.076842688631261979e-01
4.083764700682420701e-01
4.080850783087913158e-01
4.065983815011029456e-01
4.049359682948650008e-01
4.044174862618166721e-01
4.045527492903954192e-01
4.052643298718402454e-01
4.063677949582121807e-01
4.073951159035688052e-01
4.076340169120030721e-01
4.073821144054149967e-01
4.063280620454974845e-01
4.057365527819051243e-01
4.052479965330247347e-01
4.050200575187843377e-01
4.055385531017428602e-01
4.061333941509961964e-01
4.070502225386698480e-01
4.074075389073009146e-01
4.068909679890348463e-01
4.058908461386265265e-01
4.052657466457217916e-01
4.052573350923621698e-01
4.052530535386027477e-01
4.054891722600075799e-01
4.059959578453458118e-01
4.067694742710810663e-01
3.967694742710813904e-01
3.880958102129590803e-01
3.809308099750666199e-01
3.751165550848256647e-01
3.703135642683866302e-01
3.663600382630056718e-01
3.631386757230923856e-01
3.605087489722830218e-01
3.583956304161207695e-01
3.566798660698660695e-01
3.553322569341816894e-01
3.542835345793174939e-01
3.535262319837418343e-01
3.530401626491569966e-01
3.528123885858343023e-01
3.528129091580841648e-01
3.529870847014815460e-01
3.533625594759947086e-01
3.538669518644177447e-01
3.545177550139830824e-01
3.552807926726742616e-01
3.562072462872329925e-01
3.572460320313463611e-01
3.584099832205325797e-01
3.596648327240907217e-01
3.610136993116348503e-01
3.624771583897213878e-01
3.640245951703798832e-01
3.656562009235638788e-01
3.673571956280131667e-01
3.691020981553471692e-01
3.709120194646907676e-01
3.727885498174189349e-01
3.746801194466962137e-01
3.765919621275121143e-01
3.784784259463414013e-01
3.802720902513025414e-01
3.819907697260854218e-01
3.835136414415978856e-01
3.847913548208367063e-01
3.857652483242081654e-01
3.863981266832120509e-01
3.866914164250043195e-01
3.866357255218192401e-01
3.862436357053389835e-01
3.855788526218996703e-01
3.847535315781837606e-01
3.837974615729916605e-01
3.828271259856922404e-01
3.818902083399961511e-01
3.718902083400063563e-01
3.656412793754023616e-01
3.628407403533573938e-01
3.625111159702109065e-01
3.635813961492286861e-01
3.658565446512784813e-01
3.691741372847957559e-01
3.729620486335809559e-01
3.762495685489580244e-01
3.782070783474373310e-01
3.784671631100715583e-01
3.771644905981171303e-01
3.748306902497892112e-01
3.724992206927666416e-01
3.708485167204998989e-01
3.699882651983043003e-01
3.698631846991251582e-01
3.704066534063411575e-01
3.715836477283702144e-01
3.731184884610844188e-01
3.747802614724146664e-01
3.761788870183473965e-01
3.770845500174269671e-01
3.769767502909245893e-01
3.761488535817868462e-01
3.744956633874580443e-01
3.725129722947017608e-01
3.708225559685211503e-01
3.698506592480445554e-01
3.697346935223029263e-01
3.704942557046668750e-01
3.719134858100933139e-01
3.736782077164350624e-01
3.754931839966982876e-01
3.765019305641851277e-01
3.768021553697504800e-01
3.762045890580048013e-01
3.746280784094123684e-01
3.729125027573445550e-01
3.712739602504337988e-01
3.703154031706963334e-01
3.701333452162532400e-01
3.705906681951072756e-01
3.715340923393884998e-01
3.730731296860436141e-01
3.744471692408541386e-01
3.751797926508513847e-01
3.755897673764755917e-01
3.753915016397462723e-01
3.745884268367699610e-01
3.645884268367835523e-01
3.564269344363608094e-01
3.497867157979288044e-01
3.442818977504846778e-01
3.395968200735902665e-01
3.355293350155352794e-01
3.319491002206629848e-01
3.287662013358434443e-01
3.259163101650837113e-01
3.233538778537626834e-01
3.210400713996067190e-01
3.189650792702168891e-01
3.170944877598477762e-01
3.154126383674079048e-01
3.138730088009900610e-01
3.124942617071252426e-01
3.112395753508991336e-01
3.101023108918635751e-01
3.090898710378905401e-01
3.081864263046418251e-01
3.073675942449888843e-01
3.066312460140883656e-01
3.059744668231066389e-01
3.053829576237856447e-01
3.048377488645972466e-01
3.043661291819589887e-01
3.039495312619249767e-01
3.035824070103011474e-01
3.032813090756753538e-01
3.030259491506636094e-01
3.027921298944381001e-01
3.025782004850128826e-01
3.023862150248893821e-01
3.022175805042586760e-01
3.020634063918872791e-01
3.019405347285860630e-01
3.018313280861033010e-01
3.017679672696389481e-01
3.017194498384447310e-01
3.016925462208671638e-01
3.016703403834183894e-01
3.016455082513840313e-01
3.016300899534160584e-01
3.016361868429700555e-01
3.016492807085300876e-01
3.016745071029602876e-01
3.016983194512847799e-01
3.017405238188390904e-01
3.018051382993513498e-01
3.018835118972949538e-01
2.918835119187763172e-01
2.831332256618623311e-01
2.755697810124717040e-01
2.688754988068249308e-01
2.626154204916879564e-01
2.566611262530659188e-01
2.510996551261971965e-01
2.460271830453194808e-01
2.414653597556831455e-01
2.373636930819274793e-01
2.336473898617291434e-01
2.302465322976791906e-01
2.271174906158477669e-01
2.242343578286236094e-01
2.215820832291368059e-01
2.191494319383451295e-01
2.169225785898412640e-01
2.148850756980717480e-01
2.130208485887809255e-01
2.113132790452575405e-01
2.097475630410317593e-01
2.083102265735835845e-01
2.069896987575104430e-01
2.057756169664498591e-01
2.046591822186830945e-01
2.036330775690553263e-01
2.026899847749564498e-01
2.018237892741839012e-01
2.010287611485903347e-01
2.002999261340035475e-01
1.996327172423532637e-01
1.990226203614750833e-01
1.984656703364433283e-01
1.979584735561102649e-01
1.974972635256912745e-01
1.970786798518149030e-01
1.966996709942696320e-01
1.963569418472731753e-01
1.960479472318593930e-01
1.957698898140538823e-01
1.955204846882179492e-01
1.952971588094539190e-01
1.950980652035436136e-01
1.949212309503076113e-01
1.947652240229103826e-01
1.946281248136145503e-01
1.945081761901131245e-01
1.944041533893628160e-01
1.943147039937930254e-01
1.942386181368637721e-01
2.042386129053014032e-01
2.079727501062173800e-01
2.063867395954330219e-01
2.027766433040784910e-01
1.990589739609727460e-01
1.970573269072622424e-01
1.974094827033256727e-01
1.993517013230662327e-01
2.018423949220445324e-01
2.038640088887713753e-01
2.047843657532885109e-01
2.044702304062787357e-01
2.031847792462699864e-01
2.014219045536573272e-01
1.997828159654452818e-01
1.988659676698521228e-01
1.989608736824348967e-01
1.999114738494764121e-01
2.012719377073375338e-01
2.025195035364854290e-01
2.032371436501102246e-01
2.032498177240996684e-01
2.026125048274283191e-01
2.015903943743458937e-01
2.005666412152185274e-01
1.999136855665552825e-01
1.998583004265019614e-01
2.003701200438728902e-01
2.011967243424750140e-01
2.019887838428060522e-01
2.024564316638408912e-01
2.024539099054902813e-01
2.020163771210794768e-01
2.013383034097481206e-01
2.007067980193386891e-01
2.003843390782227840e-01
2.004823036957975035e-01
2.009167725459294618e-01
2.014729035651580680e-01
2.019150710408148530e-01
2.020609457998455705e-01
2.018721602171236196e-01
2.014519163334983765e-01
2.010096921836140582e-01
2.007400600958929304e-01
2.007561839722906971e-01
2.010213277436190826e-01
2.013990161952375624e-01
2.016885902343118486e-01
2.017885920131941291e-01
1.917886087107263382e-01
1.981328935772078415e-01
2.045638402983628035e-01
2.073947729629404546e-01
2.066765567786946201e-01
2.039546432165114942e-01
2.004337743365105229e-01
1.973076821936772252e-01
1.958723504033811624e-01
1.963911833295661769e-01
1.982779214410241020e-01
2.006802958896932165e-01
2.027477822288891729e-01
2.039151467779752591e-01
2.039977751811664908e-01
2.031079215153709094e-01
2.015618779248214976e-01
1.998121235661242667e-01
1.984020240882469199e-01
1.977964755736244251e-01
1.981374718516938083e-01
1.992025220802096375e-01
2.005526613439333750e-01
2.017210596060484695e-01
2.023714859881026173e-01
2.023702629789463081e-01
2.017679272230776255e-01
2.007893630808578467e-01
1.997622789902727680e-01
1.990374611243355130e-01
1.988557520203481921e-01
1.992431424526609485e-01
2.000001034421342583e-01
2.008162973580559230e-01
2.014035014338783069e-01
2.015900232175630302e-01
2.013404115779572345e-01
2.007696459500736552e-01
2.001050676309732435e-01
1.995951306214754084e-01
1.994297093179690783e-01
1.996514793505362317e-01
2.001332964362520783e-01
2.006709772598309627e-01
2.010444621387963426e-01
2.011260812252673724e-01
2.009011004604578376e-01
2.004822614124284474e-01
2.000529370887435821e-01
1.997929828751922321e-01
1.897930212665082383e-01
1.798205888870905989e-01
1.777024075932840674e-01
1.804821180709862694e-01
1.845964795045939022e-01
1.878021247475162303e-01
1.888104969944221778e-01
1.879109566661710251e-01
1.857119550142684594e-01
1.830706374887707266e-01
1.810946235214291600e-01
1.805065190152653209e-01
1.813140238721980824e-01
1.830298453086631749e-01
1.849390115720099814e-01
1.862893182272550574e-01
1.866516685865880765e-01
1.860350380741057907e-01
1.847387158322951473e-01
1.832791557473461008e-01
1.822220686660775690e-01
1.819381400439603058e-01
1.824683978236963933e-01
1.835294344950444689e-01
1.846635950343659682e-01
1.854170446881984735e-01
1.855388964647060879e-01
1.850322615063561549e-01
1.841547298584637338e-01
1.832775859038476285e-01
1.827713910539907616e-01
1.828144355224104178e-01
1.833433611720335366e-01
1.841013669136145059e-01
1.847341273628190506e-01
1.849825166838032497e-01
1.847672971526180818e-01
1.842247566268093995e-01
1.836262584581151713e-01
1.832481589566570257e-01
1.832348148528306631e-01
1.835649585526041294e-01
1.840573624895365523e-01
1.844597441784614766e-01
1.845914248298991811e-01
1.844107353640542235e-01
1.840342280868208225e-01
1.836685457774426267e-01
1.834916010142497445e-01
1.835653466873392037e-01
1.935653456303002840e-01
2.030372777778567672e-01
2.095661472286458049e-01
2.120050091633947364e-01
2.109011228041272612e-01
2.079284579587657167e-01
2.041840422675684774e-01
2.003289341317519567e-01
1.970077772194120669e-01
1.949320547151219274e-01
1.943965747287697277e-01
1.952453792571272329e-01
1.971098070414330494e-01
1.995075463620265555e-01
2.019172200393937466e-01
2.039209580486669726e-01
2.052639009083356003e-01
2.058279160773812955e-01
2.056126407189650951e-01
2.047252030870790884e-01
2.033466208625296090e-01
2.017010035528836731e-01
2.000542583931809448e-01
1.986998358044191615e-01
1.978948158949356551e-01
1.977709009586338107e-01
1.982943953938747783e-01
1.992929275400665001e-01
2.005106518620417555e-01
2.016813642624979974e-01
2.025904032079965389e-01
2.031035717123528817e-01
2.031713558897530747e-01
2.028188725977025375e-01
2.021375301811384195e-01
2.012706484107960603e-01
2.003939369106041424e-01
1.996883354927639354e-01
1.992983346876787132e-01
1.992911527870192268e-01
1.996360342242119723e-01
2.002216561437727416e-01
2.008905569288199355e-01
2.014863829826021580e-01
2.018881455943423997e-01
2.020286126558132611e-01
2.019000680269479042e-01
2.015510662017088450e-01
2.010736140172132980e-01
2.005837308923733853e-01
1.905838398997940497e-01
1.805707888396744509e-01
1.811592534695022072e-01
1.847369465132216171e-01
1.861364466902666326e-01
1.848076590108933548e-01
1.824191070835674833e-01
1.813551368107092499e-01
1.823056891433293414e-01
1.841155671451237819e-01
1.851813874236232227e-01
1.848016571707296885e-01
1.834834631915531200e-01
1.822676092530583769e-01
1.821059860443722811e-01
1.830196375843537449e-01
1.841859703686952454e-01
1.847005533621312867e-01
1.842735421893337278e-01
1.832833481185209279e-01
1.825116518301331259e-01
1.825559410773494040e-01
1.833023643874307496e-01
1.840748457541351024e-01
1.842851429127397578e-01
1.838528805484789808e-01
1.831468720914718462e-01
1.827656014389293648e-01
1.829862438809381209e-01
1.835853957739058129e-01
1.840173986228153813e-01
1.839430362727148549e-01
1.834693905784197665e-01
1.830241857956328710e-01
1.830007716005338791e-01
1.833597657939632641e-01
1.837849161546999122e-01
1.838805946123850121e-01
1.835767491073556912e-01
1.832037853555188722e-01
1.831110291068160090e-01
1.833361928444118272e-01
1.836272715445160797e-01
1.837292964891432678e-01
1.835251857278365484e-01
1.832567684051074897e-01
1.832116818814065740e-01
1.833758647068067238e-01
1.835843459295046498e-01
1.836565272742302357e-01
1.936565251066212356e-01
2.034183614201657830e-01
2.096290430992245324e-01
2.113349617096817734e-01
2.098821559642033152e-01
2.066864088842106928e-01
2.026873647006476598e-01
1.987081672611478445e-01
1.958186582444739476e-01
1.946999320766152897e-01
1.952542338521952858e-01
1.970765982328532284e-01
1.996164183286892602e-01
2.022011670946464446e-01
2.042406645025983403e-01
2.054024131063810210e-01
2.055860851963382807e-01
2.048740690871788117e-01
2.034724675955199846e-01
2.016736292004294995e-01
1.998563430207173086e-01
1.984409776085944710e-01
1.977591994370752615e-01
1.979187059917370262e-01
1.987993471796675182e-01
2.001095315220049742e-01
2.014825651556883812e-01
2.025831758748764810e-01
2.031906280694208144e-01
2.032226167619800572e-01
2.027211690907554653e-01
2.018322117246486302e-01
2.007834872620590516e-01
1.998448397902679585e-01
1.992583281769767234e-01
1.991616594905190052e-01
1.995415294584043653e-01
2.002500220883883519e-01
2.010595352053315132e-01
2.017373477382751745e-01
2.021177044926210919e-01
2.021286540058562231e-01
2.017975425677073220e-01
2.012376220882921563e-01
2.006190755043659735e-01
2.001227289744445526e-01
1.998903281957318256e-01
1.999689013275815774e-01
2.003089369878209292e-01
2.007818256236819088e-01
1.907818357351099836e-01
1.836584703042421773e-01
1.841905138801800956e-01
1.875894670161385169e-01
1.909920091275764398e-01
1.937488565337460167e-01
1.963797951077758952e-01
1.987084153404249931e-01
1.995265877390565989e-01
1.985299501002525668e-01
1.966853117793181116e-01
1.949427013908230921e-01
1.936010913783445531e-01
1.925602072605473170e-01
1.916629964536349928e-01
1.907757788149048728e-01
1.898173505631881863e-01
1.888142175016072344e-01
1.879278698017244620e-01
1.874425731590924349e-01
1.875233468921132518e-01
1.880778286857454074e-01
1.888470315933707955e-01
1.895724309546695519e-01
1.901130156738666255e-01
1.904320282258016583e-01
1.905454586333701072e-01
1.904666852024268497e-01
1.902169957020124758e-01
1.898097813963855185e-01
1.892804938105193124e-01
1.887335344875551713e-01
1.882992107681431271e-01
1.881095427143450460e-01
1.882303818598448086e-01
1.885822809333003169e-01
1.890190901330839057e-01
1.893987249179768517e-01
1.896476840910489570e-01
1.897317596026374120e-01
1.896426657265625482e-01
1.894220020140105487e-01
1.891007634234702084e-01
1.887714236179625915e-01
1.885308065288356372e-01
1.884468922529163593e-01
1.885505386944765216e-01
1.887863286102366145e-01
1.890646126788729786e-01
1.892943468711460742e-01
1.792943925889953216e-01
1.822177373445698356e-01
1.873175971506058912e-01
1.902162839177557185e-01
1.898339077646340467e-01
1.874234119707055002e-01
1.844796571671796226e-01
1.827038781092796826e-01
1.827842389177407045e-01
1.842919083173949202e-01
1.863958772232588434e-01
1.880295620579541527e-01
1.884782022612773167e-01
1.877311828446888431e-01
1.862287845625540117e-01
1.847126209457637114e-01
1.838964164089520459e-01
1.840617695227110551e-01
1.850317494635109195e-01
1.863145638376483282e-01
1.872843458115493742e-01
1.875068766300756751e-01
1.869705990167096488e-01
1.859923290838449705e-01
1.850610664538409611e-01
1.846155541542943423e-01
1.848411505851147996e-01
1.855723637353401956e-01
1.864071794072791333e-01
1.869213949371874295e-01
1.868801958709188915e-01
1.863445771747683222e-01
1.856385963025353469e-01
1.851367081724244468e-01
1.850685195338347133e-01
1.854586907573918531e-01
1.860535929517531106e-01
1.864973471470718902e-01
1.865867420395160292e-01
1.862909233359801020e-01
1.858009238647679862e-01
1.854200888719096940e-01
1.853560990535972897e-01
1.856038251804685013e-01
1.860112943224468129e-01
1.863251017020651490e-01
1.863557659804681021e-01
1.861125648837498869e-01
1.857633178934804397e-01
1.855365122137832279e-01
1.955363975247972341e-01
2.054178028172430059e-01
2.014287899933130399e-01
1.960720041098387434e-01
1.923751220927746863e-01
1.897036049208462305e-01
1.873980874569736721e-01
1.856639581111433068e-01
1.850565911063913049e-01
1.856196338423121706e-01
1.869628954286885192e-01
1.885929766031591848e-01
1.901232480238627121e-01
1.915566892399876153e-01
1.931371298853154506e-01
1.951701868247724403e-01
1.977316520156127688e-01
2.002327016202008203e-01
2.013194130791446379e-01
2.006413046740750938e-01
1.988012882167728423e-01
1.968670727917103680e-01
1.954939601733019228e-01
1.949306928672419337e-01
1.951328251385434087e-01
1.960319983225296547e-01
1.974734758272742308e-01
1.991040705877647754e-01
2.000857002827509667e-01
1.999505555565761483e-01
1.988612498824716968e-01
1.974751373049969949e-01
1.964528618255030612e-01
1.960799366198567595e-01
1.963912076858989886e-01
1.972995218262560690e-01
1.984131298553988287e-01
1.992487107868929630e-01
1.994944896479205199e-01
1.990222729463539397e-01
1.981166683495343417e-01
1.972486032381225163e-01
1.968454964835168741e-01
1.969541596103836778e-01
1.975665771271156723e-01
1.983909785311015472e-01
1.989312029834654771e-01
1.989341067443481659e-01
1.983903451996884282e-01
1.977246298595801421e-01
2.077246089525276729e-01
2.009623912139339719e-01
1.944266131573948730e-01
1.912277455064657905e-01
1.910652713429694949e-01
1.929834814901600082e-01
1.961459856836720306e-01
1.997280001514449566e-01
2.025355276785570091e-01
2.036025184345797434e-01
2.028810670601091104e-01
2.009346884074655892e-01
1.985108590370741888e-01
1.963852889111112054e-01
1.951188665261323896e-01
1.949008004146244311e-01
1.956497982414300285e-01
1.971107884404376953e-01
1.988811816240594887e-01
2.004429539137993765e-01
2.013265930663508951e-01
2.013133272237757343e-01
2.004968376295434840e-01
1.992088488651467537e-01
1.978855122493562713e-01
1.969298613709128953e-01
1.965829043817123034e-01
1.968841447585155391e-01
1.976977794914097919e-01
1.987538605506189160e-01
1.997047351633661483e-01
2.002429382681390202e-01
2.002170676195623722e-01
1.996837681475912840e-01
1.988703790335224209e-01
1.980766172935212455e-01
1.975690991634714844e-01
1.974888921814295095e-01
1.978264359851168441e-01
1.984388650528982057e-01
1.990976073478842312e-01
1.995595152054322474e-01
1.996704131335624577e-01
1.994167448014471378e-01
1.989239905902843997e-01
1.983984645585261664e-01
1.980401326845450116e-01
1.979677085422594796e-01
1.981835729423168380e-01
1.985829418217820164e-01
1.885849614172633026e-01
1.949858993265446427e-01
2.019060164675721414e-01
1.992621983863028523e-01
1.961599784800709956e-01
1.954903542473732381e-01
1.968015142843632936e-01
1.991778535734409772e-01
2.006731683422444401e-01
1.999080232161156157e-01
1.980599989286145335e-01
1.967642038952021333e-01
1.966997463744491470e-01
1.977389265116648587e-01
1.992169019368134897e-01
2.000237520392544321e-01
1.995443177022764025e-01
1.983238994986026571e-01
1.973737149690471537e-01
1.972429278124611662e-01
1.979502575245082330e-01
1.989889855353919046e-01
1.996029233237161804e-01
1.993032528577948215e-01
1.984179964825707465e-01
1.977106470882164235e-01
1.976550186235868367e-01
1.982126163130879526e-01
1.989767770224294130e-01
1.993282521105080030e-01
1.989752486444698876e-01
1.982932315001583456e-01
1.978845965051733991e-01
1.980092034349617836e-01
1.985070424993623794e-01
1.989866229498502004e-01
1.990492158620455476e-01
1.986637893368319863e-01
1.982083685188162914e-01
1.980865607475074952e-01
1.983577502252660829e-01
1.987550726740568152e-01
1.989346703799919902e-01
1.987282663883735701e-01
1.983614802475112404e-01
1.982001121841397984e-01
1.983669439289321990e-01
1.986824536860831991e-01
1.988338644677390410e-01
1.987022056392066804e-01
2.087021309364688326e-01
2.015294095716864131e-01
1.945715626877789484e-01
1.904232562564496800e-01
1.880338291023272435e-01
1.870093193940162435e-01
1.871752881527848911e-01
1.883002239121802923e-01
1.901501913743940952e-01
1.926168962218847980e-01
1.957586810127456556e-01
1.994276531985111067e-01
2.026187527953463297e-01
2.039343190653110649e-01
2.031604110502200078e-01
2.009983502262141231e-01
1.983981473342524837e-01
1.962624899125638422e-01
1.950388792586809084e-01
1.947720861276169835e-01
1.953764350620440238e-01
1.967185027498699335e-01
1.985531001684950614e-01
2.004025724036513356e-01
2.016332747908138878e-01
2.018225415208515783e-01
2.010039517797000130e-01
1.995912160932312718e-01
1.981448808135429784e-01
1.971334900128670076e-01
1.967824543219978406e-01
1.971074697289113831e-01
1.979822342756754339e-01
1.991428987063005862e-01
2.001928197644503860e-01
2.007465553840825090e-01
2.006242851238855263e-01
1.999320500289911706e-01
1.989926486531270744e-01
1.981855757696295850e-01
1.977806248439509251e-01
1.978626228824111044e-01
1.983681163416263493e-01
1.990986065903308233e-01
1.997786040868752833e-01
2.001350083668000657e-01
2.000449832099970848e-01
1.995785539726144253e-01
1.989715539325719595e-01
1.984795967454264787e-01
2.084794971411910447e-01
2.012642232872178527e-01
1.944790429489179351e-01
1.893494573579806717e-01
1.841522550612995635e-01
1.794298505245782716e-01
1.758806199252215541e-01
1.738256463419635411e-01
1.734671047051110360e-01
1.745739367785349716e-01
1.766627900783916683e-01
1.792683476407772591e-01
1.820719179483493155e-01
1.847604220721959511e-01
1.868753619778660280e-01
1.881302388070443532e-01
1.885192765499264234e-01
1.881332180749452077e-01
1.870583743385768327e-01
1.854222337523363517e-01
1.835059114639310540e-01
1.816729096971273216e-01
1.802171128391492627e-01
1.792844536962911184e-01
1.789279914213328382e-01
1.791306479135512664e-01
1.798311800422916773e-01
1.809147311695009364e-01
1.822259307340111656e-01
1.835630042574207255e-01
1.846762526633659585e-01
1.853585914312844418e-01
1.855058599805340103e-01
1.851349056911915647e-01
1.843674267700010361e-01
1.833912705058957648e-01
1.824319395137760924e-01
1.816815676373604860e-01
1.812454525787503823e-01
1.811713190218212921e-01
1.814404297699963309e-01
1.819803576549368918e-01
1.826806429943360621e-01
1.834024993489276611e-01
1.839792166387455574e-01
1.842820420187480657e-01
1.842663794107717579e-01
1.839598573124712477e-01
1.834668807350902375e-01
1.829185972742223554e-01
1.929185962264313159e-01
2.024173437349992000e-01
2.091224112444836913e-01
2.119341630726974401e-01
2.111332415386057704e-01
2.083346448582613641e-01
2.046696349186852559e-01
2.008043578818642094e-01
1.973342375361571699e-01
1.949688479468940361e-01
1.941000662187596093e-01
1.946525935982118816e-01
1.963052874048333007e-01
1.986106466680341021e-01
2.010576891785008369e-01
2.031990152299302244e-01
2.047443735580575241e-01
2.055466856007138465e-01
2.055746307312182608e-01
2.048994511265311291e-01
2.036749993447941054e-01
2.021059019905667442e-01
2.004351624421767397e-01
1.989432529191952626e-01
1.979061751803956326e-01
1.975082214268603364e-01
1.977808200601964272e-01
1.986044444911780893e-01
1.997542685504752058e-01
2.009658954130230102e-01
2.020023883455362435e-01
2.026976407388500490e-01
2.029663716086632375e-01
2.028005711097118635e-01
2.022621259825974904e-01
2.014700747361462818e-01
2.005827316855610942e-01
1.997787810097210182e-01
1.992228709559573097e-01
1.990226235589439563e-01
1.991956375830563619e-01
1.996703676884630518e-01
2.003094494285600491e-01
2.009548421138647456e-01
2.014662658256374528e-01
2.017488063159818268e-01
2.017641484099713667e-01
2.015311470270822192e-01
2.011187877932884283e-01
2.006282140048616658e-01
