3.000000000000000000e+00
2.990000000000000213e+00
2.979998239438736540e+00
2.969991439404544131e+00
2.959978919397872499e+00
2.949959336590779024e+00
2.939929579189019648e+00
2.929888042910915757e+00
2.919831432603029242e+00
2.909758808587161294e+00
2.899668088201769578e+00
2.889557732035885618e+00
2.879425431281113834e+00
2.869270304205241207e+00
2.859091962654950692e+00
2.848888817721360933e+00
2.838661070231553563e+00
2.828407817228917764e+00
2.818128847351868860e+00
2.807824340008525876e+00
2.797496066190402697e+00
2.787146353147137212e+00
2.776777447091089535e+00
2.766394064218979487e+00
2.755999520655387780e+00
2.745599725309069594e+00
2.735200869025404380e+00
2.724810605076074754e+00
2.714434977011892069e+00
2.704084038402001067e+00
2.693766746496354170e+00
2.683494285852607852e+00
2.673278713273645746e+00
2.663132812690345741e+00
2.653072206475359351e+00
2.643111655640612678e+00
2.633266636900841284e+00
2.623554953749349217e+00
2.613995709559408631e+00
2.604605116932038555e+00
2.595402476734661956e+00
2.586408010008291125e+00
2.577640725903082686e+00
2.569120001942176490e+00
2.560864108042952392e+00
2.552891004496689042e+00
2.545220371623896582e+00
2.537869086605328839e+00
2.530852877019063474e+00
2.524188813911397933e+00
2.517886511003923022e+00
2.527886511003922809e+00
2.523035665639923320e+00
2.515952010509245440e+00
2.508589492811438060e+00
2.500314536967469525e+00
2.492459080399638260e+00
2.485479917502705582e+00
2.479362598941427631e+00
2.474944446654942176e+00
2.471430370204426907e+00
2.472389671763186136e+00
2.472188427795002585e+00
2.470874718389536540e+00
2.467920387687554840e+00
2.467791231654226092e+00
2.469761324123100010e+00
2.471076934223269461e+00
2.473203670949587707e+00
2.473134712121378254e+00
2.473373898253344194e+00
2.473992047606855316e+00
2.474861505746565715e+00
2.473321944861146093e+00
2.471793926945367481e+00
2.471343635897569779e+00
2.470164273043690795e+00
2.468544492614252128e+00
2.466824918798822708e+00
2.462721265970027051e+00
2.460820835765952452e+00
2.460319438470412567e+00
2.459715535088770277e+00
2.459784631253788767e+00
2.458719779651817650e+00
2.458960134864807578e+00
2.460662221455567344e+00
2.461574425708179970e+00
2.461253193421589991e+00
2.460736755170623180e+00
2.461624658749863137e+00
2.462733531378160645e+00
2.463328843890065123e+00
2.463627153190428132e+00
2.464205462134970048e+00
2.466252120057340402e+00
2.469449137675190808e+00
2.472019858751780319e+00
2.473936967548675536e+00
2.475405419962155573e+00
2.476565902981463729e+00
2.466565902981463942e+00
2.465180202565720791e+00
2.462546805853612852e+00
2.463384556249289759e+00
2.465142675042701903e+00
2.464562695061137898e+00
2.460067911071159852e+00
2.455107451378947037e+00
2.450395650756829635e+00
2.446268286218075350e+00
2.443123117395181065e+00
2.442199062756709615e+00
2.441438377942346971e+00
2.441770298275581563e+00
2.442410146562509432e+00
2.441662603753228744e+00
2.440452498588241870e+00
2.440702571091963868e+00
2.441621089517453491e+00
2.443222032475111494e+00
2.444684854707462662e+00
2.445785099832425313e+00
2.445975500724945295e+00
2.446712504964928314e+00
2.448707890932760645e+00
2.449749050421719865e+00
2.451397659553538499e+00
2.453055786933108884e+00
2.455362794913537705e+00
2.456775237531423794e+00
2.456066241117508930e+00
2.455469643187110140e+00
2.455395076652981512e+00
2.455749110194554330e+00
2.456935873534763726e+00
2.457984574331193883e+00
2.459186521278298176e+00
2.459053512693625265e+00
2.458125394509764750e+00
2.455639002790424019e+00
2.454404103704723283e+00
2.452836319215115246e+00
2.452723982448909990e+00
2.453985193470573645e+00
2.453621120717647042e+00
2.453778644574872381e+00
2.454379536378727522e+00
2.455276331475510609e+00
2.454399243634903804e+00
2.453225338930226762e+00
2.443225338930226975e+00
2.433264817218809384e+00
2.435356333801215190e+00
2.439034942015077867e+00
2.443463351711890663e+00
2.449416230963076035e+00
2.456348507161415728e+00
2.463383361752297773e+00
2.470045899308735748e+00
2.477567706000835202e+00
2.485051020524416732e+00
2.490993958171010103e+00
2.497551140885853727e+00
2.504896594502914020e+00
2.510569145039244887e+00
2.516702194909883783e+00
2.522730099675710491e+00
2.529055019343207977e+00
2.536253668237427927e+00
2.543363664734241691e+00
2.550455998425039450e+00
2.557924429338141792e+00
2.565415028229957262e+00
2.573535155061708046e+00
2.581395070020459315e+00
2.589596486309217127e+00
2.597043239097757805e+00
2.604505881488628827e+00
2.612082180610165949e+00
2.619366327904177449e+00
2.627096588293195367e+00
2.634996565209940744e+00
2.642735438982774632e+00
2.650652646318910843e+00
2.658752322730601136e+00
2.666639197603271505e+00
2.674480651698804667e+00
2.682590413603091140e+00
2.690718684263254001e+00
2.698600107240923585e+00
2.705932477639024558e+00
2.713459303524285993e+00
2.720649689615239897e+00
2.727757038898328990e+00
2.734050856375483285e+00
2.739887532536751547e+00
2.745589629018466038e+00
2.750443511516732720e+00
2.754513128426182345e+00
2.757933445058610822e+00
2.747933445058611035e+00
2.738280232488112809e+00
2.729412755323468165e+00
2.720130245045624395e+00
2.713896783823826375e+00
2.710517520034194217e+00
2.705927933117144413e+00
2.700289600897383124e+00
2.696352639316921707e+00
2.692566339478713378e+00
2.689264872921188765e+00
2.685494609691734702e+00
2.681827674459584809e+00
2.678031552689593919e+00
2.673635566852179402e+00
2.668881343539699635e+00
2.664744342667590971e+00
2.660781864699972576e+00
2.655513196115344421e+00
2.649590771248862442e+00
2.642389750213897770e+00
2.636604919016789950e+00
2.630488889183360879e+00
2.625337680290550590e+00
2.619420059691393909e+00
2.614116345087449833e+00
2.608311719492124148e+00
2.602708004623421445e+00
2.598470810690758359e+00
2.593561208653220262e+00
2.589866129926133187e+00
2.587993615407003567e+00
2.585970450572487866e+00
2.582906586289494655e+00
2.580107397980712758e+00
2.577302003646860573e+00
2.573416389666091320e+00
2.567977913571223514e+00
2.563653087830655153e+00
2.558774446660873725e+00
2.554895224639204265e+00
2.551916644188875427e+00
2.548198918439042338e+00
2.544714224321761975e+00
2.541357789962189084e+00
2.536974149612827745e+00
2.533268522796069622e+00
2.529512212089466416e+00
2.526206536462437313e+00
2.524635255697247338e+00
2.514635255697247551e+00
2.505181803425638787e+00
2.496599837548625356e+00
2.487740173855208958e+00
2.478476913295291961e+00
2.469428609435588395e+00
2.460370163881255845e+00
2.451474802005286779e+00
2.443863764484791368e+00
2.435739722930673867e+00
2.427563962501322337e+00
2.419188296720196529e+00
2.410989511159894239e+00
2.403424202130516107e+00
2.395923696326285768e+00
2.388071018270244927e+00
2.379995506242983616e+00
2.373029286851020991e+00
2.366147995906391799e+00
2.359369058307066336e+00
2.352539835197628992e+00
2.345176677875062232e+00
2.337827242964194863e+00
2.331104932632055871e+00
2.324680810977927781e+00
2.318659427602688616e+00
2.312917154509147366e+00
2.306825743999315392e+00
2.300597401669920661e+00
2.293897594139215457e+00
2.287918478529139321e+00
2.281708119986300520e+00
2.276206540606009465e+00
2.271349715491597365e+00
2.266279210623773910e+00
2.261548975239409121e+00
2.256828498062512622e+00
2.252267904417700528e+00
2.247856278765361537e+00
2.242967231464974454e+00
2.237634501612379978e+00
2.232600845501905518e+00
2.227411122149291156e+00
2.222265758729172980e+00
2.216598924389262315e+00
2.211782027515197591e+00
2.206995212382457439e+00
2.202232025804734761e+00
2.197236759220798419e+00
2.192195962802849341e+00
2.202195962802849127e+00
2.202778399299353929e+00
2.196443832795796247e+00
2.201371500722248076e+00
2.208129364708891984e+00
2.215915350000622119e+00
2.224288589618650391e+00
2.233173237877847050e+00
2.242360156495321721e+00
2.251879418723617743e+00
2.261674779921956091e+00
2.271699812989506295e+00
2.281484195210198962e+00
2.291559397308145840e+00
2.301849054085096657e+00
2.312184068193123831e+00
2.320370800160033387e+00
2.327744421261088270e+00
2.336046564692447092e+00
2.344287569197053500e+00
2.353366956530405840e+00
2.361477695329654125e+00
2.368097279019658608e+00
2.372944905651373837e+00
2.376994509609831940e+00
2.382015204642794259e+00
2.387225455005739239e+00
2.393051393796204351e+00
2.399684704514635225e+00
2.407231202767680323e+00
2.413789862115927498e+00
2.420038655057502819e+00
2.425345151745097461e+00
2.430244226009626196e+00
2.434995541458230051e+00
2.438469977178511883e+00
2.440899909014556890e+00
2.443048202973134853e+00
2.445492825448072782e+00
2.448568921372236584e+00
2.450919996457147310e+00
2.452945656415452813e+00
2.455906216641617235e+00
2.459241906479019413e+00
2.463473566922953495e+00
2.466228903779087211e+00
2.468507695909468946e+00
2.470780344742432355e+00
2.472387707544731583e+00
2.470359869949981579e+00
2.460359869949981793e+00
2.450466460016873071e+00
2.440600807772137504e+00
2.431325397592710047e+00
2.422296727610203870e+00
2.413277920834822066e+00
2.404408557196647589e+00
2.395361428380568203e+00
2.386263575376902590e+00
2.377224881479953922e+00
2.368469728454019485e+00
2.360017466622825744e+00
2.351515049366653010e+00
2.342925819343976812e+00
2.334888490431957120e+00
2.326971809036410654e+00
2.319436609580590058e+00
2.311591366964329097e+00
2.304129147027589752e+00
2.296596172236604616e+00
2.289354343156788207e+00
2.282365105052113208e+00
2.275344820830317971e+00
2.270181625244188872e+00
2.265275247555075477e+00
2.260181574750393274e+00
2.254846387733751456e+00
2.249880335869421266e+00
2.245159738497574331e+00
2.241444338765341548e+00
2.238262911969531643e+00
2.236049459983757703e+00
2.234414537669086709e+00
2.232448196154004805e+00
2.230752739186718347e+00
2.228967297523205104e+00
2.227388032755952096e+00
2.225487002230852163e+00
2.222598374100737573e+00
2.219489289961059431e+00
2.216664538700907627e+00
2.214055122791309671e+00
2.211310585006770690e+00
2.209353519354221529e+00
2.206566041582411763e+00
2.203907024878498433e+00
2.201439360691904934e+00
2.199500529778788849e+00
2.198132045575535987e+00
2.196967651561739565e+00
2.186967651561739778e+00
2.192356455275751959e+00
2.190400733109967746e+00
2.186149861297922214e+00
2.185141441536611051e+00
2.181691788829531742e+00
2.177212697068775960e+00
2.177202641140691508e+00
2.177012001877056679e+00
2.175742339975164530e+00
2.173438949459302716e+00
2.171442369876427581e+00
2.172263060413165636e+00
2.173608709826950314e+00
2.173144823712192419e+00
2.173391245143835970e+00
2.173203214594906285e+00
2.172120537111321692e+00
2.171691148142593786e+00
2.171701779971564772e+00
2.169848313772636761e+00
2.169445223847274562e+00
2.169652928904189260e+00
2.168793169397008835e+00
2.167290283300252085e+00
2.165447213021836514e+00
2.163298900047139650e+00
2.162235736171703504e+00
2.161144521225591753e+00
2.159712478390315660e+00
2.159755355089496121e+00
2.159987898681610119e+00
2.161572687090592915e+00
2.163268643879971531e+00
2.164405930052344829e+00
2.166360562410705626e+00
2.168646415658430637e+00
2.173050281181205801e+00
2.178498989588963930e+00
2.184104585774682139e+00
2.190397564748246761e+00
2.193783632451408394e+00
2.198776548088276606e+00
2.203046895565156316e+00
2.207671350456771098e+00
2.212928014143147326e+00
2.218450289815616205e+00
2.223530328578347870e+00
2.228001051751155703e+00
2.233108695096654550e+00
2.223108695096654763e+00
2.213139669451540836e+00
2.203322072015997612e+00
2.193443105551069472e+00
2.183553002033741031e+00
2.173657437981832086e+00
2.163684770596884466e+00
2.153594317362527821e+00
2.143536770183395390e+00
2.133527920776464359e+00
2.123478822417596668e+00
2.113489649780925017e+00
2.103681062031291127e+00
2.093846496167547144e+00
2.084055846631228448e+00
2.074167506328460142e+00
2.064367750561749038e+00
2.054464137826274239e+00
2.044547357158838174e+00
2.034643345391632607e+00
2.024832911641074595e+00
2.015157311965046993e+00
2.005639916520778332e+00
1.996313091340041979e+00
1.987037150005231734e+00
1.977763939526074433e+00
1.968457262384819773e+00
1.959258353585094703e+00
1.950069213510006394e+00
1.940918312848320504e+00
1.931834414141973211e+00
1.922903809333930569e+00
1.914040025110584020e+00
1.905373452138073409e+00
1.896754603801962258e+00
1.888376929871270482e+00
1.880240514464251111e+00
1.872312097951412957e+00
1.864558445877087411e+00
1.857239335772670197e+00
1.850030393173258902e+00
1.843209250735377225e+00
1.836691947586645002e+00
1.830667742100832163e+00
1.824936753298309400e+00
1.819597817745910451e+00
1.814717091015091821e+00
1.810182687854436479e+00
1.806035985538472666e+00
1.802041218741744943e+00
1.812041218741744952e+00
1.809519968834718551e+00
1.803876087780528881e+00
1.803798456497615943e+00
1.807145899735517203e+00
1.807754419229210097e+00
1.809921501452680825e+00
1.813813389365832140e+00
1.815028279979827186e+00
1.819107643813408615e+00
1.824346635507299030e+00
1.828088302472873128e+00
1.831199861395154116e+00
1.836659359341175080e+00
1.840217861789448461e+00
1.844031537030443868e+00
1.848573770108449699e+00
1.852767743849596416e+00
1.855711413759800976e+00
1.856829745318757219e+00
1.858587078738987319e+00
1.860812570054395820e+00
1.861942272614793836e+00
1.864793143116194596e+00
1.866150339209619036e+00
1.866300438773404125e+00
1.867439738621496481e+00
1.869571656275902605e+00
1.870638473065307616e+00
1.871920638913202595e+00
1.873130774200013615e+00
1.874221223878660192e+00
1.876057773467466605e+00
1.877233291934787829e+00
1.879095919601507569e+00
1.880876327979666751e+00
1.882696552196692519e+00
1.883791692555552899e+00
1.885397529613145329e+00
1.887014795910988862e+00
1.889406045427923564e+00
1.891487723670944643e+00
1.891984335089931246e+00
1.892047788415473164e+00
1.892881407894818180e+00
1.892528037663445240e+00
1.891988827712451027e+00
1.891017766646785336e+00
1.891731929685816160e+00
1.893157070123961505e+00
1.903157070123961514e+00
1.905321529281462478e+00
1.905590133845835199e+00
1.904892727002434727e+00
1.902055541395461624e+00
1.897251912708476151e+00
1.895430624365930905e+00
1.895765102126520274e+00
1.895569317361920580e+00
1.897560505119150864e+00
1.897723031046770092e+00
1.896763712947428626e+00
1.896147647364353261e+00
1.897219177439578575e+00
1.896693418342225046e+00
1.895685931860427553e+00
1.894252992382575940e+00
1.892596434980208242e+00
1.892474850789467311e+00
1.892287614777705684e+00
1.890394264317501571e+00
1.889286370898896728e+00
1.890273953171135446e+00
1.892262889932848191e+00
1.892622442859861254e+00
1.892825661766681877e+00
1.891587648824955670e+00
1.891154042848658179e+00
1.890175383798369912e+00
1.890294789590521107e+00
1.890295657207216928e+00
1.890371046201768213e+00
1.889549954016730426e+00
1.886661522358932475e+00
1.883409767600093598e+00
1.880760773740041802e+00
1.877194485596135332e+00
1.874169137618260761e+00
1.871588706669860658e+00
1.869348680086851733e+00
1.867149183271503921e+00
1.865861622794489971e+00
1.864503526336308781e+00
1.863619787084884294e+00
1.862103814733025553e+00
1.860845810878002826e+00
1.859490831583607173e+00
1.857693573063418313e+00
1.856722087207357097e+00
1.854274933311394369e+00
1.844274933311394360e+00
1.843975057582337040e+00
1.844856421742628205e+00
1.846546523763704650e+00
1.851628448001605864e+00
1.856756994696695529e+00
1.861914751641215116e+00
1.867449041079196403e+00
1.873717234390587238e+00
1.880819189315136031e+00
1.888592547416371614e+00
1.896475936065013190e+00
1.904633772669291680e+00
1.912250087295870982e+00
1.918950563900891915e+00
1.921967246996655110e+00
1.924716425972949230e+00
1.927561966326907905e+00
1.929717001215944361e+00
1.932569233471045589e+00
1.935768363127188030e+00
1.939852233621254474e+00
1.945566662134579294e+00
1.951436098195172830e+00
1.958125364172737415e+00
1.964136180472717319e+00
1.968622512279566639e+00
1.972795085138306481e+00
1.975858094378585506e+00
1.979327543899590092e+00
1.981828255721417298e+00
1.985084367918746873e+00
1.987323157424543574e+00
1.988266461099881477e+00
1.990076578771909022e+00
1.992911633496348589e+00
1.995037316625662305e+00
1.994219177183331082e+00
1.994815351858235219e+00
1.996667563900399012e+00
2.000330132279033446e+00
2.004322096699171052e+00
2.008073677888962738e+00
2.011977984486109428e+00
2.016627380938268210e+00
2.021517278696149944e+00
2.026870473834799569e+00
2.032234833977959454e+00
2.037181291280445006e+00
2.043098142448088073e+00
2.053098142448087859e+00
2.063111484365691251e+00
2.073120718403965057e+00
2.083169045635902883e+00
2.093237545801315047e+00
2.102942355086857340e+00
2.112759457487615400e+00
2.122477139821288716e+00
2.132186990840602814e+00
2.142053615823245050e+00
2.151697172099093613e+00
2.161272607523705869e+00
2.170834082876420990e+00
2.180161580863453352e+00
2.189461744112772834e+00
2.198782524048832787e+00
2.207813857150454862e+00
2.216902597342259806e+00
2.225524221210762654e+00
2.234192885421185437e+00
2.242981226759479974e+00
2.251774843281196148e+00
2.260150753572407911e+00
2.268248925261497906e+00
2.276133491387112517e+00
2.283732999770150318e+00
2.290717535492146073e+00
2.297536664329731249e+00
2.304389970835965418e+00
2.310987016515813064e+00
2.317571124276743610e+00
2.324242982363237786e+00
2.330835761122558303e+00
2.336977280369573418e+00
2.342858560521256184e+00
2.348334939726580028e+00
2.353743950831256981e+00
2.358732743033975066e+00
2.363570950203379706e+00
2.368478914586341411e+00
2.373186526566251509e+00
2.377651345023968688e+00
2.381999728016224172e+00
2.386138762252485446e+00
2.390445225827264153e+00
2.394535363338463174e+00
2.398429858129917935e+00
2.402356060525832504e+00
2.406468586272036969e+00
2.410519713821919208e+00
2.420519713821918995e+00
2.430321182439767025e+00
2.440230450546906571e+00
2.449738484606124977e+00
2.459451201125430586e+00
2.468932952495070499e+00
2.478118455499680461e+00
2.487155445128986120e+00
2.495874255138496256e+00
2.504651536843924386e+00
2.513388102676590741e+00
2.522355045157102627e+00
2.530997505165848871e+00
2.539559343859161711e+00
2.548300031483375250e+00
2.556890695994315621e+00
2.565368516719494174e+00
2.573867230645654036e+00
2.582383204209594219e+00
2.590707388642344622e+00
2.599129072033384613e+00
2.607351838774456976e+00
2.615334093307486008e+00
2.623140633266654476e+00
2.630731168342539839e+00
2.637824206004267147e+00
2.645251994664382877e+00
2.652207317624295069e+00
2.658834051052384684e+00
2.665412050241203090e+00
2.671761887231362209e+00
2.677794611390962309e+00
2.683326816722010122e+00
2.688347685514416607e+00
2.693031928047621815e+00
2.697402924914472866e+00
2.701199134441894856e+00
2.704997932943828953e+00
2.708839685955491294e+00
2.712359980839355256e+00
2.715666008471540938e+00
2.718510257258006657e+00
2.721020938508989406e+00
2.722991369747282953e+00
2.724818560770799536e+00
2.726795433409260561e+00
2.727898856544993755e+00
2.729357752581612839e+00
2.729652230914100919e+00
2.729434111958355391e+00
2.739434111958355178e+00
2.747683433623939298e+00
2.756521383037947803e+00
2.765705290819912232e+00
2.775122882119697820e+00
2.784222843859774699e+00
2.793397905013726756e+00
2.802716243564140619e+00
2.811844874590871513e+00
2.819737200301250191e+00
2.827337176061717638e+00
2.835355900888519631e+00
2.843080534043832319e+00
2.850579124080737881e+00
2.858136184739835883e+00
2.865779253332207954e+00
2.873919083891101067e+00
2.881782996662916041e+00
2.889758556144553125e+00
2.897315482211213933e+00
2.904569263447343452e+00
2.911648333087704543e+00
2.918127244225339201e+00
2.924326202089726490e+00
2.930951323817519771e+00
2.936654937703849111e+00
2.941725275290447250e+00
2.947178441611402633e+00
2.952951140998469004e+00
2.958550531077400070e+00
2.963744030929863271e+00
2.968893663827405049e+00
2.973357542952070443e+00
2.977849051096754351e+00
2.982022115321354860e+00
2.986140883945869628e+00
2.990170472370366372e+00
2.994192972240151462e+00
2.998388265484349890e+00
3.001896717148091032e+00
3.005164953584432030e+00
3.008333576312023361e+00
3.011371865087457245e+00
3.014152315129617232e+00
3.016612725410097617e+00
3.018455133232807341e+00
3.020828383832665054e+00
3.023198431321659108e+00
3.025725144415395640e+00
3.027672636847376975e+00
3.017672636847377188e+00
3.007916977913043244e+00
2.998103616860736675e+00
2.988196656279640262e+00
2.978214046125613024e+00
2.968199143780239524e+00
2.958242318717689834e+00
2.948244240810703243e+00
2.938193812800991012e+00
2.928091856062599696e+00
2.918032360327095009e+00
2.907898326387821530e+00
2.897621415668202083e+00
2.887281657583895544e+00
2.876881666352958611e+00
2.866407466640696899e+00
2.855795106776961578e+00
2.845162876988447831e+00
2.834422138047097750e+00
2.823717678199906267e+00
2.812923945921129931e+00
2.802055547483605302e+00
2.791103613350002455e+00
2.780190163398896797e+00
2.769170018477774331e+00
2.757978163442606157e+00
2.746698730861308668e+00
2.735438650861497401e+00
2.724188097533215114e+00
2.712857483182389284e+00
2.701495922175384479e+00
2.690191253994496545e+00
2.678871453637865496e+00
2.667706249608102542e+00
2.656475126012813437e+00
2.645473532328731725e+00
2.634412605500228377e+00
2.623502315423356990e+00
2.612623957815144227e+00
2.601715239731789531e+00
2.590847214506587726e+00
2.580045663478824913e+00
2.569226494073119316e+00
2.558418984388052486e+00
2.547677834782421158e+00
2.537077661486963898e+00
2.526488711887093341e+00
2.515877612648795836e+00
2.505465699595335494e+00
2.495274857676451408e+00
2.505274857676451195e+00
2.512679760219369562e+00
2.515946776794292905e+00
2.515353757224189746e+00
2.513676065706643481e+00
2.510140062351333246e+00
2.504776967156352008e+00
2.501372635393832589e+00
2.497505608917400366e+00
2.496947910093749723e+00
2.495438733634562922e+00
2.495270309830674105e+00
2.495942872017049563e+00
2.493624765233281693e+00
2.490248455305320796e+00
2.486330536791528267e+00
2.482796127615233939e+00
2.481489020402622536e+00
2.480206616054793756e+00
2.478674659006757430e+00
2.477945612683668752e+00
2.478408428795364937e+00
2.476930902388905675e+00
2.477604831114309292e+00
2.479653790841665817e+00
2.482270514002252071e+00
2.482647801191693038e+00
2.481688604006283771e+00
2.481519582584160499e+00
2.480076372461907486e+00
2.477324138629416694e+00
2.474410846209594617e+00
2.470685856132941893e+00
2.466874050262223950e+00
2.464925015755802917e+00
2.461523052622731633e+00
2.457205978128441437e+00
2.450691232158999089e+00
2.444079505648558470e+00
2.437882715987242932e+00
2.432265350763169742e+00
2.427343360470507694e+00
2.424522511053771368e+00
2.421648419987844747e+00
2.418949662748627105e+00
2.416906945793602990e+00
2.413668961323982121e+00
2.410747649788251845e+00
2.407808671275903034e+00
2.405855419891626212e+00
2.395855419891626426e+00
2.390109105020784330e+00
2.389299148841058429e+00
2.391379643568271707e+00
2.393780438902022301e+00
2.396647276147700012e+00
2.400056087061562149e+00
2.399904087879884074e+00
2.401276841030506759e+00
2.403981440144119297e+00
2.406884717780809702e+00
2.406661982969405145e+00
2.407808227561896608e+00
2.410371963604929668e+00
2.411735083732288842e+00
2.410313096233043684e+00
2.407275973815541370e+00
2.404915467905590187e+00
2.402784235633286247e+00
2.402037719790844239e+00
2.402385883400885103e+00
2.403455167848379759e+00
2.404943803500628086e+00
2.406522903223625942e+00
2.408482157195204643e+00
2.408258136532810401e+00
2.408579861230519814e+00
2.409637187768855160e+00
2.410387770504304861e+00
2.409901582676113208e+00
2.408379677525608997e+00
2.407091860557798224e+00
2.406517991576406779e+00
2.406826511398859392e+00
2.407076744327819817e+00
2.406857408209851279e+00
2.407056089719140868e+00
2.407574987850158887e+00
2.407859180759134965e+00
2.409647316842102871e+00
2.412589509122947895e+00
2.415657457070698566e+00
2.418953835646965533e+00
2.422736949427719111e+00
2.426574586161638347e+00
2.430653194520939753e+00
2.433285559153767430e+00
2.434895778263587385e+00
2.435602729247583031e+00
2.434827520074644980e+00
2.444827520074644767e+00
2.454769073086673359e+00
2.464309742039338502e+00
2.473936206139195626e+00
2.483584618956618417e+00
2.493287768022479423e+00
2.503125345051494310e+00
2.513074469141548750e+00
2.523050175924013594e+00
2.533169890175685612e+00
2.543325630438459495e+00
2.553496505244102543e+00
2.563535714263193821e+00
2.573554732408169343e+00
2.583410466253161619e+00
2.593161774848312007e+00
2.602961884594064301e+00
2.612624653968990351e+00
2.622270827915004876e+00
2.631942784419289527e+00
2.641453273655323564e+00
2.651022614215491569e+00
2.660434584537198166e+00
2.669797305249977715e+00
2.679055464449565438e+00
2.688019496691336219e+00
2.696875598375714667e+00
2.705763371480204516e+00
2.714274292373709319e+00
2.722750038779957915e+00
2.731064710123866757e+00
2.739282861084337384e+00
2.747321137804786595e+00
2.755163053851091171e+00
2.762724880953184581e+00
2.770001644089640003e+00
2.777210880026255602e+00
2.784513735677734303e+00
2.791896972887981665e+00
2.799099891645329574e+00
2.806261558936768097e+00
2.813273082584111240e+00
2.820199482574506700e+00
2.826916103496195820e+00
2.833507162023237935e+00
2.840079679337564666e+00
2.846544826887634105e+00
2.852761777743948901e+00
2.858669418781220273e+00
2.864479169548209914e+00
2.854479169548210127e+00
2.844484573825252216e+00
2.834517188621536565e+00
2.824523624687138135e+00
2.814519026597532836e+00
2.804467179182279502e+00
2.794489992302192416e+00
2.784479752972551125e+00
2.774396812636961585e+00
2.764254088093109019e+00
2.754059683764718880e+00
2.743849691502084909e+00
2.733648986436854056e+00
2.723443815876127161e+00
2.713268698687640867e+00
2.703042996016765898e+00
2.692837611607757697e+00
2.682606252514770695e+00
2.672289810092820961e+00
2.661976210068884630e+00
2.651676537867586170e+00
2.641313472700048681e+00
2.630982899670180952e+00
2.620619253410803928e+00
2.610133952717765826e+00
2.599614476351846726e+00
2.588981121208397518e+00
2.578343121176069452e+00
2.567569487575714238e+00
2.556713104784980928e+00
2.545737397525469348e+00
2.534675524636166966e+00
2.523519110924473896e+00
2.512299591584389979e+00
2.501010136223070113e+00
2.489622800891341026e+00
2.478089056932096135e+00
2.466458708207044381e+00
2.454699176603202915e+00
2.442938111741664642e+00
2.431142279178803989e+00
2.419252885154309585e+00
2.407291905694186163e+00
2.395384921704453163e+00
2.383461033466643730e+00
2.371536036894017929e+00
2.359667419441901171e+00
2.347834803514568414e+00
2.335994189236820340e+00
2.324177069012742347e+00
2.334177069012742134e+00
2.344184061542669895e+00
2.354166641948997274e+00
2.364126718201291943e+00
2.374054824725333024e+00
2.383891129320876434e+00
2.393841579219193161e+00
2.403814450513732215e+00
2.413845792044738925e+00
2.423887856403191154e+00
2.433930064687390704e+00
2.443999753905720773e+00
2.454084552740951608e+00
2.464203813576982594e+00
2.474358505377939998e+00
2.484556748923974379e+00
2.494686369034003981e+00
2.504761005911693150e+00
2.514716368932798929e+00
2.524676367289834911e+00
2.534717272085500905e+00
2.544768574029978137e+00
2.554872094356009260e+00
2.564938684522761747e+00
2.575037563167798194e+00
2.585036677381523429e+00
2.595024991541529324e+00
2.605036702557018025e+00
2.615056767503168622e+00
2.625105413750999261e+00
2.635137713974084139e+00
2.645133319679706219e+00
2.655107474651986710e+00
2.665002437184832207e+00
2.674836760694408344e+00
2.684484861045100423e+00
2.694073314735802249e+00
2.703580662658815470e+00
2.712975272254308123e+00
2.722338656251283240e+00
2.731572979612369778e+00
2.740682957548415732e+00
2.749730738673021868e+00
2.758647823788126452e+00
2.767467585990263323e+00
2.776158720287008830e+00
2.784681378714962019e+00
2.793095905072914054e+00
2.801338050887255626e+00
2.809462242097725770e+00
2.819462242097725113e+00
2.829458210438762666e+00
2.839199204928672060e+00
2.848789983777649137e+00
2.858526006910055983e+00
2.867208443521854111e+00
2.875494792785241671e+00
2.883591387357541169e+00
2.889780738249362102e+00
2.893282619398781286e+00
2.896000021867633389e+00
2.897200493349493033e+00
2.897502301777860279e+00
2.896103243123425042e+00
2.894095135890097037e+00
2.891747856304012654e+00
2.888801123520747360e+00
2.884970898230791558e+00
2.880921099463045199e+00
2.877105166208733245e+00
2.873452268647616048e+00
2.870348662775995763e+00
2.867251371225397971e+00
2.864635568337376093e+00
2.862314384056271255e+00
2.859923237229973214e+00
2.858314908558963197e+00
2.856875308024234172e+00
2.855048349566585930e+00
2.852796253509828794e+00
2.851088607469901781e+00
2.850771135665706613e+00
2.851480382600750652e+00
2.852689429962042666e+00
2.854079685679675293e+00
2.855523657717503383e+00
2.859080266168224860e+00
2.863031881639590104e+00
2.866000237585585531e+00
2.868784885735705448e+00
2.869821255012089178e+00
2.871893358491149684e+00
2.872478760756128846e+00
2.872276777101734346e+00
2.872657936192331007e+00
2.873097602901972358e+00
2.872432603914260252e+00
2.872223547918412390e+00
2.871781972916053416e+00
2.871516206078458477e+00
2.881516206078457820e+00
2.891518151952966242e+00
2.901547037368579218e+00
2.911609745532102611e+00
2.921663428358923120e+00
2.931776201069595800e+00
2.941836797633038181e+00
2.951778437910773878e+00
2.961656032278709105e+00
2.971381457368567069e+00
2.981047807259836979e+00
2.990520483725258138e+00
2.999971643573670743e+00
3.009414388528811379e+00
3.018699154715017929e+00
3.027989329099806337e+00
3.037033538786036324e+00
3.045963953058681728e+00
3.054672624489812804e+00
3.062817960374426551e+00
3.070655218626294758e+00
3.078044751340557994e+00
3.085255054290951815e+00
3.092323271737923651e+00
3.098846158160344810e+00
3.104904295979392881e+00
3.110191596301999262e+00
3.114951872038373981e+00
3.119241203440273225e+00
3.123023595190152157e+00
3.126216495322948763e+00
3.128746624027574530e+00
3.130787177833703527e+00
3.132137861905635479e+00
3.133080049081529150e+00
3.133725811877197120e+00
3.134112867645332035e+00
3.134218341342138281e+00
3.134255099146294743e+00
3.133887401324356947e+00
3.133418480070008449e+00
3.132710704281900238e+00
3.131971339184229208e+00
3.130758586483206596e+00
3.129539345177954512e+00
3.128146955054174061e+00
3.126509319890845351e+00
3.124634545588255818e+00
3.122703039275819048e+00
3.120881770359821950e+00
3.130881770359821736e+00
3.140782681915902153e+00
3.150582605922449986e+00
3.160277334036863728e+00
3.169789792040873522e+00
3.179055038499834840e+00
3.187825810737388466e+00
3.196164915780212112e+00
3.203901637627093013e+00
3.210907518495976998e+00
3.217079314295751669e+00
3.222340293930380017e+00
3.226660320533517812e+00
3.229993811021039551e+00
3.232352726766468454e+00
3.233827652464132285e+00
3.234486994849011587e+00
3.234264967484441478e+00
3.233350339328845191e+00
3.231791229932616805e+00
3.229700545836529990e+00
3.227233541942339468e+00
3.224465473506357149e+00
3.221512074743591025e+00
3.218487969610805521e+00
3.215401800439967150e+00
3.212301267492344792e+00
3.209370191452033616e+00
3.206721834126639692e+00
3.204400101664792722e+00
3.202353275166666791e+00
3.200761047953452731e+00
3.199576624016479798e+00
3.198730592524103411e+00
3.198357949379364129e+00
3.198365977557187101e+00
3.198630282815067893e+00
3.199099453123602999e+00
3.199798668277268110e+00
3.200670114631806840e+00
3.201715308991881948e+00
3.202881260560410226e+00
3.204235155591552697e+00
3.205595919023707996e+00
3.206794896205185985e+00
3.207965155507475075e+00
3.209065159544963741e+00
3.210077366017980882e+00
3.210846464921139010e+00
3.211385092768230365e+00
3.201385092768231466e+00
3.192467877173602364e+00
3.183653277454632224e+00
3.178076799315768142e+00
3.174184903621998899e+00
3.171911109755096270e+00
3.171096972380224699e+00
3.171416890104938879e+00
3.172530011222306268e+00
3.173934062642916665e+00
3.177737220618233049e+00
3.181658197919253084e+00
3.185007880917767764e+00
3.187734388727119672e+00
3.188570437377815203e+00
3.188105414635296064e+00
3.187328927169618797e+00
3.185983305923128395e+00
3.184739592263338359e+00
3.183044335412857695e+00
3.181139699119190034e+00
3.180717674472409051e+00
3.181105830953681934e+00
3.182143804033930490e+00
3.181691865379014938e+00
3.182105189079823759e+00
3.181949426007311565e+00
3.182240734153908956e+00
3.182115809586225197e+00
3.182582533006742764e+00
3.182535308919437256e+00
3.183328223346955976e+00
3.183164977009717234e+00
3.180846695171450911e+00
3.177789765688215251e+00
3.175314867505285576e+00
3.173429628977402661e+00
3.172866657154116421e+00
3.173029514105252691e+00
3.173453683895761657e+00
3.174891584342746764e+00
3.176658479789844503e+00
3.178916295007089055e+00
3.180807572540792716e+00
3.182222558070284535e+00
3.183238570172756354e+00
3.182936691075918034e+00
3.181696909127679440e+00
3.180297244250799071e+00
3.179677003087725495e+00
3.169677003087725708e+00
3.159674794558805733e+00
3.149676785416953617e+00
3.139676466842582947e+00
3.129675651782124479e+00
3.119678256945182415e+00
3.109686242165911274e+00
3.099699918559875922e+00
3.089713621858541259e+00
3.079738781257078006e+00
3.069776990102728309e+00
3.059824690483056830e+00
3.049888121603660629e+00
3.039964151690928151e+00
3.030070699950850432e+00
3.020193860718978662e+00
3.010334220826766050e+00
3.000495666192442012e+00
2.990677724791520387e+00
2.980886279717812393e+00
2.971128792140123931e+00
2.961401592037863129e+00
2.951712197169699348e+00
2.942071674292190409e+00
2.932474112705909075e+00
2.922922135291794454e+00
2.913420646619929499e+00
2.903990667815274040e+00
2.894621407356950726e+00
2.885322885600992482e+00
2.876102369608573017e+00
2.866961959687169603e+00
2.857903337669632560e+00
2.848933898804189013e+00
2.840044942634251335e+00
2.831238638041444489e+00
2.822506463917982433e+00
2.813860136477408513e+00
2.805308549630912474e+00
2.796854576745060328e+00
2.788491147508836310e+00
2.780224859174589280e+00
2.772083611032611028e+00
2.764061728151507413e+00
2.756151556815834791e+00
2.748377614171498173e+00
2.740683140694244457e+00
2.733072716788810030e+00
2.725585969784412033e+00
2.718231082895725681e+00
2.728231082895725468e+00
2.738219050642253016e+00
2.748210938613152354e+00
2.758219434718116592e+00
2.768234796266460407e+00
2.778263249272208579e+00
2.788295245593114480e+00
2.798333357153110601e+00
2.808380114027252628e+00
2.818438907448875153e+00
2.828526004805302474e+00
2.838636656854795159e+00
2.848758390256730610e+00
2.858897626519183888e+00
2.869053493762194762e+00
2.879224470945894510e+00
2.889408576452664246e+00
2.899588974251780193e+00
2.909800564613263862e+00
2.920040242645230322e+00
2.930296221007547608e+00
2.940558272530817252e+00
2.950841621325139830e+00
2.961139859024666698e+00
2.971457819120318700e+00
2.981795438154917210e+00
2.992147820153484350e+00
3.002520657213133326e+00
3.012899565649103106e+00
3.023282120866846778e+00
3.033681742294145778e+00
3.044097154144687511e+00
3.054514543953693817e+00
3.064941487380870910e+00
3.075361679284582817e+00
3.085762325174519649e+00
3.096165298186071002e+00
3.106571032806276111e+00
3.116952544420584115e+00
3.127323080179363668e+00
3.137678338214639595e+00
3.148026340212331853e+00
3.158366465869241413e+00
3.168673331725741171e+00
3.178939247552392100e+00
3.189162080338900029e+00
3.199342736633830508e+00
3.209477755310279345e+00
3.219585770140926062e+00
3.229651987317584183e+00
3.219651987317584840e+00
3.209697606101089118e+00
3.199867408256850787e+00
3.190266483445852064e+00
3.180944176119450351e+00
3.172518374339989400e+00
3.165083908446888028e+00
3.158890143879812040e+00
3.154144195303524079e+00
3.151439566109570656e+00
3.150213458269524924e+00
3.150446729431765291e+00
3.151880259036329068e+00
3.154344761569143341e+00
3.157326077216473070e+00
3.160832938074906728e+00
3.164667446558186104e+00
3.168398648181407928e+00
3.172157064883470046e+00
3.175756138554750141e+00
3.178607905757295793e+00
3.180838165194979528e+00
3.182230439325433924e+00
3.182963601003169440e+00
3.183209693526342754e+00
3.182834017419509554e+00
3.181910177976752241e+00
3.180481927960640220e+00
3.178768570721372200e+00
3.177170131618563431e+00
3.175675787374431458e+00
3.174461118585006236e+00
3.173137203534863726e+00
3.171848020081751152e+00
3.170761862574997814e+00
3.169640398739461240e+00
3.168633178400535488e+00
3.167826269814599360e+00
3.167239544817582075e+00
3.166916989100519331e+00
3.166847008256830076e+00
3.167159304346340853e+00
3.167653834443419747e+00
3.168466810923217025e+00
3.169363290886070939e+00
3.170606176948756794e+00
3.171453050105758731e+00
3.172771005836013458e+00
3.173755643218850064e+00
3.174364815152201480e+00
3.184364815152200823e+00
3.194367264543310547e+00
3.204396360712319591e+00
3.214452524302859882e+00
3.224525649912170167e+00
3.234638541609426543e+00
3.244781436499063254e+00
3.254949133581032328e+00
3.265166333543335409e+00
3.275415045983197437e+00
3.285701371198074483e+00
3.296042820228205272e+00
3.306435465313855904e+00
3.316862031471142114e+00
3.327348754705765632e+00
3.337848997009869922e+00
3.348385302023124233e+00
3.358937512238286516e+00
3.369531743509063482e+00
3.380150439279165919e+00
3.390790558726684445e+00
3.401456509273135254e+00
3.412126161489867471e+00
3.422804044500645571e+00
3.433442491498822413e+00
3.444067704670884300e+00
3.454707899809611238e+00
3.465283462199008735e+00
3.475824319980278521e+00
3.486321951382041373e+00
3.496790163158259634e+00
3.507171183054346386e+00
3.517461493250968019e+00
3.527688694676287984e+00
3.537830504249921848e+00
3.547875598476731618e+00
3.557801585107759124e+00
3.567630022753572661e+00
3.577363783652642404e+00
3.586971452413744821e+00
3.596450529472404956e+00
3.605811356763284792e+00
3.615005009030414662e+00
3.624066900296037730e+00
3.632973431417645838e+00
3.641749044570765648e+00
3.650387169166760870e+00
3.658895827988285276e+00
3.667266613322475166e+00
3.675441008012642286e+00
