1.000000000000000000e+00
9.899999999999999911e-01
9.799868303305820927e-01
9.699520576605178412e-01
9.598873195110869672e-01
9.497842399065519192e-01
9.396340287487388032e-01
9.294276024298688821e-01
9.191558503274924741e-01
9.088101839252514802e-01
8.983835048415182989e-01
8.878713836974855278e-01
8.772732062623065374e-01
8.665930081729541490e-01
8.558396346675026800e-01
8.450262042111494898e-01
8.341693100807108241e-01
8.232885687826908550e-01
8.124072433671404303e-01
8.015538959130948937e-01
7.907649299497210293e-01
7.800860740027047990e-01
7.695717269149200401e-01
7.592814641770477824e-01
7.492740152676806709e-01
7.396007205536517803e-01
7.303007415883158160e-01
7.213989249180863261e-01
7.129062015911041827e-01
7.048216910072291341e-01
6.971353201779114661e-01
6.898305619494586871e-01
6.828865815167940445e-01
6.762797757212765104e-01
6.699849383299344430e-01
6.639759291677058695e-01
6.582259510056879259e-01
6.527078450228869233e-01
6.473941573002016669e-01
6.422571089144176737e-01
6.372687962559850927e-01
6.324012015350876093e-01
6.276263770846800538e-01
6.229165978857340580e-01
6.182446810088862987e-01
6.135842888309244181e-01
6.089104205788199442e-01
6.042001102602028162e-01
5.994331991796404413e-01
5.945935019912037545e-01
5.896701301370810278e-01
5.796701301370810189e-01
5.696621163056774240e-01
5.596293821746167740e-01
5.495673595689424262e-01
5.394674883894625683e-01
5.293411428135512686e-01
5.192222218097338748e-01
5.092489923801031271e-01
4.996028614971267379e-01
4.904954548407249870e-01
4.820572552989167980e-01
4.743087654633588723e-01
4.672058931359347467e-01
4.607245223762882480e-01
4.548090492567455345e-01
4.494087821395104099e-01
4.444702597611368544e-01
4.399447132131111826e-01
4.357985636277650343e-01
4.319971456695405054e-01
4.285090563331347413e-01
4.253057919592826419e-01
4.223642831842947531e-01
4.196614892297119148e-01
4.171766243016561959e-01
4.148943682981096615e-01
4.127981526963584447e-01
4.108723174079247364e-01
4.091042732245508962e-01
4.074794468712514828e-01
4.059873250302759584e-01
4.046172501349855066e-01
4.033587476976758235e-01
4.022027981631728921e-01
4.011413746654008960e-01
4.001659745653896594e-01
3.992701289790662189e-01
3.984457064744649779e-01
3.976881294541554368e-01
3.969905862027457433e-01
3.963491035717682798e-01
3.957581537824226281e-01
3.952143496855901050e-01
3.947134460039202208e-01
3.942514540588414329e-01
3.938248886095104817e-01
3.934308720858297193e-01
3.930675126379850060e-01
3.927318124093990281e-01
3.924207466373837994e-01
3.824207466373855113e-01
3.739037485958928153e-01
3.667993528097476252e-01
3.608343566671957103e-01
3.557553605172191769e-01
3.513673922504848002e-01
3.475356023979759845e-01
3.441630158913118742e-01
3.411722531184392948e-01
3.385017482314190418e-01
3.361058123251297047e-01
3.339486291620945568e-01
3.320032322628080901e-01
3.302447869541642600e-01
3.286524423624521685e-01
3.272077423554063391e-01
3.258960056139862393e-01
3.247063621760953867e-01
3.236256547649465354e-01
3.226445802241925676e-01
3.217552910349134043e-01
3.209482649178203029e-01
3.202151947557275169e-01
3.195505965508430579e-01
3.189472040716838097e-01
3.184000245525516748e-01
3.179055332216548235e-01
3.174590807461798447e-01
3.170541453456834913e-01
3.166898776257764392e-01
3.163597813115291424e-01
3.160608663336630930e-01
3.157924150743780523e-01
3.155528739365885960e-01
3.153399721195624394e-01
3.151500887295812237e-01
3.149836428142472888e-01
3.148374054408031864e-01
3.147087794301639541e-01
3.145957993518294638e-01
3.144956776630972728e-01
3.144113336865742570e-01
3.143367621856201222e-01
3.142732566567433827e-01
3.142199617057448435e-01
3.141767001893687739e-01
3.141429569198845861e-01
3.141174989024516084e-01
3.141007946145524254e-01
3.140873721341662650e-01
3.040873721375801364e-01
2.959073107950023762e-01
2.887062361927260068e-01
2.818914856307412897e-01
2.755166246330526536e-01
2.697603925016808790e-01
2.646133781012003361e-01
2.599872965225255017e-01
2.558112505004320747e-01
2.520387443763255630e-01
2.486349872875692757e-01
2.455677314452569537e-01
2.428045091081932894e-01
2.403120714357833698e-01
2.380584342499426631e-01
2.360143485346070935e-01
2.341542236659997778e-01
2.324564563775220472e-01
2.309027754140597355e-01
2.294781537172514430e-01
2.281699859588335877e-01
2.269676582974246848e-01
2.258621417512174656e-01
2.248454810509858126e-01
2.239106193390916488e-01
2.230509578113181457e-01
2.222604815470416439e-01
2.215336942149915278e-01
2.208654117269776007e-01
2.202508416689405446e-01
2.196854172678082140e-01
2.191648976796064241e-01
2.186853108856228745e-01
2.182430409166768726e-01
2.178346735984546256e-01
2.174570723291804342e-01
2.171073811748949201e-01
2.167829134405583336e-01
2.164812343288187169e-01
2.162001384056988218e-01
2.159375274174064607e-01
2.156915742209279951e-01
2.154605972451746621e-01
2.152430543767761550e-01
2.150375810152506395e-01
2.148428522758576431e-01
2.146577338684535208e-01
2.144811674891279329e-01
2.143122066069733100e-01
2.141499796388054710e-01
2.041499810298174067e-01
1.962309024038978722e-01
1.921360031488983933e-01
1.917189417905786342e-01
1.936768327189689332e-01
1.969876728635133467e-01
2.007159343464625101e-01
2.039809541937067927e-01
2.062549840181426009e-01
2.073051501376630412e-01
2.071281694197120160e-01
2.059392405257806924e-01
2.040502431719925236e-01
2.017993461344470274e-01
1.995518862336901345e-01
1.977271658254820541e-01
1.966907680960920390e-01
1.965982178382950085e-01
1.973649557912364461e-01
1.987386893448589986e-01
2.003669219961040637e-01
2.018951570250124006e-01
2.030513432090854664e-01
2.036732931618548681e-01
2.037107427026948192e-01
2.032113500306983733e-01
2.022958522702585638e-01
2.011480619638806866e-01
1.999932801790703929e-01
1.990730651281057417e-01
1.985776885692688842e-01
1.985923019535502931e-01
1.990712120695058707e-01
1.998599493659528048e-01
2.007455186230482358e-01
2.015220850408641351e-01
2.020352855738155873e-01
2.022032002644460758e-01
2.020215135494665137e-01
2.015533600184186147e-01
2.009187209989441447e-01
2.002701718518318796e-01
1.997605246644360288e-01
1.995071473829751751e-01
1.995562577142248051e-01
1.998701301171639522e-01
2.003408683669881674e-01
2.008363251391823978e-01
2.012297951277402519e-01
2.014351084949506376e-01
1.914351944474085299e-01
1.984040660925635857e-01
2.055568726572037652e-01
2.090129962247402051e-01
2.094903260167978454e-01
2.078794660519242277e-01
2.048722148407938759e-01
2.010695339753090782e-01
1.976098183015395360e-01
1.961067916961604374e-01
1.967838111739077800e-01
1.989265045997479497e-01
2.015582313487240818e-01
2.037131430921424735e-01
2.048630070565209960e-01
2.049297465640867455e-01
2.040406888944265307e-01
2.024283855221956641e-01
2.004993047587875776e-01
1.988649145375125660e-01
1.981209336227619522e-01
1.984664641006131103e-01
1.996512385018556768e-01
2.011591344306415396e-01
2.024261215393119706e-01
2.031000278919249113e-01
2.030600069195709623e-01
2.023823949475723749e-01
2.012883083833450770e-01
2.001409306729100834e-01
1.993739977749930392e-01
1.992593405542548435e-01
1.997796677187307912e-01
2.006689060340189623e-01
2.015605149076856450e-01
2.021282714684320692e-01
2.022113229661324507e-01
2.018205529801478937e-01
2.011218151285416589e-01
2.003880457857238895e-01
1.999147581254264172e-01
1.998632541387506956e-01
2.002372528012640318e-01
2.008387635838108087e-01
2.014067594781382420e-01
2.017253756794889774e-01
2.016878306152868894e-01
2.013465938709974035e-01
2.008410409203993940e-01
2.004056091903471948e-01
1.904056210664423487e-01
1.810146836093021461e-01
1.749991132385314840e-01
1.735696384936716019e-01
1.753409936424718818e-01
1.787055087148840538e-01
1.826799746742833741e-01
1.862872486852991394e-01
1.882012878089261709e-01
1.883040523684164913e-01
1.869383085221994201e-01
1.845587064538368460e-01
1.819264417417581770e-01
1.798368082518200239e-01
1.786742112705441698e-01
1.785260554096164132e-01
1.793000382910879542e-01
1.807786434298631895e-01
1.826372587326545727e-01
1.844227243844206998e-01
1.855968852943367109e-01
1.858349688908243758e-01
1.851554816572447693e-01
1.838597937765324986e-01
1.824121707719590091e-01
1.812554516017479689e-01
1.806607056688239454e-01
1.807041739083670162e-01
1.813198122411568414e-01
1.823275834951915975e-01
1.834383512670911820e-01
1.843002011705313081e-01
1.846391303452861732e-01
1.843746283688808274e-01
1.836532503790470894e-01
1.827698043809998230e-01
1.820308436685773856e-01
1.816485192160424700e-01
1.817053104372037264e-01
1.821512163978874776e-01
1.828193176328282710e-01
1.834815636749373424e-01
1.839050781023947034e-01
1.839490827697379816e-01
1.836214599834806727e-01
1.830836293671840309e-01
1.825562756479544302e-01
1.822319547552898600e-01
1.821997807002039005e-01
1.824386026577584363e-01
1.924386005703981328e-01
2.022134808430759156e-01
2.091693794955786778e-01
2.123711640249790200e-01
2.120912574564047248e-01
2.096664481998700424e-01
2.061604490276714441e-01
2.022238136386876051e-01
1.984321527945322461e-01
1.956299666743652743e-01
1.944491780659175495e-01
1.948733255826244348e-01
1.965438067878093331e-01
1.989496915772845653e-01
2.014903732657822022e-01
2.036500224723337971e-01
2.051262538525355783e-01
2.058053669426547494e-01
2.056836093431533008e-01
2.048579360486295908e-01
2.034882015536861877e-01
2.017904419383210191e-01
2.000478284032209675e-01
1.985994620565121049e-01
1.977586444834182333e-01
1.976790066197371132e-01
1.983111050219659721e-01
1.994355124208729291e-01
2.007413217321188659e-01
2.019260610886537133e-01
2.027666745264338211e-01
2.031465896018538886e-01
2.030420139278201475e-01
2.025086869246540133e-01
2.016717124854696119e-01
2.007090307720588718e-01
1.998347043573522330e-01
1.992493325834884810e-01
1.990803216730406278e-01
1.993387012212211040e-01
1.999187293857848935e-01
2.006443492338950974e-01
2.013209882490054614e-01
2.017959916873495463e-01
2.019804542167201733e-01
2.018606120601246223e-01
2.014847331670014119e-01
2.009587304489953152e-01
2.004199811174895429e-01
2.000066798236518339e-01
1.900066986121021206e-01
1.810753705670326841e-01
1.755880177339294579e-01
1.753107593761105976e-01
1.779874589100439164e-01
1.816473790062010374e-01
1.853808551193687759e-01
1.884063810557083385e-01
1.901579962961953973e-01
1.905850799168563037e-01
1.898398650679412603e-01
1.881861450390222568e-01
1.859621271190211034e-01
1.836245200503743846e-01
1.816420959747241104e-01
1.803423637444043492e-01
1.798739888941321419e-01
1.802355676326191369e-01
1.812752739815240155e-01
1.827533961763414538e-01
1.843809030580417785e-01
1.858449535974598110e-01
1.868461106102808078e-01
1.872031300799361364e-01
1.869113662715589097e-01
1.860930267872394350e-01
1.849557457386092618e-01
1.837668564076964106e-01
1.827909609869057261e-01
1.822092387506521749e-01
1.821105083886520593e-01
1.824773437333057358e-01
1.831977243144331802e-01
1.841051307566368700e-01
1.849791935601445836e-01
1.856060377263643590e-01
1.858642058305919609e-01
1.857200277472589034e-01
1.852438076011401757e-01
1.845671840140447884e-01
1.838737368993987320e-01
1.833387333183326695e-01
1.830989947200372392e-01
1.831586752804735541e-01
1.834781066122993520e-01
1.839605881865489512e-01
1.845010251363779219e-01
1.849469021266920976e-01
1.851762417278637329e-01
1.851394556160338434e-01
1.951394542429413237e-01
2.043320843804737885e-01
2.097520798915306628e-01
2.109070230145539959e-01
2.090909930488555613e-01
2.057880418480852180e-01
2.018958483809281945e-01
1.980965057946287577e-01
1.952982572910338943e-01
1.941717551325691793e-01
1.946874390317423487e-01
1.964416832121822776e-01
1.988750399493388887e-01
2.013591996835965570e-01
2.033803267890386124e-01
2.046464897778470238e-01
2.050533885755036478e-01
2.046378724146195871e-01
2.035396485068650396e-01
2.019720647368649369e-01
2.002130184156113435e-01
1.986107906160004544e-01
1.975199039650472055e-01
1.971707987373580717e-01
1.975853478884760095e-01
1.985872682441306158e-01
1.998758992826444036e-01
2.011233736026926677e-01
2.020639583717796228e-01
2.025391712708638770e-01
2.025034887527059624e-01
2.020078019585000717e-01
2.011778016843220329e-01
2.002040762686866648e-01
1.993185190361341508e-01
1.987325605198953515e-01
1.985807501290983712e-01
1.988700351199403915e-01
1.994803760429023909e-01
2.002208768791367555e-01
2.008874169581208180e-01
2.013256364674530230e-01
2.014529820417263750e-01
2.012641539901343091e-01
2.008315655494450069e-01
2.002756813815811665e-01
1.997498661245442064e-01
1.993971996094442978e-01
1.993051558752526320e-01
1.994779557022653416e-01
2.094779453062152463e-01
2.041800267734385221e-01
1.982957081939127064e-01
1.961884418885445069e-01
1.977403381898710788e-01
2.008867761267764396e-01
2.038923167501107969e-01
2.055223144571716731e-01
2.054338091291211532e-01
2.039921020902468740e-01
2.018323466094558705e-01
1.997480878276505500e-01
1.985658111603608167e-01
1.986850080230599669e-01
1.998741946894978250e-01
2.015429398106375336e-01
2.030261065690801559e-01
2.038260054545960598e-01
2.037622148562441005e-01
2.029274779785769645e-01
2.016636626505958207e-01
2.004445276475928239e-01
1.997273704516366044e-01
1.997592254060475692e-01
2.004584923025623244e-01
2.014813923397366369e-01
2.024106951089274797e-01
2.029062613766307310e-01
2.028204007481888560e-01
2.022250401605221737e-01
2.013837018104997489e-01
2.006476517608050680e-01
2.003140867384341495e-01
2.005066541615457554e-01
2.010879052711604387e-01
2.017677901345735214e-01
2.022535531300818923e-01
2.023614422694697823e-01
2.020898015618452226e-01
2.015736415744523169e-01
2.010557545445691985e-01
2.007641550135194908e-01
2.008141082495711605e-01
2.011537710599113626e-01
2.016043662183565344e-01
2.019530577484398293e-01
2.020410755569425620e-01
2.018405992011689798e-01
2.014810382055487181e-01
2.011542949454988849e-01
1.911543153461580935e-01
1.977012661971307983e-01
2.044649755316818307e-01
2.070714194112699136e-01
2.059113432091600748e-01
2.028264814779513481e-01
1.991655964923689792e-01
1.963447520046189276e-01
1.954407660426764060e-01
1.963687154686514502e-01
1.984806403237243388e-01
2.009322119403584017e-01
2.028767559248591534e-01
2.037736867415318176e-01
2.035066562630607756e-01
2.022945307389040492e-01
2.005557721972345553e-01
1.988389462290378051e-01
1.977135678111989481e-01
1.975165828508981536e-01
1.982193166436534426e-01
1.994939945042412399e-01
2.008634337081999510e-01
2.018721146710276138e-01
2.022324940961303941e-01
2.018963314374011553e-01
2.010283614044337530e-01
1.999347402923737638e-01
1.990042924607143826e-01
1.985562053298424723e-01
1.987160466261412572e-01
1.993753293011275851e-01
2.002504899714196429e-01
2.010045725148666973e-01
2.013759216365129112e-01
2.012704729250549274e-01
2.007650287674371814e-01
2.000680724202428817e-01
1.994540645872890927e-01
1.991589461231292046e-01
1.992748058843919201e-01
1.997230880377414697e-01
2.002892182364257034e-01
2.007386195061977296e-01
2.009054216369337842e-01
2.007465607956051556e-01
2.003456830243359188e-01
1.998886745444756474e-01
1.995716993749297730e-01
1.995198678960374006e-01
2.095198369585195008e-01
2.035607169482233081e-01
1.968630470689100020e-01
1.941181789173447580e-01
1.940177725898717398e-01
1.957616112562280963e-01
1.989557059671900052e-01
2.026402729568479166e-01
2.049710395246021333e-01
2.050583795315967239e-01
2.033949207542717352e-01
2.008808736813032791e-01
1.986236793281148938e-01
1.974573773625377393e-01
1.975493525057213651e-01
1.987133517813375605e-01
2.005329978751028697e-01
2.023271935609322059e-01
2.033630370871190585e-01
2.032983807984315716e-01
2.022806257296792254e-01
2.008078555196036452e-01
1.995081082247757431e-01
1.988628600393672063e-01
1.990239455378017830e-01
1.998680644399121187e-01
2.010418871698674004e-01
2.020536234513309326e-01
2.024855198723312100e-01
2.022016586974942354e-01
2.013864928583129765e-01
2.004373140982854129e-01
1.997705348644317480e-01
1.996419621664259347e-01
2.000528780681579966e-01
2.007935233529667962e-01
2.015172061045497620e-01
2.018990316969114795e-01
2.017861135824721708e-01
2.012737897839110002e-01
2.006298736894697732e-01
2.001708496487095423e-01
2.000957274125330920e-01
2.004026219573813161e-01
2.009214090520492768e-01
2.013842112277276775e-01
2.015667027275056811e-01
2.013997627221580933e-01
2.009931732843050212e-01
2.005798646154159093e-01
2.105798261720160935e-01
2.085618556161342174e-01
2.034527753674610639e-01
1.991451876996946091e-01
1.992959611684203547e-01
2.019411886309000204e-01
2.050445308578875414e-01
2.067923016312036566e-01
2.067379320678126575e-01
2.052472430202361420e-01
2.030492455220531400e-01
2.011900402067510751e-01
2.006255203363632722e-01
2.014584266313893812e-01
2.030990054327769245e-01
2.046850957769636159e-01
2.054993400001121906e-01
2.053253809240518646e-01
2.043265553072677043e-01
2.029710474376302531e-01
2.019067957142987035e-01
2.016167498449614737e-01
2.021771071826826971e-01
2.032338071679493097e-01
2.042300940072977466e-01
2.047258129646281899e-01
2.045114203828456989e-01
2.037566474642564796e-01
2.028541539236558000e-01
2.022634210254548870e-01
2.022635367593497990e-01
2.028159845240861681e-01
2.035825754455661551e-01
2.041558668689888723e-01
2.042497907977720573e-01
2.038580390044649193e-01
2.032148370580655616e-01
2.026736692484847335e-01
2.025390572862882654e-01
2.028498335837740085e-01
2.033992592821899648e-01
2.038576160921178881e-01
2.039606980396100888e-01
2.036816769578921049e-01
2.032104326372347336e-01
2.028577766494745749e-01
2.028198512277649412e-01
2.030900998332456076e-01
2.034646686710304686e-01
2.037205256889819127e-01
1.937205742655120078e-01
1.996550957461516451e-01
2.053885495470978151e-01
2.083304584259388081e-01
2.089545995954692481e-01
2.078515985144449851e-01
2.054962805185845953e-01
2.023210605404133777e-01
1.991106963906855709e-01
1.973228030467626959e-01
1.976888416359986744e-01
1.995738098236510827e-01
2.019336864296917833e-01
2.038526728471497518e-01
2.048819644345103996e-01
2.049563723158270567e-01
2.041625085397004713e-01
2.027192860502130822e-01
2.009857120565873567e-01
1.995089275465361800e-01
1.988858430719341319e-01
1.993070757936737658e-01
2.004610372438243859e-01
2.018104968176794300e-01
2.028657917540484523e-01
2.033353242981522646e-01
2.031661600489904906e-01
2.024358545677875931e-01
2.013898102712397276e-01
2.003903156756449699e-01
1.998359171315192140e-01
1.999276089925632327e-01
2.005771620163100399e-01
2.014579536412765548e-01
2.021883292463625414e-01
2.025209962488329352e-01
2.023896464843141230e-01
2.018635744094038342e-01
2.011550002400338821e-01
2.005693665666088144e-01
2.003515546154119864e-01
2.005645297440244168e-01
2.010757868905869161e-01
2.016290144236799475e-01
2.019870407832894399e-01
2.020254485233828334e-01
2.017539114470621731e-01
2.013066341542697757e-01
2.008878854021322602e-01
2.006875887479374621e-01
1.906876014275439568e-01
1.827649389199751395e-01
1.797690686061129695e-01
1.804963737706674343e-01
1.833381370232108898e-01
1.871543063081182456e-01
1.908097759535167248e-01
1.933639898583114636e-01
1.943815851091806324e-01
1.938890170392650047e-01
1.922602622003593553e-01
1.899720703492800977e-01
1.875397967969821555e-01
1.855230844377482868e-01
1.843944117549777273e-01
1.843299641263971000e-01
1.852168183957995096e-01
1.867567761816118777e-01
1.885201540074181725e-01
1.900635618469224408e-01
1.910623237569619437e-01
1.913541520720180300e-01
1.909522371534407015e-01
1.899961449828340698e-01
1.887358164019309337e-01
1.874817038200748687e-01
1.865420369784943910e-01
1.861439084391910692e-01
1.863486901919791661e-01
1.870481331872564101e-01
1.880114244968419668e-01
1.889535189494742640e-01
1.896382836963448615e-01
1.899152814703115033e-01
1.897500057856203182e-01
1.892195293437134995e-01
1.884892933118468561e-01
1.877691257760484844e-01
1.872604118820939412e-01
1.870967831179062846e-01
1.872903861028594186e-01
1.877604940930099608e-01
1.883417649779930425e-01
1.888543614159014228e-01
1.891496055334003223e-01
1.891555016458537075e-01
1.889002614894610410e-01
1.884806956917704224e-01
1.880377735791585458e-01
1.877172060398997200e-01
1.977172023423992564e-01
2.066264481784001739e-01
2.104492511848970737e-01
2.095945823289914467e-01
2.064594079414909245e-01
2.024677356619203616e-01
1.986559651251028624e-01
1.961521646250543593e-01
1.955250500430419369e-01
1.965462553489343289e-01
1.986784570830726349e-01
2.012507024261056543e-01
2.035817082142176160e-01
2.051784207261874993e-01
2.057810031901761427e-01
2.053878873271144379e-01
2.041911597198367012e-01
2.025004833937839310e-01
2.007015763117971363e-01
1.992113501658181463e-01
1.983863517228486584e-01
1.983946925870856415e-01
1.991511742658904072e-01
2.003830083229109771e-01
2.017367683441878001e-01
2.028638761979016936e-01
2.035233762209106290e-01
2.036137353827782992e-01
2.031549932242102396e-01
2.022974813945423722e-01
2.012716664637797248e-01
2.003556751947423720e-01
1.997787569338763947e-01
1.996768566011108692e-01
2.000424076261114181e-01
2.007286358305117036e-01
2.015118719148946691e-01
2.021669544580566580e-01
2.025262639426295697e-01
2.025248351713719586e-01
2.021891979081449631e-01
2.016350438545799206e-01
2.010325650232563099e-01
2.005627915348165979e-01
2.003624445540313215e-01
2.004746707019291196e-01
2.008373244795626511e-01
2.013147045434298399e-01
2.017381755493244944e-01
2.019925743129091233e-01
1.919925890654577416e-01
1.981604031270583766e-01
2.044575678591449841e-01
2.072081510373008362e-01
2.064755372194978789e-01
2.037617843100501813e-01
2.002780567927431032e-01
1.972429750406450577e-01
1.959460817513165865e-01
1.965844697225454518e-01
1.985308321992542147e-01
2.009145318832131488e-01
2.028854568775242673e-01
2.039127375377555729e-01
2.038421730668792398e-01
2.028297315357468211e-01
2.012230845757338182e-01
1.995015333603312735e-01
1.982239408742547671e-01
1.978238294158650157e-01
1.983548338613552176e-01
1.995297736996547444e-01
2.008747037521668444e-01
2.019363807508776643e-01
2.024210469306973736e-01
2.022386559303865627e-01
2.014990185464211603e-01
2.004630047698138240e-01
1.994859481466914330e-01
1.989140755753785739e-01
1.989337811458188610e-01
1.994869223020987181e-01
2.003147504141118973e-01
2.010832596696036922e-01
2.015278160596897239e-01
2.015276352221690159e-01
2.011243305671746029e-01
2.004818958856386391e-01
1.998545779859845495e-01
1.994850382767553720e-01
1.995019597753475982e-01
1.998631334514898439e-01
2.003932039227439843e-01
2.008678354273062683e-01
2.011011486336244103e-01
2.010269074163366643e-01
2.006999173527271862e-01
2.002646076107664763e-01
1.999124068174594759e-01
1.997898259003739185e-01
1.897898642339974074e-01
1.798148350704209808e-01
1.777116450986439000e-01
1.805019606115123576e-01
1.846170355650459671e-01
1.878235772453212549e-01
1.888204361442174795e-01
1.878878445211314141e-01
1.856524663186257529e-01
1.830020243148505754e-01
1.810389875325618958e-01
1.804815789045050300e-01
1.813209077938621738e-01
1.830613546686920556e-01
1.849738859389535861e-01
1.863278114315939926e-01
1.866889885952185413e-01
1.860582959852181417e-01
1.847399413990135630e-01
1.832608946427590757e-01
1.821897854939311390e-01
1.819017225182287534e-01
1.824354833022605871e-01
1.835058722103767581e-01
1.846641778573342163e-01
1.854557644867574351e-01
1.856022784256262659e-01
1.850914735245594855e-01
1.841804555195200033e-01
1.832750253303285781e-01
1.827368127389414620e-01
1.827658054660722675e-01
1.833006038087330869e-01
1.840637978678922593e-01
1.847235274434558261e-01
1.850095464369590770e-01
1.848232648513203347e-01
1.842810105017169131e-01
1.836514113542815907e-01
1.832254726347259943e-01
1.831820853911513836e-01
1.835095954664462126e-01
1.840246906729358367e-01
1.844732512028476046e-01
1.846493607594334452e-01
1.844784687786324151e-01
1.840752779597451816e-01
1.836669420742587655e-01
1.834559837854890796e-01
1.835260876533777730e-01
1.935260865980513167e-01
2.030019343784739139e-01
2.095465664782414361e-01
2.120148472755498947e-01
2.109324188495021180e-01
2.079713219336032370e-01
2.042294031688180467e-01
2.003718803013192218e-01
1.970400997927002074e-01
1.949442093703301349e-01
1.943857729729833728e-01
1.952145745840023761e-01
1.970643840902555066e-01
1.994555075082553586e-01
2.018681223719127060e-01
2.038829778565441342e-01
2.052419570442785002e-01
2.058234072652198043e-01
2.056247951554602271e-01
2.047513900408252374e-01
2.033830856508732909e-01
2.017430006169419476e-01
2.000954211203588295e-01
1.987329014818294548e-01
1.979135304584911659e-01
1.977711933441146930e-01
1.982772188855348450e-01
1.992629228594961777e-01
2.004746332586535840e-01
2.016476924399168980e-01
2.025651391889227715e-01
2.030917809045330591e-01
2.031740052225455839e-01
2.028354254593696115e-01
2.021639760194613722e-01
2.013007247796712584e-01
2.004216187208160138e-01
1.997069935613949299e-01
1.993046410288719095e-01
1.992835363615969302e-01
1.996171695213534159e-01
2.001955387543102038e-01
2.008638678878710282e-01
2.014647854558050954e-01
2.018763893177165092e-01
2.020268899607039481e-01
2.019081048582370141e-01
2.015673194199518181e-01
2.010944886308996815e-01
2.006044202743430815e-01
1.906045193872842047e-01
1.806118683270173109e-01
1.810630082240276828e-01
1.846108153845957556e-01
1.861973973414351724e-01
1.850036884784326818e-01
1.825859024145059795e-01
1.813085479875224948e-01
1.821354786969434925e-01
1.839606781679810343e-01
1.851965678570661189e-01
1.849783913646937394e-01
1.836928725184607536e-01
1.823485854926762684e-01
1.820133374488235034e-01
1.828069144321285699e-01
1.839963927112014674e-01
1.846522594785678650e-01
1.843651437790695125e-01
1.834331501762885008e-01
1.826232551733321385e-01
1.825294276199615484e-01
1.831651504829341359e-01
1.839749179300115556e-01
1.843268380858457955e-01
1.839929781025503031e-01
1.832969121935535961e-01
1.827810096746900204e-01
1.828675726046677386e-01
1.834290544138448831e-01
1.839731050205241636e-01
1.840552736019980817e-01
1.836294204760586801e-01
1.830663658345268729e-01
1.828865295690129678e-01
1.832193917065331468e-01
1.837377623974447149e-01
1.839442898342509847e-01
1.836818051916959960e-01
1.832199939172461101e-01
1.829940369009605550e-01
1.832121440435445225e-01
1.836123631111929999e-01
1.838055337399999711e-01
1.836530214601212463e-01
1.833234697788647671e-01
1.831488242489411888e-01
1.833007527839678463e-01
1.836150139528759107e-01
1.837162864166097254e-01
1.937162842446792932e-01
2.034740409754491886e-01
2.096455461979156165e-01
2.113090228021529404e-01
2.098269167910797595e-01
2.066152489823976368e-01
2.026101081514570801e-01
1.986419099804982435e-01
1.957855421651949757e-01
1.947077534257981024e-01
1.953000500451763100e-01
1.971495302852580012e-01
1.996993632696931475e-01
2.022735547437759240e-01
2.042893484784390479e-01
2.054181907648492678e-01
2.055682823580578245e-01
2.048267811199645794e-01
2.034038842212937959e-01
2.015961696074966558e-01
1.997853681198203668e-01
1.983951224396587887e-01
1.977501940831013771e-01
1.979484979676834622e-01
1.988580600988195113e-01
2.001819223399388392e-01
2.015497101197802898e-01
2.026285186303198593e-01
2.032075680043485821e-01
2.032087840110061716e-01
2.026807479302883686e-01
2.017767978728045308e-01
2.007287327200908966e-01
1.998054537323785407e-01
1.992456973416777966e-01
1.991785760567958141e-01
1.995810251800742563e-01
2.002992760307029108e-01
2.011031584296504304e-01
2.017655690537576707e-01
2.021223539328026453e-01
2.021113129027610478e-01
2.017643472845514485e-01
2.011970681477207312e-01
2.005827194172763173e-01
2.001004552261442249e-01
1.998872701417377384e-01
1.999863925970946921e-01
2.003403838202967857e-01
2.008151553107742349e-01
1.908151653019946881e-01
1.837127315384855519e-01
1.841467000991868774e-01
1.875102361687886743e-01
1.909230216117038803e-01
1.936895481130700980e-01
1.963210412914184189e-01
1.986626062283027572e-01
1.995283506757823677e-01
1.985823576205850149e-01
1.967616655363020883e-01
1.950092198506785668e-01
1.936621896538907317e-01
1.926242637332747920e-01
1.917330682783120188e-01
1.908509458783776702e-01
1.898992637995937094e-01
1.888995864814256020e-01
1.880015439549600487e-01
1.874766215480041243e-01
1.875116840167959098e-01
1.880316904239511255e-01
1.887910272838157211e-01
1.895250308971859199e-01
1.900916911114572116e-01
1.904437417411739553e-01
1.905880331898777147e-01
1.905403333993043180e-01
1.903198192944940970e-01
1.899403519508595928e-01
1.894260968796372957e-01
1.888617651746088422e-01
1.883717626410414958e-01
1.881149081076470830e-01
1.881728640346526371e-01
1.884949842206176118e-01
1.889361743340481625e-01
1.893471978255280574e-01
1.896280874806147432e-01
1.897324124911648202e-01
1.896766080002145194e-01
1.894759118713207069e-01
1.891768164599638979e-01
1.888463083240571883e-01
1.885806729564762918e-01
1.884601636646898726e-01
1.885349807428019220e-01
1.887483292502449839e-01
1.890184267329725887e-01
1.892473729921528569e-01
1.792474189349237135e-01
1.821939740043173328e-01
1.873082940073668712e-01
1.902423534980913489e-01
1.898467265716703434e-01
1.874442284248457602e-01
1.844936353461469059e-01
1.827112493493654455e-01
1.827692871760906446e-01
1.842801701249312252e-01
1.864051765602819655e-01
1.880715566142403539e-01
1.885442017404716786e-01
1.878047926992024719e-01
1.862814944662964101e-01
1.847256307030606670e-01
1.838686992367360440e-01
1.840189588979580237e-01
1.849920533368092923e-01
1.863039581692600977e-01
1.873284573858547408e-01
1.875880992788930557e-01
1.870577194200056803e-01
1.860391288480896244e-01
1.850533282080961683e-01
1.845638273212906466e-01
1.847751789486361262e-01
1.855123694976593962e-01
1.863790879901823794e-01
1.869320361606172098e-01
1.869271988191222866e-01
1.864294605844581121e-01
1.856961158777177823e-01
1.851489265896302805e-01
1.850360884148599949e-01
1.853999103444864960e-01
1.859911554897087649e-01
1.864843447570830592e-01
1.866188135990943797e-01
1.863527543611493698e-01
1.858625207932432521e-01
1.854315325206531140e-01
1.853139613875383895e-01
1.855460653330954501e-01
1.859576604485629614e-01
1.863091707718027012e-01
1.864104499165991635e-01
1.862034603607144456e-01
1.858338153361886458e-01
1.855399162841643579e-01
1.955397986935996923e-01
2.054357607880040737e-01
2.015193466431273173e-01
1.961550976041290806e-01
1.925311976608303499e-01
1.899709340223922904e-01
1.877951631320415316e-01
1.861164074596944051e-01
1.853773121492806875e-01
1.857544991263534173e-01
1.869280477043219479e-01
1.884300851057256476e-01
1.898672887106772622e-01
1.912177573273587117e-01
1.926424795346300956e-01
1.944204275938460069e-01
1.967434315556856328e-01
1.993480444935059603e-01
2.010692871168078266e-01
2.009389684274753562e-01
1.992209763705814485e-01
1.971573873001608024e-01
1.956616856964900897e-01
1.950289997210494231e-01
1.951936733903737731e-01
1.960687172759027208e-01
1.975247528617041226e-01
1.990446882217183910e-01
1.998935217617233973e-01
1.997720133164301581e-01
1.987723613330356354e-01
1.975531484455325115e-01
1.967203459763908757e-01
1.964071723613786680e-01
1.967313249688249499e-01
1.976080733739475626e-01
1.986370015434954783e-01
1.993176115694901551e-01
1.992148707890256387e-01
1.985271082182348545e-01
1.976618037901950176e-01
1.970199833809634926e-01
1.969091798231728530e-01
1.973231407661785730e-01
1.980569295608771985e-01
1.987260287080775956e-01
1.990155456141542156e-01
1.986985864168666072e-01
1.980094137094762230e-01
1.974372969072200057e-01
2.074372804486519783e-01
2.009019901045491496e-01
1.945273493334147008e-01
1.914867616451262355e-01
1.914642984670022474e-01
1.934827681639409713e-01
1.966960789278949795e-01
2.002002075573910411e-01
2.027358246240801576e-01
2.034414379490731561e-01
2.024261087882563981e-01
2.003281809939768954e-01
1.979312944993429080e-01
1.960089145177574543e-01
1.950437333875623125e-01
1.951396782460725621e-01
1.961512446728043702e-01
1.977637034129664240e-01
1.995089709866634253e-01
2.008468176352127543e-01
2.013762873035737644e-01
2.010003093369894800e-01
1.999328560731695736e-01
1.985762389357131619e-01
1.973848316511196410e-01
1.967092593888314367e-01
1.966959262640009531e-01
1.972895963797592356e-01
1.982701945371901919e-01
1.993094455533230835e-01
2.000567223730678745e-01
2.002723300200952017e-01
1.999270438706582387e-01
1.991903783770828662e-01
1.983574579825082285e-01
1.977254864876131224e-01
1.974903857607116231e-01
1.976988465619766711e-01
1.982437129554149857e-01
1.989093258037846479e-01
1.994448828718941857e-01
1.996569606604774449e-01
1.994912050913115742e-01
1.990428966827657575e-01
1.985104224561430875e-01
1.981074077909351916e-01
1.979764871441501428e-01
1.981446018980239088e-01
1.985249643860085289e-01
1.989458688443744849e-01
1.889460320730984300e-01
1.870218745212256783e-01
1.895197701657435063e-01
1.942899922833375981e-01
2.007781322471710594e-01
2.002444449005900962e-01
1.973244327743614579e-01
1.961662245479349753e-01
1.971250093329873221e-01
1.992190021530255428e-01
2.003322031332107622e-01
1.992878511338749270e-01
1.975939019971540145e-01
1.969126836962579175e-01
1.975393824165698475e-01
1.989281699445396567e-01
1.998173476242970092e-01
1.993390771387234806e-01
1.981535937056246033e-01
1.974182753861938311e-01
1.976489641671241304e-01
1.985849912534823902e-01
1.993907693237863266e-01
1.992828295844330799e-01
1.984657887589946768e-01
1.977837527534734574e-01
1.978078710318837696e-01
1.984681263514891103e-01
1.991362434599452114e-01
1.991563648399598263e-01
1.985720025427399060e-01
1.980095032150729351e-01
1.979951965027865191e-01
1.984805128367495564e-01
1.990039755627417695e-01
1.989886537842894265e-01
1.984783996329552713e-01
1.980755833941478805e-01
1.981698957037269782e-01
1.986235482443457767e-01
1.989659042662477451e-01
1.988391021953008209e-01
1.983986711441360073e-01
1.981522643170858522e-01
1.983473545000810079e-01
1.987468854840188370e-01
1.989118931004109359e-01
1.986250124159091857e-01
1.982594779961449893e-01
1.982529592074711022e-01
2.082529215795582422e-01
2.013711083475417385e-01
1.946860698545542501e-01
1.907940203486521991e-01
1.886788475693497447e-01
1.878741012594659643e-01
1.881716240448052802e-01
1.893553714675376143e-01
1.912622463756075697e-01
1.938634876124694095e-01
1.971848061793460838e-01
2.007815791371907466e-01
2.033007871510150721e-01
2.036884267726747078e-01
2.022312705777860598e-01
1.997891492929551316e-01
1.973506756932173756e-01
1.956553096695299587e-01
1.949354559875799420e-01
1.951468404202307827e-01
1.961758772359614988e-01
1.978306721882301389e-01
1.997242288062107407e-01
2.012364106056018231e-01
2.018140999250756795e-01
2.013192944425609143e-01
2.000579528249666894e-01
1.985804765108682424e-01
1.974145054761564377e-01
1.968705359569831725e-01
1.970211378017377168e-01
1.977703906504386933e-01
1.988829570745107855e-01
1.999843242632694806e-01
2.006589573556705197e-01
2.006602411792123009e-01
2.000498776102902221e-01
1.991364965717655200e-01
1.983008119504036104e-01
1.978347009586002569e-01
1.978577353732257627e-01
1.983242919624587375e-01
1.990394463729231733e-01
1.997235506228083046e-01
2.001017749377106136e-01
2.000329504236324496e-01
1.995901284701729339e-01
1.989896842721819159e-01
1.985033266679051556e-01
1.983067719963813591e-01
2.083066970691470621e-01
2.011715413605463243e-01
1.944761310183789060e-01
1.894296595584995524e-01
1.843009076890732290e-01
1.795973824811307740e-01
1.760557798478438740e-01
1.739865179668126371e-01
1.736039860489464182e-01
1.746757442394263338e-01
1.767251819157237835e-01
1.792945292468676455e-01
1.820768296393661945e-01
1.847419079592271807e-01
1.868309421748474419e-01
1.880539071240819038e-01
1.884088298957954100e-01
1.879794883683992279e-01
1.868534867768819885e-01
1.851837595140352621e-01
1.832748266262665127e-01
1.814959688069938681e-01
1.801204377066530360e-01
1.792814917846572431e-01
1.790167230805452814e-01
1.793066451194194333e-01
1.800716910645992486e-01
1.811950732083486282e-01
1.825165109121933138e-01
1.838112420786399692e-01
1.848333222330124093e-01
1.853929867541850851e-01
1.854109267490703095e-01
1.849383282421413199e-01
1.841011196903548364e-01
1.831164874249836816e-01
1.822058219386387679e-01
1.815451869882264146e-01
1.812082659792337569e-01
1.812288686868742393e-01
1.815783969927566577e-01
1.821729608344949680e-01
1.828849447595842781e-01
1.835673666363570877e-01
1.840672484417107402e-01
1.842774738033724768e-01
1.841693446350110286e-01
1.838001285270305374e-01
1.832717456940529954e-01
1.827400022142480485e-01
1.927400011745440678e-01
2.022522988302741243e-01
2.090270111046747536e-01
2.119544454279448653e-01
2.112419636751941832e-01
2.084950204962688070e-01
2.048560658276608326e-01
2.009944555341322547e-01
1.974930014348510177e-01
1.950554227027668230e-01
1.940973325885266831e-01
1.945655309749229622e-01
1.961514437900613861e-01
1.984201810581665282e-01
2.008677686001165696e-01
2.030411147095297630e-01
2.046407901947134289e-01
2.055101300112930629e-01
2.056090432960711867e-01
2.049983730011853689e-01
2.038241991273474774e-01
2.022840398186581123e-01
2.006148483221739387e-01
1.990924852091510433e-01
1.979955495323063586e-01
1.975201696692808762e-01
1.977157658062917156e-01
1.984801584991636170e-01
1.996000828066603894e-01
2.008139201340145286e-01
2.018804343966981163e-01
2.026245689991580112e-01
2.029525074938156037e-01
2.028464202277438511e-01
2.023585648518506086e-01
2.015978607777722531e-01
2.007167351328964788e-01
1.998916764379960465e-01
1.992910382864174768e-01
1.990323409920558562e-01
1.991476618864820303e-01
1.995791574044570860e-01
2.001990418866794463e-01
2.008509251131790074e-01
2.013906690916585640e-01
2.017149831719567132e-01
2.017774895899028531e-01
2.015879965175922661e-01
2.012050663772563808e-01
2.007251401159829973e-01
